-2.706904423242564306e-01
6.117407825740603933e-01
4.245663682870921551e-01
-1.742930125853958678e-01
3.243906572642998309e-01
7.437311528439809472e-01
6.248849766089124014e-01
1.417730925604092640e-01
-1.458616869140232364e-01
-8.804274565681924347e-01
9.745766231603347762e-01
-4.214259557312782789e-01
-3.230012811209004298e-01
9.062026609063684734e-01
-3.868885700487889601e-01
3.535619320481402372e-01
-6.674952415689139329e-01
7.298206740238530887e-01
-4.893049563547473557e-01
-9.395324820765471596e-01
1.373929710033492402e-01
-9.741060801183842877e-01
-4.442948179993313484e-01
-6.412079747054080237e-01
5.614094506927924666e-01
-7.604068273248110188e-05
-3.386185978814473252e-01
7.231057490517762698e-01
1.282564739090497064e-01
1.393193079825065794e-01
4.939788127133373230e-01
7.911299840327634669e-01
-1.753896613293997042e-01
-3.872138981418540293e-01
4.556748956008715989e-01
1.811697383725712207e-01
8.981803563131462997e-01
3.402125954807075914e-01
-8.901840107311682626e-01
-5.276259154985147859e-01
-4.124871743356048892e-01
3.118245741456915354e-03
-4.517993157495778789e-01
1.059603989689872350e-01
-5.580190744411652748e-01
5.038617254413597646e-01
-3.628562696590769132e-01
3.584970463288601472e-01
7.922107377714668885e-01
-4.162434441449531786e-01
4.720126866438132396e-01
-6.528880237679988152e-01
9.349002984601391120e-01
-8.187231681390583216e-01
6.828121858275904010e-01
2.755363098083083440e-01
-6.116630413384800402e-01
2.152640986891332098e-01
4.867079856857203790e-01
4.770604303841419203e-02
2.498525797028787743e-01
6.933620817437236017e-01
-4.296373655458289864e-01
-7.799730930742472257e-01
-9.881952310411341589e-01
8.044524792168976646e-01
-5.700337365454435368e-01
2.525459719349056886e-01
8.119077450238925131e-01
-3.601494291954328020e-01
1.797954050635439671e-01
-9.928193127738882406e-01
-7.346767913829503893e-01
-9.139775696613401390e-01
-8.287398865132660220e-01
3.880826464178102064e-01
1.946326627376919749e-01
9.706580400575433032e-01
-2.235253980295721643e-01
-1.327864520564545625e-01
7.409514809468780161e-01
6.959928474761483130e-01
3.159302426869698976e-01
-8.006819046373643278e-01
7.363141382209947849e-02
-4.236134146720837990e-01
-7.822989883596365157e-01
7.132866106812267848e-01
6.437808056284222147e-02
-9.348514671614898131e-01
-9.482784162762951663e-01
-2.944108950502766220e-02
4.195986035917500523e-01
6.070000749004273999e-01
-1.710350029596601207e-01
5.365360693015186477e-01
-7.807129335128843994e-01
2.319000978672245417e-01
9.939601639181476767e-01
9.100207079423539014e-02
1.978429810096635766e-01
-6.747064727224214575e-01
5.442949264864780368e-01
-3.809837879546007500e-01
-5.397798560044462235e-01
4.671210688485831763e-01
7.669813675201617720e-01
-1.657278343145711652e-01
8.006466780946230877e-02
-1.214321157419075980e-01
-3.972911148771660628e-01
9.779573125027767322e-01
4.272672184365822190e-02
-7.849913867438700343e-01
6.141552823458926724e-01
1.835706989589773741e-01
-3.349135880635456530e-01
-1.054574150042517644e-01
3.446901081615116880e-01
-1.354245623576364466e-01
-6.803298642299362431e-01
-9.377378514511913732e-01
-1.653499254479617875e-01
-8.738878412180521860e-01
6.885374045905723328e-01
8.194658229307065778e-01
3.463205270990101781e-01
-8.011582618397006250e-02
-8.125441004665034939e-01
5.001373308282324182e-01
3.997394936468874338e-01
-4.857428864503328114e-01
8.013804556744135166e-01
-8.555228437025486077e-01
-8.159143602299194775e-01
7.019556133637638862e-01
2.386543125184967806e-01
-6.474267254166625740e-01
8.020261261363519356e-01
-9.218833912871751135e-01
-9.664726907706431280e-01
6.497657915303933773e-01
8.523161449618499308e-01
2.174704055461533780e-01
-1.451912976413327616e-01
5.520867462195251374e-01
4.945568622787581692e-01
-8.907547594977962557e-01
-2.140629091919428184e-01
-4.163242949090533163e-01
-1.791590520165073919e-01
-5.023906795685735283e-01
-1.658308065892102334e-01
-5.589611571162955705e-02
8.932266146069425261e-01
4.165173874903662643e-01
-8.236294181543197812e-01
-5.720289191505669724e-01
6.611571352364526977e-01
-9.160217323348960328e-01
-7.844331827829735815e-01
-6.035606545292724334e-01
2.958959125387892186e-01
8.605905081547398083e-01
2.404951943799882308e-02
8.250814930140730752e-01
-4.962100433146297007e-01
3.734962738021085915e-01
4.238104229030226211e-01
-3.231274704833431155e-01
-3.464363632536351378e-01
1.805255700070336200e-01
9.894740987112855546e-01
7.561720056241865162e-01
5.584199933372693270e-01
-4.371391696838919927e-01
-4.328367187043167252e-01
-4.457991317595835223e-01
3.813750152498647239e-01
-8.809801456993919810e-01
-6.635295387359818609e-01
8.910203209801870194e-01
4.594595409008646048e-01
-9.313307426147059420e-01
9.738224943695275027e-01
-3.633312748257357949e-01
-4.020111687041070248e-01
2.460043689213047280e-01
-6.819634270507315410e-01
-7.608780590003139110e-03
8.697470309209354156e-01
9.720497914567949316e-01
2.615367710502767284e-01
6.106066835598948916e-01
-1.738897029828743168e-01
-7.786761350536415272e-01
3.458420339048153824e-01
-3.851685099352533115e-01
-2.089138095497444780e-01
9.211062540202239468e-01
-4.637930111400212496e-01
9.766692942087487062e-01
-4.514462265613115033e-01
-6.849791932419453389e-01
-2.272668374355122367e-01
-4.638759107171392948e-01
-8.658344618928979219e-01
-3.361298006067738875e-01
5.000514293968023605e-01
-8.540051008006579458e-01
-7.193643153221382924e-01
7.886903974303520748e-01
-5.643903288423386400e-01
-4.191260277120423261e-02
4.615997226552719379e-01
9.017130608366867861e-01
-6.467878029936786621e-01
-8.353903437977909796e-01
9.754855673895290735e-01
-3.989439984643847747e-01
5.389004457135928572e-01
-6.142843624747502673e-01
-2.741145774011699565e-01
-6.122639972988819235e-01
9.349309984853291233e-01
9.154496307747077566e-01
-2.044040213678799400e-01
-8.009609811934386148e-01
6.888122871843280759e-01
2.517085816718107605e-01
-1.347465938526803964e-01
1.243226825773888766e-01
-7.945145022489330522e-01
-4.840154960650331351e-01
6.920658756712685378e-01
-1.475848023693788758e-01
5.145112378594538516e-01
9.668485435530000949e-01
-5.318855505258477390e-01
9.660062142874332736e-01
-1.689484490119488314e-01
-2.555952855290821724e-02
6.642605348303605162e-01
2.125851054285932129e-01
-8.946529049180407256e-02
-1.935518979627688374e-01
-7.725240344976240792e-01
-4.218342733806299538e-01
4.838392367168209418e-02
2.603204643167966736e-02
-7.156348062563719914e-01
-4.250273775621877803e-01
2.370469407441206933e-01
9.226400357453232726e-01
1.690957770270955507e-01
-5.434522162694417347e-01
-6.164017427099983681e-01
8.994702687533602248e-01
-6.676861517321135420e-01
-1.138896304459187103e-01
-5.114971568828166060e-01
5.968071620628716545e-01
5.724985758571188299e-02
2.173677363552823927e-01
-1.197348389936359059e-01
