
0 92.039318 29.902977 37.468261
1 92.072746 60.788264 34.241324
2 92.133573 74.151647 29.510391
3 92.518596 76.334923 29.585678
4 92.518596 84.293173 21.350322
5 92.518596 83.967409 23.196967
6 92.694668 78.738078 28.199706
7 92.518596 78.815657 29.76779
8 92.518596 83.321736 23.749177
9 92.518596 86.315917 19.783849
10 92.576119 85.547828 21.164786
11 92.706939 84.385698 22.977495
12 92.706939 87.969397 15.587114
13 92.706939 89.715197 11.150803
14 92.706939 91.118084 7.473865
15 92.706939 87.573339 18.229673
16 92.706939 87.178525 17.72768
17 92.706939 89.771661 12.764249
18 92.706939 87.993588 18.344263
19 92.906939 84.412532 20.766262
20 92.906939 78.366642 29.490213
21 92.906939 82.644701 21.823903
22 92.906939 83.920453 22.742124
23 92.906939 82.589887 24.140783
24 92.906939 86.00232 19.590583