3.834420348625702246e-01
7.408842828580686213e-01
-2.512444523781678374e-01
6.699439329514218500e-01
-6.528732726863970548e-01
-1.099138473173100206e-01
3.608372123747609628e-01
-6.405300054140106170e-02
6.408286331010522030e-01
1.872535338308707331e-01
3.985371183646588822e-01
-5.482261779826729242e-01
6.433112212965919063e-01
5.475931842020638207e-01
6.087576234562672717e-01
-1.129961314951530849e-01
8.962421891461209711e-01
-3.490288186413088578e-01
4.084167200251189733e-01
-5.747078515095189744e-01
2.438060809548741048e-01
2.995955282384177298e-01
-3.008029651838786123e-01
-5.092576345335411148e-01
7.318530865114121209e-01
4.928933338077212678e-01
3.086653427209533618e-01
-8.177620740025517421e-01
6.098334213341758403e-01
-1.108451832700589890e-01
-1.259990217961393100e-02
6.759865813699181825e-01
1.172448468531499532e-01
-9.381597523910767400e-02
9.835809805874200507e-01
-4.514747644135370663e-01
-3.170125403748071946e-01
-6.297810814393094425e-01
-2.842608287076284768e-01
9.109970526958270920e-01
3.624257107526751565e-01
3.149978844604106598e-02
7.271237534478651732e-01
-9.001892437469343200e-01
1.291266940661268681e-01
-6.661033349162766015e-01
4.748832431582012958e-01
-6.826955122308147050e-01
-1.305021803499228916e-02
8.466359849488063194e-01
-2.916271338216536169e-01
-5.049229624155422425e-01
1.534553239620835008e-01
3.060517241334936855e-01
-3.537804091630254444e-01
5.357140045080595048e-01
-8.314245567917466495e-01
7.911353364287010415e-02
5.193907790543350611e-01
8.610139585569323017e-01
-2.074039065713573216e-01
-8.305684761845835151e-01
-3.182098478871089320e-01
-8.620583424676020456e-02
-2.372227132175575015e-01
-8.917651016421825894e-01
2.566857797460819768e-02
4.478092950184173748e-01
7.961665288610064728e-02
-9.627765469529387943e-01
-6.605847164928464466e-01
7.994873207662620551e-01
6.546969351985776342e-02
-5.994467430619081494e-01
-4.572564137995345224e-01
7.846097181308411272e-01
9.594674565075849149e-01
6.278997210322734279e-01
2.457744713192624442e-01
-9.798861437770916005e-01
3.114433140549541790e-01
9.893777184714638295e-01
-2.459233452321838431e-01
5.685893767545178168e-01
1.938794679441762092e-01
-8.220803046799991520e-01
-3.375705112856592915e-01
5.984762133102150550e-02
-5.835791200920614763e-01
-1.776109115694468610e-01
4.755620187921043573e-01
7.894968778640563123e-01
9.825690107223314929e-01
-7.350958038867110300e-01
-2.597752356379758876e-01
6.908643226420927430e-01
8.802805536722055901e-01
3.172528117984185769e-03
7.449521903465694539e-01
6.578901742292400101e-01
8.344025158828909383e-01
-9.825362998834918926e-02
8.983588424496198321e-01
-9.187430857515233029e-02
4.500126350682358556e-01
1.735353867460860400e-01
5.603840535586712690e-01
1.154457039360081705e-01
4.053513981038061598e-01
-9.283137556525231648e-01
7.457738395057362801e-01
-6.630976342675347635e-01
1.006066927539381872e-01
1.339283051137707403e-01
-1.541524909716922576e-01
7.185667283451053766e-01
-1.052495702280800138e-01
5.268406522929849345e-01
1.805422805458527513e-01
3.704530332197770726e-01
9.271252228708795062e-01
-2.885554139497759074e-01
-2.920297789775110342e-01
-5.703759058968960183e-02
-8.439196770121439872e-01
-3.561200940078721455e-01
-6.064855370099511145e-01
-2.469417965512892277e-01
-5.568860146165335312e-01
6.940395664646974438e-01
-7.159905401437858252e-01
-9.944105715282069990e-01
-2.570315434466425852e-01
6.648824836187798848e-01
8.913651341313710841e-01
-3.475906113916378271e-01
-2.726050845766301300e-01
8.285011597418903140e-01
-8.818442313385077558e-01
5.002064640808789875e-01
-6.546454516726232242e-01
-6.487535101859485120e-01
-2.491136337227111142e-01
1.046592711297873457e-01
4.425451871467223075e-01
4.013555548844953691e-01
8.338123771612908630e-01
8.536371303980267999e-01
-7.274134510025445088e-01
-8.689661061350575366e-01
1.827312633477062853e-02
5.732387812103179048e-01
-1.135652630261823059e-01
-4.320332327120848248e-01
2.820941979888433870e-01
-2.642662156841484311e-01
-6.183090722310442544e-01
1.166478219707722808e-01
-8.746630774308770118e-01
5.582875534399753814e-01
9.532291392263823049e-01
5.313303253772938550e-01
8.383886771283717287e-01
-9.853800419910907493e-01
5.041981703469280429e-01
-2.984697040170789517e-01
2.609144567569774420e-01
3.963502486565906313e-01
9.836167229158210290e-01
-6.680798022987981533e-01
8.252751300720864158e-01
8.444337221861031306e-01
-7.273292433228784049e-02
8.008287885416343066e-02
-8.056357433553811287e-01
5.692918228402017444e-01
6.502586559687228984e-02
-6.832511887431682585e-01
9.771520385979952650e-01
5.188715323920183309e-01
-1.542604226525843281e-01
5.133901544787999871e-01
2.543327760719076291e-01
3.603748377461228891e-01
-2.910266098607505736e-01
-1.904438394371399390e-01
-4.433484416729336353e-01
8.847838832307353130e-01
-6.682539768034962968e-01
-8.267933836471423881e-01
-1.616713627308370427e-01
-6.106988159606605571e-01
6.117226330440201920e-01
-1.441290910237436051e-02
3.678942988279441106e-01
-9.600491463465399278e-01
5.773469916778042332e-01
2.135398095880896019e-01
-7.756276649582893867e-01
7.938339401951843843e-01
3.565035198232104907e-01
-9.827440372651015110e-01
4.090899903237421587e-01
5.771878285583278423e-01
9.365035973059869789e-01
6.813467716145953368e-01
-5.601041473057744025e-01
8.964882407159584510e-01
2.039937084501566300e-01
-2.812468376967443007e-01
-1.223661541662046659e-02
-8.403088991876346281e-01
3.173057765424032173e-01
7.199963502490362988e-01
1.432963177990009829e-01
-1.987268406554343336e-02
-5.491097434043705761e-01
3.903676902327997134e-01
-7.647870761180388666e-01
-6.549642097706753763e-01
-4.597263521568937250e-01
-7.591437841159895950e-01
5.571864712457568203e-01
7.155514793311170685e-01
-2.242670162889826013e-01
-9.279865640547679817e-01
8.097010405952802525e-01
-1.423133579225965839e-01
9.376266479872561455e-01
1.815987914368384359e-01
-6.049582853403330240e-01
-5.969175241914956853e-01
5.289061291299370637e-01
1.077983161469271423e-01
-2.756008817900064134e-01
-1.999329462282251058e-01
8.641863065805885924e-01
6.361537189163362083e-01
1.001377117190180854e-01
4.036276175727406823e-01
7.841919043416480939e-01
-7.726437436840916106e-01
-1.954039986608728796e-01
5.387084731192717246e-01
-5.474598075958543308e-01
1.690085150924325319e-02
2.410999145907390950e-01
-2.270791714146274121e-01
-2.542910359808749909e-01
1.071903039863868479e-01
1.260323861351675401e-01
5.227512202615640646e-01
2.029157072800096273e-01
9.701306901547408490e-01
8.314730045983578233e-01
-3.179237511062991128e-01
-4.575974083384879432e-01
-2.720724689287468134e-01
7.033537230745547930e-01
2.625798915022805602e-01
8.265250627310056775e-01
-6.003671350896353509e-01
-5.441499219318526315e-01
6.784994850910261999e-01
1.043074938358290460e-01
