
0 62.413309 46.107862 15.719881
1 62.732618 50.5246 14.578969
2 63.362326 54.11774 14.355551
3 63.362326 53.593114 15.331449
4 63.362326 53.073693 15.498053
5 71.159919 52.916058 16.671644
6 63.00495 58.196526 7.82646
7 62.651658 57.049492 13.849253
8 67.995633 55.018983 17.046192
9 74.165095 55.789778 14.479861
10 74.165095 55.596907 15.040696
11 74.165095 57.719982 10.100544
12 70.569107 56.34147 14.311406
13 70.569107 57.682503 11.839964
14 70.317078 56.294725 12.646448
15 70.317078 57.183167 10.150579
16 62.383176 57.954386 10.987797
17 62.383176 59.447335 5.533826
18 62.463176 55.430828 15.443962
19 62.463176 56.950306 11.359987