8.296526265626293917e-01
9.665545115129532405e-01
-4.266576220468720759e-01
5.164101628571831082e-01
8.264235705912170715e-03
-6.907579741403631068e-01
-8.442401367859269090e-01
-4.081045561958362988e-02
3.107877355729293800e-01
-3.563079477534911721e-01
-4.068504423289758254e-01
2.833105826540376349e-01
9.524922293954585228e-02
-1.581860577096647624e-01
5.352493188015516878e-01
-9.961717755398356022e-01
-6.031008235368711112e-01
-6.207777779310110766e-01
3.893741454674877200e-01
-7.972694544873988320e-01
-6.520042548237252600e-01
5.789091277742126618e-01
7.780092935714211233e-01
8.535189010777655128e-01
1.644346461597174791e-01
-2.225746734453137865e-01
-9.552440638050132549e-01
-7.182945542454504118e-01
2.026009275507683061e-01
-6.721047538656124143e-01
-5.805011783987541474e-01
-9.864388135301238592e-01
-1.569596645746325070e-01
-1.746106577326960174e-01
1.404513619960825466e-01
1.550609976888361885e-01
-7.417342268763866819e-01
1.069435018359095046e-01
-4.798741726762534299e-03
7.238242944587769401e-02
6.171861734151355972e-01
8.793709841539576466e-01
-8.322474529616095129e-01
3.634457423703543189e-01
1.213240171054423833e-01
8.098025683807614783e-01
-6.700333306135133338e-01
9.195318401541106024e-01
-8.014550210475379632e-01
6.079059173702887620e-01
-2.306787020945555433e-01
-9.739021752537533327e-01
4.215777855475588698e-01
3.015700925417723610e-01
-3.343074185563450484e-01
1.596530714362744963e-01
9.707343668648014123e-01
-6.537877007679235852e-01
8.792765542508713672e-01
7.911108552309524811e-01
-1.618199703356570929e-01
7.209023230319311359e-02
6.471485584535474622e-02
-1.290962049915056475e-01
-8.525983988726970608e-01
1.847303058350870941e-01
-3.876615049217622122e-01
-4.851287900019174426e-01
6.912958608953545525e-01
6.751661283908707567e-01
4.588348238534425416e-01
-7.522254135126762442e-01
2.798495283373103604e-01
6.238346057610042461e-01
-3.964836108679883342e-01
-9.849855492587742400e-01
-9.233690320477649927e-01
2.793740042296413151e-01
-2.368540103035259303e-01
4.193301565155835853e-01
-4.056363591237381883e-01
-3.879882410992989694e-01
1.240930266834900930e-01
8.097568014137490611e-01
-1.978881414948159279e-01
1.204118101549731534e-01
2.672203486947972717e-01
4.164817049140223659e-02
-9.254310835259229595e-01
6.529868014451001290e-01
8.062622430544483798e-01
8.858598601417919660e-01
8.832929937378470875e-01
-1.937791610423911237e-01
6.491782077738543766e-01
2.457730403049795953e-02
2.271160975866304277e-01
4.675703231440504481e-01
-7.213225329812233966e-02
-5.821237539211827627e-01
6.059404074581458133e-01
-5.364696194550282460e-01
4.843899099004389530e-01
1.034159138214496565e-01
8.205000687733554621e-01
-8.560126874490081583e-01
-4.849394531408839359e-01
8.830739127583806525e-01
3.320295704615989774e-01
3.200375587176318426e-02
-2.538153398328271138e-01
2.875508971122253676e-01
-5.575443626514606787e-01
-5.856821230778952447e-02
-1.041926101033308072e-01
-4.759160804419917401e-01
3.943629708924634159e-02
-4.389926101823000693e-01
-2.834245974086657682e-03
-6.129141888625428969e-01
7.204061968055435194e-01
2.929505814036927891e-01
-7.335350168320031727e-01
2.775378178402254647e-01
8.609765497742791762e-01
-7.965899675471281860e-01
-4.070656629886495459e-01
-2.583104640298723442e-01
9.687432034184175755e-01
-3.845367416692497819e-01
1.442102502836086764e-01
-8.039253032793276521e-01
6.035394546685388661e-01
8.745799065758541602e-01
-5.011926538396196396e-01
