-6.901679388757657740e-01
-4.920716191291802932e-01
-4.418784588585404904e-01
3.019552350166188059e-01
-4.283760971163692588e-01
8.217936355301698192e-01
8.309330112689115033e-01
2.657955234221063279e-01
-2.463304015769962607e-01
7.647294020303858630e-01
-5.114397100884098268e-01
-5.425226690679811892e-01
-3.825957441907199552e-01
3.473956643784188447e-01
-5.054326514690108407e-01
-6.899865257683925890e-01
-6.393129142516313923e-01
-1.229027649725833449e-02
-7.209234849867485195e-01
2.549783933714742101e-01
-6.324186546146339793e-01
5.690068649078929841e-01
-9.280614191011185010e-01
-9.527555502736442250e-01
-2.683679455399061720e-01
-6.776344719021685226e-01
-5.835611595346299474e-01
-9.321942138589658366e-01
-8.164530890492334159e-01
-1.057249225500203060e-01
-1.819154826175339856e-01
-9.850396604384423771e-01
2.001835570188796876e-01
4.669838706044884269e-01
-5.882485407979933800e-01
3.224523140766746288e-01
-1.833335688922235196e-01
6.362924434156118636e-01
8.219147223377263334e-01
-2.704403695881383296e-01
6.143989158924776373e-01
-1.290979238743714674e-01
-1.432934918801038737e-01
6.462378125339005575e-01
-7.498796603742630129e-01
3.096571717661544820e-01
-5.296400997955488243e-01
6.787612345594964403e-01
-3.481656013807308270e-01
-8.926588601254483724e-01
3.006184649443488510e-01
4.578041418749627667e-01
-8.713100354978067230e-01
-9.378470672979997147e-01
8.110628653035021340e-01
-7.730707855773073511e-01
-2.377089780980368161e-02
1.169199430103524673e-01
6.240076494906623417e-01
-3.559341376296352166e-01
2.781857320609755213e-01
-9.421067080891174506e-01
-3.709199921974091207e-01
4.993863163534266736e-01
2.356506125067450164e-01
1.250929808271179500e-01
7.364161119399292854e-01
-2.914843160342481809e-01
-7.202394965850276165e-01
9.406178320888016753e-01
-6.140298598024109822e-01
3.928164364286215182e-01
1.484300611364430811e-01
-9.964013595328502504e-01
9.008462970357979938e-01
-1.491045132400801165e-01
-3.902628190166186339e-01
2.645634408554087269e-01
4.444754774996462210e-02
5.417491296376186760e-01
-1.740273695500322848e-01
6.815217600451817237e-01
7.919032316547633954e-01
-1.720218828939550360e-01
-9.264123777072001964e-01
-5.069123167041997835e-01
4.776387013228413636e-01
5.179723340996746916e-01
-5.430197935714768942e-01
-7.676883787171719931e-01
-2.388817924668695802e-01
3.221516345040156271e-01
-7.389281597077312913e-01
1.084583135088397210e-01
3.065921179401291941e-01
8.190475104071581747e-01
-9.437198838766942544e-01
6.038304238745373365e-01
3.099998274912616480e-01
-1.838496813354690840e-01
5.771549329865488520e-01
5.652888408590206470e-01
5.234988602443741978e-01
3.311217653793492310e-01
-7.793051149118084275e-01
-2.822859605867868993e-01
-5.144524146102980033e-02
1.384220843562400383e-01
6.199046337090776682e-01
-3.580641257627674712e-01
-1.982503348451669645e-01
-1.096719526624534424e-01
-8.227335548262930676e-01
8.129312436900062444e-01
7.547382301427758566e-01
9.169916915047511274e-01
3.917216815758952642e-01
3.648173973511912305e-01
1.119700905785312450e-01
5.627078906144844517e-01
-6.092891380203786511e-01
8.905975806864701028e-01
-3.316004704615882481e-02
6.409840447418060361e-01
3.895332449631252469e-01
3.311407438533597869e-02
3.650096661644637308e-01
-4.192214213012821489e-01
8.297141138135191163e-01
2.840930438754019072e-01
3.824638075499153800e-03
-3.789604208598398305e-01
-3.819776306020665757e-01
2.646988591383123701e-01
-3.562619623658693779e-01
2.831782155068247597e-01
-2.119748521047011280e-01
9.640991995955023874e-01
4.465495303575996999e-01
1.986938069128028062e-01
-2.752245550977576727e-01
-2.787040737368120524e-01
-6.952576181704630542e-01
-4.920584176155720080e-01
9.018387383139248037e-02
9.734824582334353771e-01
-9.234944757311320807e-01
-2.038927752116066472e-01
7.622769617285489741e-01
7.651201258316580045e-01
7.151519145093589991e-01
2.666106343108161081e-01
-7.365078899532973011e-02
-2.077810576475322968e-01
-1.000687961930910586e-01
7.898994098148437448e-01
-3.954613839210434634e-01
-2.271097473338790085e-01
5.122567298289231186e-01
7.336971441540804939e-01
4.949963174725402482e-01
9.153534439920889554e-01
4.536820510798380557e-01
-6.394482152172225042e-01
-3.935395982622846844e-02
5.575801048595541154e-02
9.710167109291369947e-01
-4.937926735265170120e-01
-3.280117451137787299e-02
-2.383083308321747307e-01
-8.761214698707915360e-01
8.829323665636097385e-01
3.307942833651875691e-01
9.224385121989864267e-01
-8.133301330866982148e-02
-2.465670279161940037e-01
1.245581890023341742e-01
-7.766268665154458795e-01
-1.087922553021205552e-01
-5.424092993550271302e-01
9.872127588767063422e-01
4.957969598593163774e-01
4.953111488565964393e-01
-8.880630832480629344e-02
-1.870733837529399146e-01
-4.045799978038597811e-01
1.395088662165884230e-01
1.261336238027006562e-01
-2.379293868288157032e-01
-9.343113804592149130e-01
1.145578535361209127e-01
-2.887389061975158544e-01
8.499256835431800994e-01
7.731533656499109952e-01
-8.934510283082388593e-01
1.765301250839417246e-01
7.395709108169756796e-01
7.553659440163154049e-01
5.403529162510984918e-01
-7.720722965464277276e-01
-4.166660021891961385e-01
9.452693858419067841e-01
-6.992632757804093657e-01
7.551205212689100499e-01
1.908003557014099627e-01
-7.578957822082703633e-01
8.236884657797971521e-01
-3.311895455144764355e-04
-8.377860465540609702e-02
-6.422871446168882947e-01
2.661795096371943892e-02
-4.474308393631725167e-01
-1.286967291822154191e-01
4.519170774574270411e-01
9.777818636415536169e-02
7.127334915045839825e-01
-6.089873534055878501e-02
8.148175148790093303e-02
-3.324522318149663036e-01
4.688224781323850898e-01
-1.853017939051067042e-01
7.859919033297235735e-01
9.207889481336446469e-01
9.183905685643316552e-01
8.376900690716420073e-01
-2.820524853992232295e-01
-1.357732000800127015e-01
-2.408922922069209882e-01
8.311475803851475774e-02
6.264029371098376320e-01
1.329653456190080796e-01
-9.475852508233384430e-01
-7.098026304610607351e-01
8.319999220333380574e-01
-7.840537068334392234e-01
3.265931852454120321e-01
3.188572339147830448e-01
-8.741681499605407080e-01
-7.392273642491142827e-01
8.252345681586670256e-01
1.259744941685940756e-01
7.981405912586001516e-01
-8.118194494398456307e-01
6.379542884179363327e-01
4.495263519634564719e-01
-6.243338356548377988e-01
-4.710861486556756628e-01
8.575238474888169371e-01
7.279376665012307068e-01
6.153574401517145631e-01
3.747864973460122151e-01
5.248371379144392002e-01
-6.848470891444020658e-01
5.370051384703717900e-01
1.815358251995742300e-01
-9.669735860807104899e-01
3.669055001286880557e-01
6.458694917537359803e-01
6.560154563487978763e-01
2.693253827897410524e-01
9.317506138322977360e-01
-3.738549825355994560e-01
8.550109304022774914e-01
2.460074907143128264e-02
-6.319731950888840544e-01
