
0 74.751245 46.169396 27.036314
1 74.751245 53.266984 23.625213
2 74.601523 49.429055 25.458084
3 76.853155 55.349894 19.352037
4 76.853155 47.684414 24.960507
5 71.954051 49.708097 22.819083
6 71.954051 56.590883 17.307991
7 71.954051 53.702351 20.527278
8 76.007572 48.728119 23.019805
9 81.527701 57.727659 14.599577
10 81.873857 51.753661 20.410418
11 81.873857 52.601781 19.542962
12 76.10263 50.216829 21.084972
13 76.007572 51.976319 20.272111
14 76.007572 54.36243 16.179502
15 76.007572 48.793123 20.455751
16 76.007572 50.168872 20.9551
17 77.934516 49.954593 22.058829
18 76.007572 52.338938 19.417401
19 76.007572 53.219437 16.755245