1.240368253285291100e-01
-6.199059356257603515e-01
-9.578434250962393204e-01
9.205826259088758512e-01
-7.333422321037019742e-02
4.193549479102660626e-01
-9.533923579213827715e-01
4.458270872928038475e-01
-4.953950542759155695e-02
6.294488224259193743e-01
-8.014466534895552385e-01
-3.007765413485279371e-01
8.815435164315976735e-01
3.189712274407821013e-01
-9.846817514434054175e-01
-2.071515206132965581e-01
-6.727991317334660604e-01
9.245002263961781264e-01
-6.164822523219002370e-01
-2.404648231685235782e-01
3.169832850581619788e-01
-5.876133775850442831e-01
8.629967468634047734e-01
5.585023270310904842e-01
8.860349561330311818e-01
-7.483514701179949657e-01
-5.428558173661486297e-01
-3.068548683082594764e-02
-1.063011256374091218e-01
-5.894917231287415404e-01
7.157893203696261697e-01
9.913656782833348835e-01
-4.223908865649554922e-01
6.828567728458239117e-01
-3.230034704856739047e-01
-3.662336593287696118e-02
2.229574366800310958e-01
-6.865636941384281045e-01
-1.013627592706147773e-01
9.601055452362079468e-01
-5.748078902344078145e-03
-1.410862768989737948e-01
-2.031755910982591118e-01
-2.793669540946972507e-01
-2.520217535702999889e-01
-1.822810328535218183e-01
-2.341395886457098285e-02
-4.131617351977590058e-01
5.856780374468542050e-01
3.885963814536992356e-01
-6.219278695008487734e-01
9.628566947040102519e-01
8.738397350840261257e-01
-8.992462657980051510e-01
8.965500359419165122e-01
-4.386105869075167529e-01
9.975606980854363481e-01
2.973119970169448845e-01
-5.137625987846077269e-01
5.619687446913377293e-01
8.708055606396321036e-01
3.432670435673121911e-01
-3.041069618914435946e-01
5.647240978020566793e-01
-4.107250922731771059e-01
5.378142045119058690e-01
-5.724006592874142374e-01
-4.451960755279158466e-01
-8.712298983734356739e-01
2.966702145686055392e-01
-5.720589176009467369e-01
6.470123983349691521e-01
-6.918153407853040449e-01
5.539782083869768670e-01
7.794508024775566035e-01
2.464860912414528205e-01
2.920320801961004964e-01
-1.984910354945217392e-01
8.883269110175580074e-01
-6.461941091050260599e-01
-3.356922046664205794e-01
3.784996204537138809e-01
-9.534418708610656878e-01
9.477554264210037438e-01
-1.469213961997586360e-01
-3.565005150594493522e-01
2.400775484086390410e-01
4.707582812500223923e-01
-3.380358157777212380e-01
8.799454893205416184e-01
4.135558082743262531e-02
7.355145482196236983e-01
3.298419717995784151e-01
-3.631188007611962920e-01
-8.304192691005927163e-01
-7.762023918582841020e-01
-6.714043905815310076e-01
-8.452328277891603125e-01
3.562830191351444853e-01
8.979350148267442044e-01
8.363220067813896819e-01
2.434342018647250860e-01
-8.393811822679553281e-02
9.736397785097645752e-01
6.825752878966464543e-01
2.240323762729403700e-01
6.914876467191155562e-02
9.172312329479734849e-01
8.562200736078511287e-01
-4.752085170295108352e-01
-5.289141939649875113e-01
3.984885071615118513e-01
9.627817203043815830e-01
5.299362794455046988e-01
5.744017981715487942e-01
3.890887396167681533e-01
4.008593468097803036e-01
-1.609895110666004214e-01
4.533285092051015930e-01
-7.418129760767677716e-01
1.526983144890448063e-01
2.650804676036591090e-01
1.010546833990466631e-01
-7.286148125371587625e-01
-6.352712804523139578e-01
-7.509539458422027636e-01
5.148946509248324421e-01
-8.558059248405991415e-01
-6.195910297108304654e-01
4.250766876758991231e-01
9.438621758987855159e-01
1.348045574520453371e-01
9.359559665596384193e-02
-8.553836046337210952e-01
-8.979187078929962151e-01
5.240525140404581617e-01
1.995503603619392941e-01
7.692249852991261960e-01
1.002700835551171288e-01
2.027027553831033391e-01
-7.223538109237921390e-01
-7.067205129058642399e-01
6.309224193158413652e-01
-9.702722671929213671e-01
9.487632302871329415e-01
1.621791736622801849e-01
3.993805446303160256e-01
-8.366345722026442555e-01
-2.357228027682460869e-01
7.832008083706907264e-01
3.700732704317877264e-01
5.524241990992180273e-01
7.543894156883521607e-01
2.214312372385589534e-01
-6.220826590395409639e-01
4.370800837207904355e-01
8.929868015707216333e-01
-1.872464056365656937e-01
-3.798303374947611388e-01
-8.295529855604246716e-01
6.710036605256850528e-01
-4.800145777219906318e-01
4.870472156628335991e-01
6.989149056251635628e-01
2.330196729653222221e-01
-9.893274290697307016e-02
9.742972942231165057e-02
1.942160277427869008e-01
6.418791758904198730e-01
-7.607409804662736974e-01
7.418138663393809562e-01
-1.268019207239312607e-01
1.429420552687090673e-01
-8.175755267997761866e-01
-6.234378533446924830e-01
-2.702026732857938374e-01
9.286965818140018314e-01
3.608277436267126603e-02
5.918198198785498132e-01
7.948972227391370993e-02
1.566442349449943539e-01
-6.334379445174624923e-01
6.897159240554500137e-01
-4.404448075555766895e-01
-8.712903659560733427e-01
-8.086594045473538550e-01
-2.589086315833004637e-01
-1.173317405773075528e-01
7.058898413115444193e-02
9.260388656450468936e-02
9.400582233981729097e-01
-3.213345909583500415e-01
3.479155945663188199e-01
-2.698717260813008334e-01
6.408073414982118354e-01
3.441962223184285019e-01
7.197196214321675001e-01
6.915212581166620964e-01
2.426803716884193829e-01
-2.641229832894409491e-02
-7.705839844123074656e-01
-3.516993303981006402e-01
4.971229121009774765e-01
5.392378349629693979e-01
-2.215664415876033022e-01
-5.467776287275349922e-01
-7.130554208485551104e-01
-4.372889498821175280e-02
-1.599151071827162873e-01
1.331223929959892693e-01
-7.859355852172589252e-01
-8.320728892907727214e-01
-5.450757295991721652e-01
4.726729278560215519e-01
1.777411103263806247e-01
5.313697256730880447e-01
4.624880352277580542e-01
8.372297684711158539e-01
6.766751748483847972e-01
-4.608661757191412356e-02
2.465378749649944634e-01
-5.939591741859866492e-01
1.428184949392019565e-01
-4.028021257938441124e-01
-3.943628069322253626e-01
-1.785658536047827205e-01
-5.640888478752954516e-01
7.883757389137304727e-01
9.995081253056641302e-01
4.092856236582598228e-01
-9.136689327458640264e-01
4.347471237503093278e-01
5.381903647961372439e-01
7.392266672419018914e-01
2.488007878150659824e-01
-1.444160202486366451e-01
-3.228139963497562714e-01
-9.274279872047135331e-01
3.128257689755167270e-01
1.286144630200771743e-01
1.983138519080314133e-01
-9.652521063660841616e-01
-1.701863298903723010e-01
9.817389702989982592e-01
-4.485505858843086280e-02
-9.324284763689059119e-01
8.649156045905204149e-01
3.895034374397547960e-01
-8.314217432874173586e-01
1.343883454258016918e-01
4.226451814699014875e-01
-9.532710036012526089e-01
-6.774245230145090613e-01
-2.958525883342399965e-01
1.099160791950772875e-01
3.325224369798744917e-01
7.721584021067351422e-01
-9.438058422596171670e-01
-4.280944475290338058e-01
-6.621679621588218989e-01
-4.401357308016868863e-01
4.554241200777571219e-01
8.016194074896232369e-01
8.995612010767251032e-01
1.780949993905656115e-03
