
0 62.22834 60.753541 4.112033
1 62.479384 60.774043 4.466241
2 62.432757 60.567352 4.576249
3 62.479384 59.925346 6.266153
4 62.297945 58.752316 8.387741
5 62.333309 59.48448 6.364437
6 62.399384 59.473784 6.869652
7 62.382995 58.075555 8.595353
8 63.920475 60.374844 4.562634
9 63.920475 59.88244 5.006544
10 67.991986 59.32864 5.93045
11 62.377945 57.982923 7.849827
12 62.303931 58.568891 7.911615
13 62.194196 59.508885 6.194612
14 69.853137 59.565523 5.603788
15 62.437945 59.43123 5.81566
16 62.432757 60.146884 4.216073
17 62.432757 60.420852 3.138754
18 65.527207 59.111656 9.790011
19 68.452602 60.824172 2.798033