-2.927758350461235892e-01
-7.596791804630289580e-01
-9.312047692792184694e-01
4.720768701481041774e-01
-1.597782342016760282e-01
-8.851688044370029651e-01
-9.707077720128820530e-02
6.372994965801264122e-01
7.781429425392996091e-01
-1.486451212402644106e-01
-9.744114732446658156e-01
-5.759699844316996664e-01
5.278937787469473175e-01
8.675048567688450341e-01
5.431856872265805602e-01
-5.441291571516118086e-01
2.760603318268968209e-01
7.309149559219809689e-01
2.199516784153290327e-01
7.036863864833799997e-01
3.352385687274339610e-02
6.642424418810439768e-01
-5.567962661746037600e-01
-4.972698215193323001e-01
4.368067977755283327e-01
-7.560486343920811425e-01
-8.014450241257808916e-01
4.831545373127899001e-01
-8.704620387705459539e-01
-9.272378378560102163e-01
9.830245012309595243e-01
5.511676504774190022e-01
-1.975332694078946183e-01
3.631211705405790191e-02
-7.875983215530453219e-01
1.888137838224961396e-01
-3.267385137386400462e-01
4.927926301219214267e-01
7.675531529636694383e-01
4.747657594401788472e-02
8.528966510704822923e-01
9.841184768479349643e-01
-2.382058017118926507e-02
-3.694901952099787223e-01
-4.311594503074869245e-01
-6.291153743047555036e-01
-4.751951580448121604e-02
9.600582581534315985e-01
4.158173963947831009e-01
-1.890992546771521621e-01
5.431913880361129987e-01
-4.762964597697778579e-01
2.643592285231302075e-01
-4.413862458449222537e-01
-6.402979927831538021e-01
3.583490626064311790e-01
8.426025254757274485e-01
7.831304236251745987e-01
4.448503420888725302e-01
2.451693306146121021e-01
-3.761657194874656884e-01
-7.578495408432801561e-01
-8.699069448367577895e-01
-4.304475406987040564e-02
2.053783796661148298e-01
-6.860301681595513124e-01
5.191809940276972402e-01
-8.737010299468561669e-01
5.461888936919294668e-01
4.508048336382324273e-01
5.752162394207531726e-01
3.228802945403677072e-01
8.097592987801442987e-01
-4.413495216033882507e-01
9.547711924246269355e-01
-6.186356834016142336e-01
-5.611784805731898640e-01
-5.339438637967577339e-01
1.998415955624346374e-01
-4.292131465004267454e-01
-1.190325926488593478e-01
1.306095441103076737e-01
-2.233774098002383468e-01
-4.419512450086890976e-01
3.156857400236896538e-01
9.280758544055875969e-01
-9.282491342946179724e-01
-7.861682564109440108e-01
3.101691604979266437e-01
-3.272557943128080460e-01
7.747028858345705871e-02
3.955306570341354799e-02
-9.733514126964353252e-01
7.115752339395349235e-01
6.827451057181759264e-01
-2.392431682707303331e-01
8.818184548304508485e-01
-2.415776981758603892e-01
4.625043918699618395e-01
8.530983004149046423e-01
-1.685977181980000683e-01
9.684565276822911795e-01
7.665630850083562375e-01
-5.409203093411247831e-01
8.410253612810076884e-01
-9.898528271275712775e-01
7.536634533092900767e-02
-6.371504794796383209e-01
-1.944690790986567386e-01
5.242023951141316918e-01
-9.107606455024923608e-01
8.977934129905005278e-01
3.288499737544259283e-02
2.921056598542783878e-01
6.454573756091577241e-01
-7.490197067125525798e-02
9.260223952655588509e-01
-7.075136538048936163e-01
-3.666728424223866245e-01
-4.409956288998801988e-01
2.957910858702670343e-01
-2.826752255321491880e-01
-3.034674659901781535e-01
-6.007824407228556929e-02
2.730745373638894247e-01
-5.011362434049004833e-02
8.040184968302930280e-01
-7.400306844390431849e-01
4.818106488276991950e-01
-5.791685047138448450e-01
-8.407226001835290674e-01
5.824188207661684658e-02
-8.044580436173560667e-01
2.213011355776046685e-01
-1.069767731814039724e-01
-2.419395629498022338e-01
-7.571982871989912933e-01
7.914361689209659101e-01
-7.271539027897968577e-01
-6.123075241896347443e-01
8.947441639888757958e-01
-5.644920089788558748e-01
8.409846574582995338e-01
-5.445658887236151102e-01
1.772602774423248650e-01
9.289407421681268318e-01
6.227458250910953286e-01
5.945229756717445024e-01
-5.285474090210335874e-01
-1.939971184579243335e-01
-7.711112668407431592e-01
7.409419078000218928e-01
-9.744845664900210203e-01
-3.795623883483525418e-01
-9.131121391233574247e-01
7.693749491645258676e-01
4.040422292838237173e-01
7.640533457736005118e-01
1.509997113151504422e-01
4.479056007977504361e-01
7.350801596114897585e-01
1.284414895436187809e-01
-9.422854296488787362e-01
8.557700555744891524e-01
4.960875925890477767e-01
-6.810871434789180778e-01
-2.772377026434975633e-01
-7.791035063268372252e-01
6.004244634065156738e-01
1.372293812732170437e-01
3.873170792092197612e-01
6.648923612147170648e-01
-7.151779481722453369e-01
1.021156522256181365e-01
-6.566525011570623072e-01
-2.893932697280490185e-01
1.649440152065160259e-01
-7.363898602861802534e-01
-7.501476840531191570e-01
3.368193289611491892e-01
-5.441527382090116660e-02
5.293976705559757523e-01
-7.986455213973306932e-01
-9.384203614115984582e-01
-3.748171485451956553e-01
3.456877134671620944e-01
8.718827074513082476e-01
-5.028317631676519905e-01
5.945342129391772978e-02
5.119886738270833515e-01
7.961000842723453541e-01
3.283674709719253126e-01
-5.372933153936521045e-02
8.100788934643285977e-01
-2.764897828089980525e-01
8.131520511037144683e-01
-4.346679890524074441e-01
8.213437782829293710e-01
-4.478277107014028147e-01
-5.955738118477997833e-01
2.315996977018441871e-01
-8.078256888631536459e-01
9.680781127202462422e-01
3.752099830166835126e-01
7.016922398663605343e-02
-7.659578104621318495e-01
2.554317760813722415e-01
-3.071600655830541982e-02
5.740314154218377762e-01
-2.587478038268082869e-01
-6.165986214908787399e-01
3.319145429697434313e-01
-5.114679379259063907e-01
4.534054926557260501e-01
-7.261669927209504216e-01
-5.316761829746308177e-01
3.719949291897135524e-01
-4.048191506395830697e-01
6.128022438022249219e-01
1.791528427248307853e-01
-7.949309207966193114e-02
-3.185680015532879050e-01
4.184192547552243457e-01
-7.535942281850365188e-01
-4.773996427821960431e-01
7.382962502599677013e-01
3.735219819344977044e-01
7.835564424808318940e-01
1.893144470730525608e-01
5.636702071188737229e-02
-6.347719942112395319e-01
2.806065915262401234e-01
8.429889948659874399e-01
6.680016364786136585e-01
8.349764752844499593e-01
-5.902806041071881893e-01
-5.602542465902287105e-01
1.249801780909167714e-01
9.110626878458027988e-01
9.520267802984863081e-01
2.482998904730442380e-01
8.167484055139297983e-01
1.586627717833501983e-01
-1.585334631182948595e-01
5.402082985488265710e-01
9.575273968491311294e-01
-8.337742293591912102e-01
8.889447223549959975e-01
9.610354783190058203e-01
1.493890537892685888e-01
-3.438478274982064153e-01
-4.097683916123793235e-01
2.566552618451356516e-02
-5.492646329426567053e-01
6.118329967294984240e-01
-3.937557402676779006e-01
-4.086893615168007976e-01
8.300694604074205785e-01
3.977597423371745933e-01
-3.695992176182183453e-01
1.937310689500848504e-02
2.880593338194219477e-01
1.785322450910902248e-01
7.599132456148027792e-01
3.803715716865072594e-01
