
0 91.933573 42.775094 36.632354
1 91.933573 64.638826 35.717634
2 92.643172 78.033891 24.207904
3 92.867281 81.154615 25.364888
4 92.867281 78.877994 30.409194
5 92.867281 75.991708 31.284935
6 92.867281 86.255528 18.155644
7 92.867281 82.192735 27.86913
8 92.867281 80.455149 29.8179
9 92.867281 83.185866 22.947634
10 92.867281 90.03675 10.571529
11 92.867281 80.781624 24.145015
12 92.867281 85.300941 23.346804
13 92.867281 83.15217 20.778532
14 92.867281 87.460847 17.623733
0 91.968788 22.74729 33.113112
1 91.968788 48.165544 34.507945
2 92.175982 70.659484 26.748451
3 92.572379 83.089553 18.949601
4 92.572379 85.278978 19.929954
5 92.572379 84.059042 19.897419
6 92.572379 86.496165 15.134925
7 92.940414 84.834503 20.056755
8 92.940414 82.626764 21.055497
9 93.327729 85.497275 15.502392
10 93.327729 83.999587 17.678146
11 93.327729 86.650327 15.862579
12 93.37505 89.189522 11.080622
13 93.37505 88.503934 14.007677
14 93.37505 89.092552 13.11477
0 91.858736 38.065138 37.018133
1 91.858736 59.187002 33.300595
2 91.933573 76.525194 22.751761
3 92.043172 80.879951 23.958556
4 92.932142 77.546505 31.048198
5 92.932142 80.984129 26.816907
6 92.932142 87.814108 17.749217
7 93.012614 82.847714 23.804442
8 93.012614 90.53226 12.480979
9 93.012614 88.455328 17.762225
10 93.012614 90.153235 10.653224
11 93.012614 89.954236 13.133624
12 93.012614 92.699188 0.469684
13 93.012614 92.729798 0.446706
14 93.17505 90.288135 12.185074