4.539145227619580947e-01
-4.761057504831954224e-01
-4.253070795459429898e-01
6.131447972115780520e-02
4.354285346504029874e-01
-5.188677013139453287e-01
-7.481474765740491195e-01
2.857771985587225783e-01
-6.230469854717213263e-02
2.494420101719732885e-01
-1.396953576993937629e+00
-4.329368849013086606e-01
-1.059291226534495367e+00
9.123085065242075853e-01
-7.105993663906734481e-01
-5.882612734050907122e-01
2.903386066124082343e-01
-4.522826243715237782e-01
8.059469567500395781e-01
-4.483626008632741189e-01
3.392867138086469447e-01
7.128266504935770742e-01
-2.925458590269553460e-01
-8.305668204031324553e-01
3.667773681318265422e-01
9.444794667332275795e-01
5.193701161820590828e-01
1.444366574588011043e-01
-1.942831521048592469e-01
4.892036221001785923e-02
-8.053252657996045061e-01
9.123620947155668404e-01
-3.783396629545803802e-01
-8.094063008689200700e-01
2.256525000587827900e-01
-1.502863463572845504e-01
-1.852409987483119580e-01
5.883258330421033966e-01
3.410137493241139905e-01
5.084192150150469436e-01
-6.820104179901360919e-02
-5.746967204911901383e-01
1.017958247972873709e+00
-1.792846464212877744e-01
4.777689429391605569e-01
3.544132345060727607e-01
-4.389054171437369312e-01
-1.515112230490049672e-03
6.486748466542624492e-01
-1.518720877279482184e-01
3.322518392411530352e-01
-7.147394964186295496e-01
-7.391946113243537120e-01
7.091264771077012696e-01
1.193405271978248861e+00
4.993886267841247673e-01
8.898565792300955346e-01
-6.942716605863278323e-01
-2.734789409750965072e-01
1.082432291517702705e+00
3.957969348152312605e-02
-4.186426332953719909e-01
1.882577094333901246e-01
5.890733587311789421e-01
4.862118755417134119e-01
6.040686479285993782e-01
-5.145372726851211720e-01
-6.043261308153344835e-01
6.277540652015817235e-01
-1.601748854336356442e-01
-1.756958450486059142e-01
-4.076742179436197988e-01
-4.146800048502605196e-01
-7.192488433839665518e-01
-5.208631924966695692e-01
-4.962877837433907757e-01
-1.727942576348815151e-01
-5.951115881466433333e-01
7.476282895361896497e-01
-9.295123033770074095e-01
8.432565194570654232e-02
-4.089050749355269687e-01
-1.353841364087327692e+00
-3.192838625811146303e-01
5.899259534256480197e-01
2.241092963873320132e-01
-4.837538221775096736e-01
-4.387905269953800147e-01
1.414120062669539934e-01
1.480176465956339060e-01
8.990752743625386456e-01
4.246312500253662803e-01
-4.370316735773585037e-01
-1.050654792404800197e+00
-4.378260344169171980e-01
-1.051494385654340835e+00
6.283020687018644468e-01
9.558862506276184501e-01
-3.893500110893939326e-01
-8.628669442573357884e-01
2.534070123281191855e-01
-1.088554142174682493e+00
-6.365128869499554476e-01
-6.091009181051473265e-01
5.757169301446657395e-01
1.021296279540033991e+00
7.708492405308308149e-01
1.209970477679846168e-01
-4.573060268838154974e-01
6.778210610288548654e-01
2.878428124405797983e-01
-1.008070658144202825e-01
-7.482352400551715854e-02
6.652239266870071943e-02
4.573383261701274849e-01
-5.564835617787705635e-01
3.228878639794560690e-02
1.721231749542134981e+00
2.392822966818226316e-01
-8.127835339836287920e-01
6.428376004195809901e-02
-8.863607467314598143e-01
6.470575961920497221e-01
-5.520097170461645275e-01
4.127517978361886497e-01
-8.748622981649778474e-01
-4.246926997433286277e-01
-8.074793663078230210e-01
-1.141985504507249116e+00
-1.837928137315723853e-02
-2.758467296173601757e-01
9.826824987966087388e-01
2.649150270092354709e-01
8.020410681506595640e-01
4.005985735099031886e-01
8.391551795319989182e-01
-1.312042823735609098e-01
6.075674227227979562e-01
7.449445323702008626e-04
-6.526946879732213880e-01
-1.081275546625612705e-01
9.348561620614087575e-01
1.888211283913160954e-01
-5.645711347588905360e-02
1.475510914699365017e-01
5.269239113896276305e-02
-9.016946060582744504e-01
5.807042719086011884e-01
6.437707310390290427e-01
3.361695391069365740e-02
-1.096916446334297746e+00
-6.952983861416677236e-01
5.833027075268334416e-01
-8.161517650849942074e-01
-4.975576961293128875e-01
3.674705329042502466e-01
-1.292311280817432240e-01
1.281488981205896049e+00
-1.528866067173178800e-01
-2.940593130603622041e-01
-4.234808206152371746e-01
6.304286696385753563e-01
-5.402598461449172884e-01
2.529747580573308285e-01
-7.903894698374857031e-01
3.795428525458058311e-01
2.326598350565311502e-01
-4.385893652989527602e-01
-1.495045926004165415e-02
2.371875398131223778e-01
4.111031777058789249e-02
9.234641482584959871e-01
-3.856881904963236352e-01
5.765758184046752000e-01
-1.000230148777562666e+00
9.300219014994418609e-01
-1.958683202163855330e-01
-7.767459355499946039e-01
4.505743182145783843e-01
1.496993284763321830e+00
-1.528189027362697738e-01
2.649760410910956820e-01
5.785013547931901201e-02
1.824500865526549109e+00
-9.211833106374600622e-01
3.843077637362045662e-01
1.063184262070720809e+00
-1.111675980629500127e-01
-7.996080552340880665e-01
9.594773355816532678e-02
-9.623037692434577295e-02
-1.441566722920470667e-01
-2.771083570257278916e-01
-5.629090040831100442e-03
-3.510684754800558194e-01
4.519912684860548646e-01
1.175697457708641647e+00
7.423912279082321986e-01
7.661988952219650484e-01
-5.486776795669332518e-01
3.087890250181649088e-02
1.369610418116586903e-01
-6.045326067204959825e-02
4.611794966992144307e-01
-5.657544709864389398e-01
-7.322161075452726653e-02
1.035949873238985186e-01
-5.975229039533169750e-02
-1.252403459348084558e-01
-1.469005047095049754e+00
-2.864293329925614584e-01
5.726088219093806719e-01
3.034368189436034147e-01
1.179166735196085947e+00
1.394698400304650310e-01
9.104006409019721469e-02
4.935737909510353738e-01
-8.488688083293616238e-03
5.194109335741257105e-01
5.600009012775435391e-01
1.749142613224289600e-01
-2.154932530840079352e-01
-7.768981410170537893e-01
4.393291524510166690e-01
7.307039923382535607e-02
-1.410829612652311882e+00
-8.039162333399813010e-01
2.633879572515020473e-01
4.009472921705723447e-01
-9.183474064948090598e-01
-2.366976650422683015e-01
2.180867498609093402e-01
5.646537576325597607e-01
-4.822589933865871759e-01
1.795341027726264083e-01
4.972403734940648024e-01
4.438181351885062131e-01
1.581517437156751693e-01
-4.463391707349040893e-01
6.865854927052132961e-01
-4.511280035970929858e-01
-3.294044005535649577e-01
-3.372445159972635720e-01
3.625596019986844221e-01
-1.012796167147227422e+00
-9.161484613332019356e-01
-2.238298231180487763e-01
2.126088133508298172e-01
-2.477210932962022882e-01
3.041883144377357517e-01
5.483032503849469830e-01
-1.117293812931722696e+00
-1.583837979565785314e-01
-6.356941316472259906e-01
6.911744234403228715e-01
-1.310319331005092014e-01
-2.461006197436694798e-01
8.928620132507005813e-01
-9.222884939145419292e-01
1.125698395715040601e+00
-2.790325129707466045e-01
8.511719109063793365e-01
-8.820693055166247687e-01
3.586476684665702575e-01
-1.620424772525367318e-01
