
0 61.925871 19.585072 23.450176
1 61.884338 28.238623 23.101347
2 62.03106 33.05563 22.983647
3 62.03106 34.709943 25.256271
4 62.089779 48.119215 21.047859
5 62.155559 55.753385 15.922704
6 62.339384 59.998182 9.455348
7 62.339384 57.731889 13.891633
8 62.459108 60.016061 9.520838
9 62.459108 61.635388 1.175518
10 62.459108 56.9987 14.467768
11 62.459108 59.794644 7.201654
12 62.459108 59.913625 8.168177
13 62.459108 58.389699 12.003657
14 62.459108 58.497332 11.288833
15 62.459108 60.068354 9.611856
16 62.459108 61.15337 3.445041
17 62.511613 59.338492 10.399225
18 62.459108 60.847469 5.167318
19 62.459108 60.487564 5.101779