2.122761154130084760e-01
8.315820631378054717e-01
3.884714830067345637e-01
5.793097874155089810e-01
-3.219873971551539538e-01
5.581566684320505844e-01
1.547589478541257835e+00
3.212481219698488655e-01
-4.223272254529188974e-01
-3.153386349631503993e-01
-1.956864184062851342e+00
3.416128242485313993e-02
-7.862778615619754330e-01
2.756158491204645511e-01
-2.054306471125516009e-01
1.055748594346464508e-01
-9.466821207617175382e-01
3.122989162182606138e-01
1.768517807570090528e-01
-8.581135400551745396e-02
-4.400394095428360464e-01
-6.195980674670733546e-01
-3.803886179421943348e-02
-1.444917653458731022e-01
-2.742723026899337446e-01
-5.582873500218498153e-01
-8.386253874685188903e-01
9.542748643973211209e-01
3.176578344398269249e-01
7.327947200362618929e-01
-6.043551182671456079e-01
1.638172283722223455e+00
8.234599435836542636e-03
-5.777765191007205869e-02
1.428739304339575078e+00
-6.362354274614013816e-01
-4.602655922871706079e-02
2.737141533312598685e-01
7.087648590212183297e-01
4.227572455580170252e-01
-1.216531735410446569e+00
4.271914089833371841e-01
3.361745942412244781e-03
-1.975633964457377711e+00
1.596276612492488534e+00
8.150671132420407305e-01
4.660792262377640993e-01
-4.618342421734468184e-01
3.268116395207145142e-01
3.550256719141748341e-01
4.435235730379857300e-01
-1.295016824526231125e-01
-7.168415308138504916e-01
5.022581586532788300e-01
-1.921913072586641513e-01
1.122917397952444940e+00
-2.751944438212624577e-01
3.765482102057265967e-02
-7.782246275300879201e-01
1.515688706280009790e-01
-3.677873980602762716e-01
4.338161992720272059e-02
-6.202745777152195439e-01
6.787811983960154727e-01
2.654505394888848624e-01
-6.891522066701953886e-01
-2.545673967659228820e-02
1.478624761103641383e+00
1.538076901048850142e-02
-4.508891368466764193e-01
-2.377046901190410511e-01
7.631585079215843503e-01
1.200838784163523187e-01
-4.562147455870002033e-01
-1.351500894986185641e-01
1.101050639370773965e+00
1.767984077549851873e+00
2.203011488337733859e+00
3.601287642995036897e-01
-7.213006846869626787e-02
-3.853918198546353313e-01
-8.980223733338581482e-01
2.159000110304723496e-01
1.320318465191998025e-01
9.144968322297291063e-01
-2.575404251293142432e-01
-9.262186142608868078e-01
3.834263272350167950e-01
4.982536206731067452e-01
1.136360047795048844e+00
-1.539784239859443016e-02
-5.172405058839851799e-01
-1.825746245667275725e-01
-3.376732389256812406e-01
7.755082513376698738e-03
6.543773528445963050e-01
-2.919550417954366872e-01
-5.456881103901493058e-01
4.016962028847819721e-01
5.556374908369082766e-01
-9.201088467061477871e-01
-1.339618474013061888e+00
9.273681681133724708e-02
1.104260105654960133e+00
3.243386475713417871e-01
1.835518892127335211e-01
9.271628663226144651e-01
-7.385872457870020780e-01
7.994655938496482150e-01
-7.543304287323810975e-01
-1.175887678455483920e-01
2.191430581696519053e-01
8.643358024023570785e-01
-4.243312446204620669e-01
-2.879592535485290261e-01
-8.176682841523333911e-01
-1.105107021854287025e-01
6.734625224504556806e-01
-7.923356151291548466e-01
-1.081120570092579808e-01
5.114749909385407634e-01
-1.343603308225082282e-01
5.423515388490512956e-02
-8.059460014754755985e-02
7.786635056617724482e-02
2.512062115398069340e-01
2.381985358799375008e-01
8.285495319669516912e-01
-3.060756967254853467e-01
8.139483303543844084e-01
1.575450361481156580e-01
-6.461794442991311005e-01
2.134579609691593660e-01
-6.771560002142319457e-01
1.165569763931789682e+00
1.104032967655596220e+00
8.192365386927286108e-01
-7.275140508012217788e-01
1.720027756885263437e-01
-1.219921533435896155e+00
8.498694793214432996e-01
2.204651390493456153e-02
-1.024554463249681024e+00
9.298679500264690478e-01
9.583183973391528054e-01
-9.845989977342743948e-01
-2.616305043232032279e-01
-3.825221271360003394e-02
-1.072471663108833517e-01
2.594507885761911103e-02
7.220925858383293594e-01
1.191818353401101066e-01
7.637284751097770386e-01
8.007208587930154664e-01
-9.820158928845943436e-01
7.821690941982868406e-01
1.115085116203847981e+00
-1.056995777381485757e+00
4.987613989772280432e-01
-7.143180642328819108e-01
-2.305789205113917828e-01
-7.483637347153277997e-01
7.352262334849056780e-01
-8.815646647302043393e-01
-5.344441132453461307e-01
2.902932496892299818e-01
-1.030352137077075625e+00
-1.151061063376938920e+00
-7.680805264562206025e-01
3.305529800205873059e-01
-4.823553905899594652e-01
-8.620992423927016368e-01
-6.983807792232726852e-01
1.729479064896488838e+00
3.540597778636797588e-02
1.287818285560322074e-01
2.972764882992874336e-01
2.438755447353317396e-01
4.052468831703249785e-01
1.394033262327103451e-01
-8.395672716768833865e-01
-9.877362557763270934e-02
6.160377055286140324e-01
9.112173902207824083e-01
6.798057233693777235e-01
-1.829901262838580678e+00
-5.733873655033389083e-01
3.859776492345435850e-01
-2.597451028480122215e-01
-1.111841618149586042e+00
-4.160564358453650580e-01
-5.927205919872143847e-01
4.303006307909683081e-01
-9.102580587353666930e-01
1.416647289974138357e-01
6.501727881740180237e-01
5.101136721646407635e-01
3.705309828814969952e-01
-6.304021449628615104e-01
-4.484708370168632996e-01
-9.411104546353549205e-01
1.461675102710146279e-01
2.414845183635564996e-01
6.894901520463114775e-01
-3.692210079811013568e-01
3.212072314363362269e-01
-6.571455561510025634e-01
6.990495519053119278e-01
5.412064341649567289e-01
-6.759935212081708000e-01
-8.221656765653380106e-01
-3.792017605485424880e-01
-9.727765594853503561e-01
1.633277187704863742e+00
5.927996564890468667e-01
6.646225347877977585e-01
-1.770374530002771785e-02
-6.668121397864212874e-03
1.349266988051704974e+00
-8.845085698426213838e-02
-7.411523593970809065e-01
6.099262323458851665e-01
9.340323288210422570e-02
-9.851550140369000896e-01
4.790219213265175524e-01
1.065858854221872487e-01
8.184441324710390875e-01
1.104288086304654470e+00
2.293283469687214526e-01
8.541390896757907747e-01
4.007529901023200725e-01
-9.565733431588369085e-03
1.415881229976218902e+00
4.314932298556066748e-01
-2.810977389224875722e-01
1.764147725934762934e-02
8.493999515810275458e-01
2.921130144336356316e-02
1.058562978229726115e+00
6.411588808740400491e-01
-3.587463620930664843e-01
-4.045759036121016616e-01
8.568860220646867809e-01
-8.723416752085964010e-01
-8.398129280950398234e-01
2.782033269929549135e-01
-3.960218534695032488e-01
-2.823402159710158843e-02
-5.257373757936226744e-01
7.878147832930166850e-01
-1.784784975375715566e-01
-7.863914816255229701e-01
6.735934975180372097e-01
7.919932185153656379e-01
1.130536811429430966e+00
8.309758175224367382e-02
3.559925693754605880e-01
-1.853347192549163192e-01
-2.030604689942287489e-01
-5.817287280160565732e-01
-9.433112750508234612e-01
-1.831820227545020718e-01
7.359212632243860019e-01
-1.153661179994176639e-01
6.419467835989011162e-01
