
0 62.098285 36.792295 17.638672
1 62.098285 38.379858 17.810991
2 62.098285 40.578997 15.79787
3 62.098285 31.602962 20.338386
4 62.268543 35.293276 16.812465
5 63.933467 34.563945 19.983554
6 62.173529 34.57532 21.137694
7 70.649365 33.31274 23.865753
8 70.649365 42.88763 19.820691
9 70.649365 45.042054 20.145207
10 73.693099 48.212156 19.336089
11 70.649365 44.408077 20.392235
12 70.649365 46.066577 19.064268
13 70.649365 47.996912 19.083978
14 70.649365 49.490263 19.498383
15 70.649365 52.555935 18.067946
16 70.737796 55.073998 16.297532
17 70.649365 55.073158 15.062861
18 70.649365 50.328157 18.278229
19 73.501191 49.754121 18.72394