4.840988027260231252e-01
4.432668044155900766e-01
1.750001778639878047e-01
6.406468545177945728e-01
-9.792440865326730304e-01
-7.989945506705713463e-01
-8.824216749134605742e-01
5.277255230733344238e-01
9.129457689040245683e-01
5.257180157705270140e-01
-5.782158170845148604e-01
3.699118536258101386e-01
-7.528850633103918444e-01
-9.848304922287400842e-01
-3.889831967389429934e-01
6.350559993056434926e-01
9.926613975509728238e-01
-7.493847854155022414e-01
1.868791230883146692e-01
-2.786291016211459581e-01
3.129564837585434578e-01
-3.865992011178038812e-01
1.022588730735662921e-02
2.234224369422435075e-01
-9.153214572111845193e-01
9.836467088675471260e-02
-3.683417249210279021e-01
-9.695877973412219131e-01
-8.582009096118821123e-01
-9.318595667434237395e-01
4.220398593471597071e-01
4.273008392507600117e-01
6.383001016406131267e-01
-8.382439388751961040e-01
9.024465440630062840e-01
-1.407662096729835888e-01
-7.838925582330200648e-01
-4.506086194996743455e-01
6.407845248435848351e-01
-4.999012084746896623e-01
1.228925462895176235e-01
-7.015310073454956719e-01
8.224863335764911465e-01
1.210592222839628196e-01
-9.797564183419904538e-01
5.178980713487606469e-01
-2.082251273202211372e-01
-4.864896457167442456e-01
8.922671188565576283e-01
-1.144469492949067302e-01
8.871661864294768662e-01
-1.688096027141219313e-01
-3.484889132731077144e-01
2.213307664707446776e-01
3.823669588269429376e-01
9.587102473562629790e-01
-9.063746148548172954e-01
3.404352048738155112e-01
1.384850537465061038e-01
5.422781999483847759e-01
-5.204184137294542989e-01
-6.925766608804888591e-01
5.851342149205913667e-01
6.747770365237104606e-02
-5.317170709340071078e-01
-3.674389227729595309e-01
-9.843870583920553141e-01
-4.298079599951811769e-01
-6.162075758800140690e-01
-1.129271145496120177e-01
7.563867695949033632e-01
3.598952855398114270e-01
-9.044399107173011210e-01
-4.874223870360610000e-01
9.455345627813660503e-01
-8.502219343376420380e-01
-3.921451134701783303e-01
-1.903663038886134196e-01
3.850885544253692672e-01
8.483470536191337619e-01
-8.058916680953145395e-01
9.576909625013279026e-01
-2.793181192045537387e-01
-9.247991804425179652e-01
8.720542221696188090e-01
6.212709444243604828e-01
4.651708276611907777e-01
9.117703905452272384e-01
2.574171243063811954e-01
8.920271873695515552e-01
-8.668307447050083159e-01
9.401961940341236890e-01
7.087229988609426989e-01
7.846664687925095638e-01
-8.213908996513838989e-01
-5.351208276711432177e-01
-9.075349429571377691e-02
4.344261599667578189e-01
3.753190923891975839e-01
-5.145429342237519688e-01
4.019554396307922772e-02
1.278362359724951602e-01
4.005558553042922743e-01
-9.746248278733566917e-01
5.341909027965541235e-01
-1.997340425950444587e-01
-2.781897279595988426e-01
8.899386398107649310e-01
2.401820615992003027e-01
5.875829292970482509e-01
6.759516427795988491e-01
-5.101131279273964925e-01
-8.653129310955485209e-01
6.144041203075112367e-01
-3.751638455114585380e-01
-1.258530885068112060e-01
-4.442335342074534843e-01
2.421992151256489034e-01
9.571749140349896656e-01
2.985412997860479312e-01
8.416229752093220551e-01
9.776178424640382669e-01
-9.882475906443488611e-02
-9.460630327275418860e-01
9.662619990689460536e-01
7.038548452576312009e-01
-4.519200823223270547e-01
-4.535591920347701311e-01
2.374948388670889976e-01
5.820271841056872120e-01
8.471762490116678812e-01
-7.665329867080306059e-01
8.503184292953438472e-01
1.889150649072519617e-01
3.938408132417352547e-01
-1.171420150150623840e-01
-2.760813278636990997e-01
-9.118032416785200045e-01
2.411174510302525054e-01
-4.290035370591522845e-01
-3.220546958116066172e-01
1.206972693863272994e-02
-9.575950199593898926e-01
-8.985246230404009271e-01
-9.999635637166690572e-01
1.172601724833031156e-01
6.993031710604060702e-01
9.038012270850741547e-01
1.798730566337300996e-01
4.777226259089022431e-01
-7.224494960066829563e-02
2.794171031259451432e-02
3.543777902705853577e-01
-4.676111828060403042e-01
7.671802121725905810e-01
2.549504266448687773e-02
7.341908654019952962e-01
-4.059355107189239753e-01
9.939483064516208000e-01
-2.051128581079171287e-01
-1.314458037764654197e-01
-4.873582158340039605e-02
5.405795182660653175e-01
-7.973259511062109617e-01
4.364345719748214947e-01
5.258271944551418109e-02
7.390079340318733703e-01
-5.645253400170597846e-01
9.320894195477837929e-01
-1.773416894242960673e-01
2.034179215981206656e-01
4.532849626736945581e-03
-6.282994432413855357e-01
8.746055218836257250e-01
-8.666371855380849976e-01
-2.883792629952925957e-01
-3.511979425494684559e-01
8.323786048891146372e-02
9.507040696461279694e-01
-1.276573309628286079e-01
-3.690443313525280100e-01
5.221415040830807985e-01
3.140373854720770463e-01
-6.687975375671144640e-01
-5.886145537312235110e-01
5.382058073793150044e-02
-6.578247542765769396e-01
5.645044515552137820e-01
-5.109588245113225735e-01
-6.267518120021071670e-01
-2.941095349676043913e-01
-7.691951971685977441e-01
-1.324917886075482887e-01
-6.883124947478989064e-01
-3.403254439757852357e-01
-4.756316912798983498e-01
1.464529240330358917e-03
-6.982808742803618962e-01
6.612655220476595375e-01
-1.134004520348774747e-02
-6.435225358322413935e-01
-5.954206480413437585e-01
-8.519988291048674611e-01
-4.241312852984837622e-01
-7.680517253117928878e-01
-5.845244728047758187e-01
5.476405592311488491e-01
6.262067133012692022e-01
3.468002887017362923e-02
4.082210915168262844e-01
-7.582184075053115535e-01
-1.118166982699666523e-01
4.751333936015216253e-01
2.755325410496882732e-01
-1.303168146782396342e-01
1.961704835895983212e-01
9.622470141921815046e-01
-2.954712079820174253e-01
7.423411155697157149e-02
7.596651833961081124e-01
-3.040386243288357715e-01
-8.530228127565304685e-01
-1.514793108802421351e-01
-7.096035378035541186e-01
-5.191919592661222715e-01
-4.253683130629071218e-01
5.326848202072782534e-01
9.736035827266349418e-01
1.216350907344725396e-01
7.920835654652980118e-02
-3.320757124337896382e-01
6.202621734242901308e-01
5.205494507264472048e-01
-8.142856185660696244e-01
-9.826108166961904367e-01
-2.058612127777805778e-01
-6.812958880062363054e-01
1.679358980904952503e-01
2.999989997620169380e-01
7.121571979511209793e-01
2.836881344240822500e-01
4.233168981352206650e-01
-8.879264415247265507e-01
-6.257471163073096143e-01
-4.915815507569298859e-01
-8.049216690988392209e-01
1.626190111195817689e-01
5.385117234612060155e-01
4.479681043096672699e-01
-5.704445318452766589e-01
-5.846476451095734550e-01
6.707507926649804997e-01
9.725695440637787126e-01
3.572289413722451457e-01
9.654237823998146339e-02
3.951818658284178554e-01
-2.710617778877320028e-01
-3.913352880249492127e-01
9.175085247988974402e-01
7.832339396061516190e-02
1.374215991043430396e-01
-4.559278158206976350e-01
-6.936057111602977887e-01
-1.750498974852965350e-01
9.843864659150072249e-01
