
0 92.005289 40.398085 39.860592
1 92.133573 56.458908 37.645193
2 92.443172 74.294569 28.634918
3 92.443172 74.499771 32.107831
4 92.533573 83.466371 22.75681
5 92.533573 84.396159 19.619107
6 92.87699 81.565929 24.448629
7 93.37505 81.877531 25.574604
8 92.932142 75.335958 32.236801
9 92.932142 87.833765 15.225748
10 93.332142 83.252624 25.345004
11 93.542505 86.857379 19.471373
12 93.542505 90.156183 10.357054
13 93.542505 90.852093 10.345865
14 93.542505 91.296048 7.30598
0 91.878539 31.893463 36.533562
1 92.133573 57.279296 34.633227
2 92.852892 73.195087 28.041787
3 92.533573 81.670428 22.990194
4 92.533573 83.183147 25.022329
5 92.698742 82.80631 25.880322
6 92.77505 85.022322 21.458596
7 92.77505 80.736407 27.229715
8 92.77505 84.467509 21.334501
9 92.77505 83.308523 19.879935
10 92.77505 81.533282 22.024628
11 93.47699 82.557249 20.190183
12 93.47699 87.827316 13.528538
13 93.521885 84.048065 22.009313
14 93.521885 86.933346 13.836523