-8.747137635504016462e-01
-8.322626741232668213e-01
8.709403735903205046e-01
2.344657219774946011e-01
6.501792812864168880e-01
-8.609280050415595298e-01
8.366865747257032915e-01
8.824433606130941410e-01
2.912626311755750486e-02
-7.071058560055141218e-01
-2.262088229354750624e-01
-2.462953903557338897e-01
-8.430815410919141328e-01
-4.860913983126080584e-01
4.324131054327264856e-01
4.018607469729238435e-01
8.490224866082174415e-02
-3.760706053489935030e-01
3.731653595809301116e-01
-1.469709788476067924e-01
8.783463800770925367e-01
8.656676335585566928e-01
3.169435889861131894e-01
-9.999455749338153066e-01
6.380184545610660951e-01
-5.201159647865438718e-01
3.748766060960300184e-01
6.489221815916956793e-01
-5.506428633923468041e-01
7.351923695595345976e-01
2.321623340001677249e-01
-6.132779888943404867e-01
-3.866919693833881233e-02
6.402775746583195815e-01
9.896921673262022434e-01
6.124371870203411117e-01
-5.594480641185575198e-01
4.260704577568932283e-01
-2.752345845823047643e-01
1.573767529367959828e-01
8.323545824327680531e-01
-1.262851440106467216e-01
4.151833506869171408e-01
-7.151414099060915408e-01
-8.115926755382105728e-01
-4.216465505134705527e-01
-9.514165226348385573e-01
4.890942014499328749e-01
-4.800996507142814007e-01
4.033216580327227962e-01
-8.510479840413092134e-01
3.044173385967883227e-01
-6.148051647232859462e-01
6.082600898298795578e-01
1.161689888191963504e-02
4.386001215565986655e-01
-3.117028283685576717e-01
-7.363684237199679128e-01
4.340466104997775521e-01
7.653780766852344986e-01
-3.385902347280973501e-01
-3.910715774940443090e-02
-6.971696479582532024e-01
-8.520370377947110718e-01
-8.022946090186398038e-01
-8.078340729913224827e-02
-8.076832886192732985e-01
6.580977900723277152e-01
-1.545177868268030608e-01
8.513062441843777250e-02
-4.071489363353075763e-01
3.815604563582999376e-01
2.551284726098779210e-02
-3.556684275013655139e-02
-3.041395589358353302e-01
-3.288618443976529804e-01
-4.349678099484082239e-01
-4.712811537505403603e-01
7.386113926098241134e-01
-1.228835616408581188e-01
1.031861290047761948e-01
-2.773464507708487403e-01
-2.109893119677026530e-01
-2.593497836948384094e-01
-7.037123656345638523e-01
5.633990401077211274e-01
-9.076384910097614611e-01
-5.023119103955031584e-02
-6.140858095605050693e-01
2.944647649389220412e-02
8.647575614971114710e-02
5.133771174157031325e-03
-3.276611340369792735e-01
4.627757542499393306e-01
-6.020726897904311592e-01
9.053050419188457543e-01
1.923403695343695041e-01
-5.312444242948388684e-02
-3.704329501678105263e-01
-2.801236474408441701e-01
-4.831653180615385068e-01
-8.285123576725010874e-01
5.748727531885071684e-01
-7.391974520918633829e-01
1.793645616021526390e-01
-6.786244188498793406e-01
-4.692026119732231049e-01
4.121208126252484671e-01
9.337650162465185311e-01
-2.891004833433101773e-01
-1.284429310198156315e-01
-7.834455528602684016e-01
4.756778460263149100e-01
-4.234543232151470882e-01
2.460836990459389639e-01
1.620393979614676017e-01
-3.487578291008959219e-01
3.301508099148573461e-01
-4.428306215769395315e-02
2.676406910096653657e-01
1.797903943763672352e-01
3.563485818021561169e-01
-2.964783867816094265e-01
-6.409428797984100257e-01
6.502490992616478671e-01
-3.876500892567074086e-01
-9.515848462025291443e-01
-7.442882553999510264e-01
9.932552491512496307e-01
-4.948656707311591685e-01
9.478651070558052893e-02
4.927903313745840563e-02
7.103449898338598523e-01
6.725764885793084069e-02
-1.331703446378911249e-01
