-7.594702803679320713e-01
-2.483772896906266681e-03
4.067003227809653509e-01
-8.336010622010032733e-01
-9.412205942659459534e-01
-9.073731666191209300e-01
1.292585246549120548e-01
-1.288335541523399908e-01
3.381789061294713239e-01
-2.861332874275801519e-01
1.692434260033814919e-01
3.762962654082298020e-01
-4.200197715366196238e-01
-5.175442637822991188e-02
-5.691687903549307315e-01
-7.091297377566003757e-01
-6.225318672379618334e-01
2.369429036219021789e-01
-8.170667878681623364e-01
-9.632046450866507126e-01
-8.941016699400692325e-01
-4.155692571874849417e-01
-7.365362421772903012e-02
4.267883670197281099e-02
-8.601805245686724444e-01
-6.579876008516629682e-01
-5.186307925666331364e-01
-7.402766056795613281e-01
1.513177031582411125e-01
-4.783619236237042216e-01
-1.216775039712469919e-02
3.150536557985916808e-01
-1.789223650380826758e-01
5.466433892365667457e-01
-8.525529147160768595e-01
-3.306347876524344809e-01
-9.937951105623619164e-01
-1.831316018141062596e-01
8.371305730274021251e-01
-9.301854308835946217e-01
8.385125518024809654e-01
4.819628949545398111e-01
7.578158351455825947e-01
-8.943084411023327629e-01
-1.666939638286080161e-02
-6.556613922865963673e-01
7.230886204002056061e-01
5.498667210439132091e-01
9.235081263192790324e-02
-3.189873550739561470e-01
9.224045993130052246e-01
-8.148303609160139072e-01
-3.368528038047664541e-01
8.013254798657478695e-01
2.299569908316376754e-01
5.951615138151262752e-01
-3.495208502428734931e-01
-3.229497583304916652e-01
-6.975635597164939750e-01
-3.027028045562349945e-01
-6.713549607618971571e-01
6.741784590246100439e-01
7.324816539506313617e-01
-4.108566437231275792e-01
-6.132280397716443066e-01
6.677375069104587446e-01
4.241503643189794559e-01
6.382244792464046856e-01
9.583780911778492229e-01
-7.906938111945960301e-01
-2.083549372487700779e-01
-4.691784657400683844e-01
9.345500934182049413e-01
6.283020109378474327e-01
-9.385562024118687674e-02
-2.965545912206628554e-01
7.804099855777721917e-01
-5.824996568373013162e-01
9.713686075435041811e-01
-1.425838232973015707e-01
-1.273900261497940001e-01
4.494935506546002824e-01
7.382552173973633280e-01
-6.767864960933036578e-01
5.337330949151048998e-01
9.454171388780843177e-01
6.589563859074620833e-01
5.441398308086689006e-01
-4.728159823568154341e-01
-7.535150332217113167e-01
6.144294659776132761e-01
1.675679856026071057e-01
-3.120433746006567866e-02
2.863865525201794160e-01
-1.698631657534879214e-01
-8.408506694237567469e-01
4.212406065132476840e-01
3.228640028644307325e-01
-8.058645527992616131e-01
4.869647598966615476e-01
-9.863711882609904613e-01
-5.722120275371302967e-01
-9.577923179044489643e-01
-7.465486510422814082e-01
-9.082492111556472736e-02
8.801451234794286371e-01
-2.799729773025851909e-01
1.451800321371481406e-01
-1.168354693431095104e-01
-3.146415797916803925e-01
5.213906613472452101e-02
8.361056158375612668e-02
5.466673650372619875e-01
7.012337641421300116e-01
6.545981928736357425e-01
-6.224713578783769297e-01
-5.637757636173610365e-01
-6.263820563282143095e-01
4.195084003588274157e-01
5.893952590448214846e-01
7.883060541761739426e-01
9.923547031059753998e-01
7.221550764461803773e-01
2.996018384088572351e-01
3.162933118126780574e-01
7.693477222637810087e-01
-9.506016310116531809e-01
6.487848971456422476e-01
-2.698378581753193561e-01
3.327445059568834296e-03
-6.636594358466447741e-01
4.224586134837164941e-01
7.752714326415519608e-01
5.970062381556613396e-01
1.194328946871230368e-01
7.519673242133877444e-01
4.194011788059048840e-02
-6.106609295291749451e-01
5.797790105297078167e-01
-6.599637345228455132e-01
1.297951164222503895e-01
8.771930516100316932e-01
5.106152521937874500e-01
-7.185669431341883406e-01
6.222315069449448899e-01
7.399412189428320463e-01
-6.891017521256392886e-01
2.740600945225590834e-01
-1.143743680816811104e-01
3.523748594307347659e-01
4.168023259608322206e-01
-3.350888978014106012e-01
3.420425999685319240e-01
-5.040492108909613300e-01
-6.858182122017661975e-01
9.718969104476720133e-01
-4.462836537045682395e-01
8.291105651366104112e-01
3.854658096726970573e-01
-5.812343126303176621e-01
-3.753802931875498405e-01
7.021441630917053534e-01
-6.417321009373320173e-01
-2.590501295576270735e-01
-9.869146669394943672e-01
-2.166618534900079940e-01
-4.590592388763736764e-02
7.418819568747916371e-01
3.180911437408175946e-01
1.526190841491295025e-01
-8.874465236895678899e-02
-5.940261058356552937e-01
9.589491322358583147e-01
6.936617319541902305e-01
4.739313054619160859e-01
1.555824573253741239e-01
5.155663505943570701e-01
-3.925250099667989545e-01
-7.227154668512218993e-01
6.132499672956948089e-01
7.458992876043955000e-01
5.725764709183525092e-01
-9.499704083654232356e-01
6.977010456579055830e-01
-8.907268828810765982e-01
7.689296550957516185e-01
-6.552030546200058314e-01
8.077800789785500868e-01
1.904861987534420820e-01
6.524049827573836779e-01
7.921722371018076192e-01
-6.118179933550678129e-01
2.992618711116277197e-01
-5.070865236541630683e-01
-9.539109762749615751e-01
-6.467321564146399915e-01
3.461862579744032775e-01
9.902231253744653294e-01
1.466137707523207379e-01
-7.682503832659144383e-01
2.727547833566053015e-01
3.899138789852580889e-01
9.575368120786120762e-01
-4.174753889925759687e-01
-8.464480067495583349e-02
-5.634782324440998913e-01
3.856789045385040637e-01
-7.327137857510745977e-01
4.539611393295344133e-01
7.723981371944865781e-01
-9.271756664077135390e-01
-8.687810558483111123e-02
6.428336409055313005e-02
1.900207575348433764e-02
-3.002102192225857280e-01
-1.384958385534627023e-01
3.873354690835797420e-01
7.306232375244821053e-01
4.066321622414990067e-01
9.146833958824638344e-01
-5.879166520791923034e-02
-7.417580268558487955e-01
-6.163875656763559974e-01
7.269169783618083525e-01
-1.982430331677156321e-01
-2.792842588672290738e-01
-1.772892641589063345e-01
6.368204212175534451e-01
-8.450289898511256226e-01
-3.171521975349602673e-01
-3.844755737582759014e-01
-2.886022064746789351e-01
-6.889118536175069529e-01
-9.386126138388140028e-02
4.197629828739528612e-01
-1.629105398633277080e-01
-3.854086637827613959e-01
2.573811127236136365e-02
6.851160164704244160e-01
5.520780174929553752e-01
-8.876835300141909801e-01
9.310557265580743369e-02
-1.335919548522304101e-01
9.991842202800198525e-01
-2.636000157705091773e-01
-5.327782966161027645e-01
2.367341662404620628e-01
-3.341858816586400494e-01
6.187399920023779476e-01
-6.075922806800337916e-02
6.027283238073251059e-01
-5.169860607126919305e-02
5.437429146826933124e-01
7.544655797851711476e-01
1.029127076334290791e-02
2.192525053589817752e-01
-8.839721510555194062e-01
6.895339793199422029e-01
6.948266691939117834e-01
-3.447843096064939772e-03
-8.071341474159694496e-01
1.541103051236438759e-01
-2.657953912753880932e-01
-8.317488686703242706e-01
-2.097702538599839350e-01
