-6.871837503922839652e-01
-9.699689338717660814e-01
5.431732260474111396e-01
3.513911692757911709e-01
9.923290835020694978e-01
8.716445918865056708e-01
2.503309025629061324e-01
-7.125647225264764018e-03
-6.954181187552781473e-01
7.207794798089135480e-01
1.302732275034836906e-01
-7.260286467865135762e-01
-1.314537157092732222e-01
5.618808465364439897e-01
2.331541827556771196e-02
1.716477429373193253e-01
6.614513023794328372e-01
-1.821837572093523150e-01
-2.622004067152050588e-01
7.020415728605380323e-01
-4.182155503493305559e-01
6.741643170067290747e-02
-7.448231245394802968e-01
4.324281967360728007e-01
-7.955611154599222523e-01
-3.016109685322969636e-01
-4.987760659733297963e-01
-7.755721362588932077e-01
9.274202230844039718e-01
-4.171845855375075907e-01
-6.783120778716682509e-01
-3.717863814468369554e-01
-5.832053549606874832e-01
-3.311076366667560222e-01
1.783714386945118857e-01
-4.116922624565200195e-01
-7.500534131740888011e-01
-4.802385178340933258e-01
6.627039679244879355e-01
2.337197469858225407e-01
-8.909241237455998164e-01
2.399258178788947760e-01
-5.853110283371933953e-01
-2.446923951089141624e-01
6.616411306011451554e-01
-6.144265221364368923e-01
-3.105212021990002569e-01
3.579040681307013028e-01
-3.868185368578718197e-01
-4.770716848732641235e-01
1.989558287729387143e-01
-4.176683059023513778e-01
2.357875672413018986e-01
8.712680804281958125e-01
-1.907884460817694805e-01
-9.741653201204933943e-01
-1.457046436938775891e-01
-7.957987740952769951e-01
-1.803203683176253236e-01
5.837349392254989056e-01
-2.692706573509544565e-01
6.902009166138547425e-01
4.138102362355744468e-01
-3.680734233610392092e-01
3.527286116197907440e-01
-9.802368006290469449e-01
7.040089727074854142e-01
-6.060069445482487716e-01
-6.959864915943259067e-01
-1.939026576452245187e-01
2.188737135433418413e-01
-7.452077545785253943e-01
-2.449692730070787139e-01
-5.786101983095517376e-01
-3.725630021884303034e-01
-7.171449677437686798e-01
-4.725033883735978435e-01
2.827091611157261930e-02
5.449098905576246210e-01
-2.341827894842138935e-01
6.815574587418387065e-01
-4.189349598057010571e-01
1.737978881274597764e-01
6.688212110162061741e-01
-1.183099613238507430e-01
-8.010910169773881595e-01
-4.818147300382606968e-01
3.103268523620072994e-01
-9.520907439410113415e-01
-4.514269050887755874e-01
5.249117019645719306e-01
-9.242786324561109712e-01
5.384210159780746796e-01
-9.038609208026955333e-01
5.801461435155801372e-01
1.401848570168890973e-01
-7.601458504588229914e-01
2.677633544488779993e-01
-2.761921047221180814e-01
-2.646046650234405995e-01
2.374543660841044179e-02
-8.543136808950428929e-01
-5.249470599357979328e-01
-7.894105481574420491e-01
4.239870215537511200e-03
-1.340097621310709641e-01
5.513430166175019576e-01
-3.408856938844795348e-01
1.270027247377820689e-01
-8.160007692502668775e-01
6.153358473299592735e-01
3.197870190347607000e-02
-5.951423141939700123e-01
3.217910262760426132e-01
4.026843650183025147e-01
-1.479173618922073885e-01
-4.930678127975007818e-02
6.463064249782091153e-02
5.962345000842472764e-01
3.145811877610704688e-01
-9.120843854856863775e-01
-6.097276023819209190e-01
-7.024489335214125774e-01
-5.165294582116743971e-01
7.075636206065003542e-01
-5.776962298355667880e-01
-4.467288630238166469e-01
7.185979829983368816e-03
-8.057954172124714987e-02
3.189519500929061113e-01
-8.952181216057228941e-01
5.335586950986739296e-01
-6.376373906023802274e-01
-5.284394546076329746e-01
-1.351812066682942515e-01
-9.598990345173645800e-01
-5.924821571890337424e-03
7.335696573007044474e-01
6.129230241323813111e-01
-3.705805190579463115e-01
1.997182955076846067e-01
1.035247903744520581e-01
-8.195741353481784675e-01
4.046428747562234030e-01
-5.136907534365444672e-01
-4.742477643485167871e-01
7.009276262251806777e-02
4.443781322446929138e-01
-4.689160436958212941e-01
4.289489934263255311e-01
5.412082191195732861e-01
6.806020993670469643e-01
8.463810635261024284e-01
-4.925278066419447320e-02
2.810900644277174454e-01
1.734089413456010309e-01
-1.173111548286567274e-01
-3.689828662987146846e-01
-5.991505864110688862e-01
-3.080266827738300517e-01
1.599880245354583508e-01
-9.567024976337814568e-01
2.284811722489443753e-02
-5.132426322153729181e-01
6.313865826366671374e-01
-9.238681769870038529e-01
-4.199186662313241225e-01
2.059260519322307914e-01
-1.065354243693221736e-01
-8.388329710740527467e-01
2.784092651406289143e-01
-6.482673661004174637e-01
6.348356398900336650e-01
9.523269304703330107e-02
-4.080943843740834076e-01
-9.256148771746195436e-01
9.221801743314104183e-01
-3.634140625043680295e-02
-5.684551315567909491e-01
6.486702994034883041e-01
-3.135967101881411701e-01
4.643275832238364931e-01
-6.729334693517305954e-01
4.480241156241440148e-01
1.852551798167674235e-01
-6.162197526295472016e-01
-7.457492372590641683e-01
8.005506189882192203e-01
9.786261243738869631e-01
-7.671466172743182099e-01
1.903290658405552005e-01
6.876368245456188077e-01
6.550560010376862419e-01
7.163628742345522493e-01
3.846126202390176552e-01
8.688686883427931829e-01
4.459547487645814101e-01
-5.162241777784479790e-01
5.780854165551665425e-01
8.345237849473676750e-01
-4.426020387977347426e-01
9.639900119052402516e-02
-7.025632332420062021e-01
4.698897279324192322e-01
1.058367286741108693e-01
-3.351462074612308051e-01
-4.855049640513611209e-01
6.661302204611336819e-01
-4.571019989544493622e-01
-2.926068377317538882e-01
2.535688634643515904e-01
7.561206999426817177e-01
9.815444724878281679e-01
8.702876244695567642e-02
8.988030367875388116e-01
-7.899256558260823180e-01
-5.884369419549071445e-01
6.865351681380984505e-01
6.867827111610003143e-01
-3.818086179339867936e-01
1.680544126845431308e-01
-4.793423173449062880e-02
-7.406941775812161399e-01
4.984519379718432841e-01
5.947533496243995188e-02
-7.248650757914598675e-01
2.620255403572735453e-02
-5.008494143750539251e-01
5.501811179472106961e-01
9.886469087417755208e-01
-2.589497421053585935e-01
4.624491000483010872e-02
1.370775933972119276e-01
-4.527850329856897282e-02
3.068933649684448817e-01
5.165910975495699997e-01
-2.139944934533410947e-01
6.476398039515216531e-01
4.950744991190239030e-01
-6.311111866725078734e-01
5.820587608707017413e-01
4.502804950952850049e-01
4.560291344836342464e-01
8.765033714585284130e-01
-4.267590669355503241e-01
3.451574705191273740e-01
-6.271560720015540991e-01
-1.868882359846066876e-01
-6.874273035994615810e-01
5.070648286814762873e-01
-9.741482934329712684e-01
2.110617909879322074e-01
-5.830826977595724436e-01
-1.894988757957463132e-01
6.739708652419942325e-01
-6.240388473772298106e-01
-3.966169623642425979e-01
2.934108742488155119e-01
6.217643125459220155e-01
3.831170295240908796e-01
-1.160056572321401802e-01
-8.490409540896564078e-01
-2.015278780554337068e-01
-2.642599640402789607e-01
-2.936334189699887354e-01
