
0 35.087775 4.653447 12.008291
1 58.990969 17.914841 15.524082
2 61.418052 32.949734 12.756949
3 68.631349 41.713151 14.554119
4 73.868484 45.100054 18.12912
5 75.390181 53.715652 19.531394
6 73.868484 53.944457 20.83413
7 73.868484 63.951223 8.729073
8 73.935819 65.133593 13.819115
9 73.935819 61.235819 20.1352
10 73.935819 67.865382 12.876145
11 74.028484 65.877673 18.25542
12 73.879793 70.501048 4.785279
13 78.248572 67.544385 15.946379
14 78.248572 69.828471 11.855322
15 81.172366 69.95281 7.631031
16 78.248572 67.260059 14.93926
17 78.248572 67.444617 10.900291
18 78.61351 67.706813 12.759208
19 78.248572 70.450755 8.235221