3.344368175929268716e-02
-4.230615407489191071e-01
3.568102603463407796e-01
-2.396688757063420994e-01
8.335558911584362018e-01
-9.979928007715213045e-01
-5.929944810476173167e-02
8.883796051098908908e-01
3.204576981223614673e-01
5.160466048581171528e-01
-9.540300922930162741e-01
5.190955580954428328e-01
9.871905142266046429e-01
2.885952750096176800e-03
6.676646945337050276e-01
5.904467884390691701e-01
-1.303605316394378377e-01
-3.104954012270200181e-01
-9.973130639297234090e-01
7.721669958901777875e-02
-6.586918999186668344e-01
6.545721269583011370e-01
1.374406432954615731e-01
2.149485412369711579e-01
-3.770985460401856670e-01
-7.553832874925077157e-01
-9.571398930002823491e-01
-4.978276768402998265e-01
9.614450776531071607e-01
-9.707578783754815532e-01
-7.010346712014616788e-01
8.748997461906011797e-01
8.611166838987693861e-01
-9.157385004422267105e-01
6.325806220645660005e-01
-8.950303638958938546e-01
8.772722665671373043e-02
7.741898280043346681e-01
-3.700128797130490810e-01
-2.092615332235652215e-01
-5.596393281847336088e-01
6.341922100873145229e-01
-6.030846820856587964e-01
1.355224145163653748e-01
2.761137563450666299e-01
-9.652327579949833147e-01
-4.485101969005045319e-02
-8.915214339847095104e-01
-4.828410784586318893e-01
-6.339918595035543003e-01
6.311027640539585981e-01
-7.822134823727617814e-01
-2.966850836752841225e-01
-1.884456587702021402e-02
5.643582740338808357e-01
-7.519602895981063462e-01
-1.186018079615787091e-01
-2.934582067516335879e-01
4.974862211258013200e-01
-1.952089628415665246e-02
2.092449094982740121e-01
-9.260417225478490000e-01
8.779754854082846283e-01
4.364947937696772584e-02
-8.246941989801745976e-01
-2.299911478396219344e-01
-1.499069077379797665e-01
-3.372786862862129365e-01
9.265418731083565618e-01
6.852459299930275805e-01
6.382516525163752785e-01
5.791869058153904515e-01
-9.254662877706720803e-01
-5.818564932170455783e-02
-7.337610763342150566e-01
-7.070348774163748296e-01
3.993349857213814857e-01
1.797524596659070273e-01
-8.176762524222325190e-02
-8.289733708256481481e-01
1.901917720127861422e-01
9.157616952850424763e-01
5.015152790037016306e-01
4.602447724443032850e-01
-7.704232166325126752e-01
-3.548877735674094147e-01
-9.596957353545216840e-01
-3.576203342840820198e-01
2.233229964563383518e-01
7.330516082443863102e-01
-6.207338869191505459e-01
9.597330710662628217e-01
-7.277694396247385011e-01
7.956318491873282106e-01
6.844957730753324920e-01
6.481684265613942841e-01
4.199843690680309383e-01
8.651710598308788303e-01
2.225579823570049687e-01
5.261417041222797852e-01
4.791371317291581722e-01
4.161604279870461109e-01
2.347470686230423986e-02
3.028323810289199614e-01
-4.974251181107514075e-01
-4.172305653418415528e-01
-3.853672630724005455e-01
7.022026075701144343e-01
-4.077316475577488220e-01
7.677722926929102520e-01
-6.582768202970741278e-01
3.047783434107964595e-02
-2.983343875056327921e-01
7.479431823512270316e-01
4.073218915439764665e-01
7.949884303804473085e-01
1.611031784364693742e-01
-5.312125346748843846e-01
-3.143202451179294421e-02
9.343993675081274652e-02
6.336379937239402516e-01
-6.240647195708253214e-01
-4.063958797650362165e-01
4.537082107099730255e-01
1.298102502327618257e-01
-2.914016504155796383e-01
5.155065519712078714e-01
6.667406573421110760e-01
-8.399540585391431780e-01
1.405626110521600580e-01
-3.469274733168830060e-01
1.225461567991377176e-01
7.208487856004563987e-01
2.789636297638349305e-01
8.456121317950870964e-01
7.612748058666074513e-01
9.391603046389529474e-02
3.681836873220076800e-01
-2.797054531760334584e-02
5.583625856324461179e-01
-8.256671655792804376e-01
6.438044160021183515e-01
-6.512293173218952624e-02
-6.511497625844082648e-01
-9.219729359572303995e-01
3.829883381048477808e-01
1.316325542957177408e-01
-8.565853828848242202e-01
-5.534047178527021771e-01
1.715206244212426068e-01
7.714195282830880185e-01
-9.628827597441591557e-02
4.721127978632322364e-01
5.270269650185666066e-02
6.384552192262928916e-01
-9.115666453678992198e-01
-4.875830032055732399e-01
2.480445311647281326e-01
7.656332892582955463e-01
6.625302974720168603e-01
-2.980141193529270982e-01
5.346110510772046354e-01
2.418648661765823160e-01
3.819433507727172383e-01
7.408536953329099006e-01
2.347833042523754798e-01
-1.896157028280613943e-01
9.504804825446655503e-01
-8.776128152111184466e-01
-2.734264427907995287e-01
8.847085119065418723e-01
9.034032989609186437e-02
3.684751018013254775e-01
8.655529408650428635e-01
8.716093457010707368e-01
-5.357347907770031448e-01
-7.609923060251424509e-01
-7.486747773576774012e-01
5.923280762040670222e-01
-3.766389545678230366e-01
5.004878673450685600e-01
9.834373847620585529e-01
-6.459072328645685257e-01
-3.489489256082300983e-01
2.739827826714771319e-01
6.641082047748199102e-01
1.814616839489322508e-01
8.336726230151332295e-01
6.546680781614178102e-02
5.590747671423699217e-01
5.912328325099380777e-01
5.575114104278893201e-01
-6.216353252241726413e-01
2.307570502591966832e-01
-8.082441681793144372e-01
-4.352935484442519432e-01
2.712901552186663956e-01
4.784723787151623497e-01
-7.377982150561157582e-02
5.944403610785047309e-01
-5.738780731489887543e-01
4.224808733544016537e-01
-2.208440103544491162e-01
-3.674775226790973903e-01
8.259681583359479440e-02
-1.116859253686273146e-01
-4.951526184679866383e-02
3.982472217158898875e-01
-4.607693503087977316e-01
5.463917976915071417e-01
-1.877073283666104153e-01
-2.805479681816316351e-01
3.481634185105146884e-01
9.534647649665013436e-01
8.200142704977877450e-01
3.274544599336528528e-01
5.054332473218725585e-01
-6.608888043927212408e-01
-6.992865305905562323e-01
-3.030343310809995305e-01
-7.281052891382331360e-01
-2.875265722157600567e-01
-5.555019859511767244e-01
3.473774254967108011e-01
3.570938572474466888e-01
-9.977215963561782974e-01
-6.612958344564785484e-01
7.314714876131511723e-01
-4.087791570983765332e-01
-1.200024615938459771e-01
6.955808547296880029e-01
-6.554300996058672890e-01
6.147083310813017398e-02
-8.079684715838657549e-01
-5.768711792565206498e-01
-7.254802713061223596e-01
1.782539299260981203e-01
5.041440934016592212e-01
1.440301639418344326e-01
7.886907824121198729e-01
-1.196394741498008063e-01
6.735275628720831520e-01
5.486114079441717362e-01
-2.705371113725707488e-01
9.265544842263171432e-01
9.587674331466780053e-01
2.021187677389568726e-01
9.236428252188599863e-02
3.555729069118525043e-01
-5.793676156546834211e-01
2.025069859556136720e-01
-4.694105297197483928e-01
9.338981252517590814e-01
4.767129249904480393e-01
-9.330338890447604783e-01
3.151340025554505431e-03
4.970516134429072697e-01
-9.413162602580684712e-01
5.027286941238273688e-01
3.948928031371365943e-01
-9.542103420214258502e-01
-9.601937543588479063e-01
-3.864199495411124730e-02
-4.078919317682345724e-01
4.253639650001599382e-01
