-3.843722757241141430e-02
-8.487363865049795120e-01
-3.125893873511165211e-01
6.614349802755350449e-01
-8.339601132569902653e-01
-2.313945351814961082e-01
-7.583462270450651577e-01
-5.620143120251466229e-01
-1.868702207904175960e-01
5.529628494646896542e-01
-1.667563360760078162e-01
8.107144102679069153e-01
9.871905142266046429e-01
-7.519966702707681083e-01
6.800212916760959292e-01
1.507299348844821640e-01
-3.828907474990848048e-01
1.009537820051746859e-01
-9.973130639297234090e-01
6.584346731466241831e-01
-7.591663876663641286e-01
-8.427341001598565029e-01
-4.326398508314397429e-01
8.042925154683302491e-01
-3.770985460401856670e-01
-5.548353924396083325e-01
-4.257894213540522887e-01
-7.300464267753747905e-01
-3.490570267697674645e-01
-2.881364893885738354e-01
-2.951432427846638618e-01
-1.620487439379059147e-01
-5.970039160757454333e-01
-2.863936501780528499e-01
9.360946082882102282e-01
3.065793794702231789e-01
-7.776772261021536181e-02
6.315967942360736220e-01
4.931707500566824276e-01
5.383740461902011276e-01
-8.474016920007076958e-01
6.341922100873145229e-01
-6.030846820856587964e-01
-2.227644879217272056e-02
1.484565418049994534e-01
-7.129635901954944899e-01
-6.277344489633494007e-01
9.530126944248977772e-01
8.315469718638945906e-01
2.641037605959195567e-02
-5.093488529769372164e-01
-5.286200004047709733e-01
-9.255576456439602584e-01
-1.884456587702021402e-02
6.773909855154425230e-01
-7.578012060347165679e-01
-5.346727643372495287e-01
9.828842698846147474e-01
4.974862211258013200e-01
-8.245486078402854968e-01
6.004444123372643105e-03
-6.192908903244509489e-01
2.362057713535967718e-01
9.984764168513071692e-01
7.088108222840447947e-01
-2.299911478396219344e-01
-1.499069077379797665e-01
1.804285848782267720e-01
-9.326868866984210360e-01
6.852459299930275805e-01
6.382516525163752785e-01
5.791869058153904515e-01
6.778944543709515269e-01
7.938091611629733979e-01
6.865845350104304856e-02
8.775411434773265906e-01
3.993349857213814857e-01
-2.133020771291105344e-01
5.467851841232500565e-01
-8.501948822326008681e-01
1.901917720127861422e-01
9.478846625830177341e-01
9.068526139976407219e-01
5.278436497744449785e-01
8.831324172488430602e-01
-7.456311510958502087e-01
-7.638152065952088510e-01
-9.527337947961851405e-01
-3.479427513217758783e-01
-5.105139969289440582e-01
-7.790888139877034657e-01
-9.683084017508694075e-01
-2.991846789725216560e-02
8.216450392343772613e-01
3.011919799644076079e-01
2.921074129060148294e-01
6.872719731905985174e-01
8.651710598308788303e-01
8.627041580918626273e-01
2.537384458208913340e-01
1.028077909126592360e-01
-2.792169207208350379e-01
-8.773933212866300568e-01
3.945305225645900915e-01
-5.587004973304883215e-01
-8.857826700223474514e-01
-7.760479034651048824e-01
5.118441082496705263e-01
9.122897169123109773e-01
-1.776119300439453763e-01
-8.280854960530614761e-02
-8.870730593431512823e-01
-1.696677379866318169e-01
-4.944592793233226757e-02
3.394799789070930274e-01
8.173115857785988592e-01
8.750990318281250957e-01
-7.531928089227331036e-01
2.984533398633526513e-01
-5.131807424645851157e-02
9.310039934491960434e-01
-6.240647195708253214e-01
6.856837169533820386e-01
3.181803274183152563e-01
-3.008114299462307795e-01
-2.914016504155796383e-01
8.893929296473499502e-01
1.694402825590866080e-01
-9.544179997487227674e-01
-5.245299684517599204e-01
-9.710279280705953475e-01
8.659465666097379000e-01
7.208487856004563987e-01
3.784836781663987182e-01
6.337274935362691153e-02
7.612748058666074513e-01
-6.089668075579757200e-02
2.236965441802674093e-02
-2.797054531760334584e-02
-4.519959596639788746e-01
-3.913218878232702647e-01
-5.679125737034294019e-01
6.405201904156296866e-01
-4.378894816999014949e-01
-4.224766733582596689e-01
-9.397003431881343349e-01
-4.588952143374358528e-01
-8.806750709843220726e-01
8.539098408480365610e-01
8.754715610093222189e-01
4.950560822793599325e-01
-6.150385897949610658e-01
-5.450212786739163651e-01
-5.448869694549067777e-01
-2.846230153066255930e-01
-6.373047873313091305e-01
-8.779070138951678981e-01
8.811865107097249794e-01
7.656332892582955463e-01
-1.040583718455607709e-01
-8.604060535790600817e-01
-9.355691173485967127e-01
-5.664632886550879931e-02
7.461099600049221348e-01
6.817619496236415610e-01
5.126060379272900924e-02
-5.417643210855189739e-01
2.019848647433233335e-01
-4.407081931073204561e-01
-9.046149110845951302e-01
4.671425262435047188e-01
5.315648834882309437e-01
8.267489114950328233e-01
7.754309476611658258e-01
8.716093457010707368e-01
2.833298023205739202e-01
5.496992665475390893e-01
9.865696126489571505e-01
-8.772884055956364779e-01
7.241405237260938321e-01
2.503801577376043586e-01
5.021821530240402343e-01
-3.366343328757335218e-01
-3.290364505580911647e-01
-5.416967963905670036e-01
-2.692304539038976596e-01
1.814616839489322508e-01
-8.938582062013900043e-01
-1.686386863436077910e-01
-1.359123538203486081e-01
-2.390119430252428678e-01
-3.590878060177380426e-01
7.950102988093508127e-01
-3.575462210922211170e-01
-3.908258430101356762e-01
2.568290105636388265e-01
3.162677568043321674e-01
-2.978856644492480221e-01
-2.523809902765477009e-01
7.503606333534560413e-01
-9.369270222825953898e-01
5.338001891346109140e-01
-8.750740401962056048e-01
2.337811089050003677e-01
-5.805091418679437787e-01
1.314013109398284307e-01
-7.848292448744695893e-01
-8.335166901844341947e-01
-9.671733881139794597e-01
4.055041219750639137e-01
-1.877073283666104153e-01
2.250403613182887508e-01
-1.021467227559764712e-01
6.695928694992554497e-01
5.802337712597369634e-01
-3.792719924315384183e-01
5.054332473218725585e-01
-6.608888043927212408e-01
-6.992865305905562323e-01
-7.730818356695743354e-01
7.783079209040888458e-02
8.830848838513813970e-01
-9.300826224428482281e-01
1.783259009582147669e-01
-4.419255031207103279e-02
-5.709638784483523910e-01
-7.798867554191810658e-01
7.314714876131511723e-01
1.317258504294116506e-01
-2.021557766777877241e-01
-1.863807051696673156e-01
5.026989647677508888e-01
-1.594612097058949463e-01
8.866399678926653039e-01
-4.519778024907805669e-01
-8.444032579063307509e-01
-5.860500566769097919e-01
7.904801373323695479e-01
1.440301639418344326e-01
3.770887225757793004e-01
-4.545321627645029228e-01
7.259921970444771500e-01
-7.957583499809208760e-01
7.824287206278530693e-01
-9.525018058535446031e-01
1.876238768403040158e-01
1.602222660353642691e-01
6.067740662594101053e-02
-8.825201673975040517e-01
6.738672923119464198e-01
-3.401861372125742911e-01
2.588488177470980034e-01
4.461184159189348630e-01
-1.832438179461925998e-02
8.355694141467380209e-01
-5.772858480208387100e-01
9.749426197418986639e-02
8.083891280342079266e-01
-4.618613921882059881e-01
-5.236489616663824176e-01
-3.452003071855700433e-01
-9.601937543588479063e-01
9.823198440929234998e-01
2.465374724595805755e-01
6.698155152801927859e-01
