7.785431222851418864e-01
5.797015277478574369e-01
-4.172753064920227128e-01
-8.626320219004542933e-01
7.398401526958079399e-01
-7.529871093442845886e-01
3.852079808709871767e-01
-4.534236063774399472e-01
-2.507970617948478420e-01
2.598261255971188177e-01
6.355612804130330584e-01
-1.559330051071401435e-01
-1.404183381249728413e-01
-5.830248843399834513e-01
7.129586322744128069e-01
-9.008084227731767424e-01
-3.342033556290067153e-01
7.580454040633677337e-02
5.930401133879529274e-01
-7.880180470268203230e-01
4.009363924429718562e-01
5.590370427582354029e-01
4.171726678189040527e-01
7.535977561816011860e-01
-5.617815059716635417e-01
3.032729923712185194e-01
-2.617013938761953984e-01
3.563536651327694482e-01
2.438962858797540378e-01
-3.250968895680010906e-01
2.641227383834687803e-01
9.446610106292874232e-01
8.183287997657695545e-01
6.758085597028895553e-01
-4.403793532338894923e-01
-5.835882882120391191e-01
-2.436315094264585035e-01
3.273527189824902983e-01
3.086224151591796527e-01
-9.110689455360464484e-01
8.273551535391796552e-01
-6.741225396471526299e-01
-2.954922221523901271e-01
-4.026377611706069004e-01
4.370782980401211049e-01
4.190309523067377029e-01
8.809093401010509305e-01
-8.043972468641197304e-01
-1.490440169235860424e-01
4.364727694079404419e-01
-6.163675824753376276e-01
7.631611620798909312e-01
2.203504736462291724e-02
8.900742294912749042e-01
-8.568070952130530937e-01
6.969913497681987646e-01
6.983767114115428942e-01
1.781929055656059635e-01
-6.503292046973667695e-01
9.236777690360523652e-01
9.802888160699778641e-01
-5.828275591802924982e-01
-9.242221326208325261e-01
7.870561268844625813e-01
-4.331052618541573196e-01
-8.640555277545677315e-01
-9.887221410324611992e-02
-1.587678371506884289e-02
-9.586152282979549799e-01
-2.465236446425840833e-01
-6.258806253853792523e-01
-1.025243459141722546e-01
1.059762355235276621e+00
2.581792889044935979e-01
1.117060944122783006e-01
8.488405381518133730e-01
-7.458238908086194385e-01
-2.951178276737969064e-01
8.327021042582687382e-01
-1.858202361049115237e-01
6.560426571221220637e-01
-1.294713684530734987e-02
1.208305085673092721e-01
-5.294043041637985780e-01
6.710017133766843500e-01
-7.931841480966586033e-01
-8.604594340493875171e-01
-5.277391901165966459e-01
-7.572603468057450549e-01
7.631773117057878419e-01
9.143404795029329291e-02
-6.551412733482642192e-01
5.395498023838494195e-01
4.083088021983787286e-01
4.962436222668333841e-01
-9.421470182675055760e-01
3.518701993299109265e-01
-5.696738190240084876e-01
-2.676954172899468354e-01
-1.323432286625836340e-01
5.814017681781831204e-01
-1.308783731487823676e-01
-6.602750040646736540e-01
-5.741112023241992102e-01
-3.186903550574553545e-01
1.638921733047447038e-01
-3.191457408817603980e-01
8.427664568549022572e-01
8.285049124623264927e-01
-2.675072990536639939e-01
-1.891537531137486017e-01
5.568811915145746028e-01
4.943697936161788875e-01
1.531217701667664244e-01
3.440230651654394567e-01
4.426174710069362417e-03
2.184431673591420431e-01
2.463493197532864443e-01
6.155960525870969313e-01
8.086747001757932374e-02
-5.533620115178106147e-01
-4.155352679317450559e-01
6.538321745629123161e-01
-5.830960198869595407e-02
1.351222057838628032e-01
8.459164949659128130e-01
-5.287260653566099311e-01
-7.814564311569625055e-01
-7.775424015713694459e-02
2.988560878167285662e-01
8.127477220677584713e-01
7.054536348723483563e-01
-8.101993718078268625e-01
-2.640032495016317871e-01
8.694826625189955305e-01
-4.105956670609182124e-01
8.799373580543838891e-01
2.585273628445532434e-01
-3.501036100673313722e-01
3.905115361559159393e-01
1.516039845625984928e-01
3.308507380323315594e-01
7.336645109213908444e-01
-5.015137678976218094e-01
-2.481990450358595446e-01
-1.642133557822080814e-01
2.310079433906253310e-01
5.309306337402493192e-02
-9.537173533638376721e-01
1.037751786945069060e-01
6.099023997455426116e-01
-5.019101876968723105e-03
7.004626680166881059e-01
6.044533380910683817e-01
-6.704017822375021307e-01
-9.889680959964908258e-01
8.719930066029922822e-01
2.526174924111825870e-01
-2.852027777289479343e-02
-5.147974241418042940e-01
-9.720779999681338213e-01
-5.376363621857149777e-01
9.362183050229060388e-01
-7.942070291899416823e-01
-2.021811680930929445e-01
5.212987647347322451e-01
-6.166195315946736422e-01
-2.203712670964481646e-01
-8.045809154250822548e-01
4.729770739069693031e-01
6.989839388992906688e-01
9.485259472691426330e-01
1.020900979494039629e-01
2.856394318455606207e-01
-2.818683681320932610e-01
-2.518400849561112653e-01
-2.866624307891969536e-01
-8.705878432544813528e-01
6.930452762902750141e-01
6.944578072568681204e-01
-7.093972061613382785e-01
-7.790122115996720442e-01
-6.753228488219131798e-01
9.601779222234860800e-01
-5.772616436061901446e-01
-5.329911551232813238e-01
2.255280174168310392e-01
-7.738798562581175045e-01
-6.392331340870696099e-01
7.283909771921326382e-01
3.905115204608942125e-01
3.652917470578898040e-02
8.553493598077051008e-01
-5.344786903052585192e-01
8.854332952864228945e-01
7.236785078995999765e-01
8.166038857783873839e-01
2.753766536243472673e-01
-4.156227532932635915e-01
-5.441393509473153589e-01
-3.215212513923249027e-01
-1.819464444825618088e-01
5.409090939499350270e-02
2.293438172572301870e-01
-1.099884419576711014e-01
-7.157746525005825866e-02
7.619380571970921778e-01
-9.802412625045535677e-01
2.108483793617599300e-01
-9.995268886147233578e-02
2.315530431565358538e-01
-4.381594595679442761e-01
-5.097104659343809629e-01
-2.080680960172442973e-02
4.254720522825888307e-01
-2.908372330257975591e-01
9.775725302531326211e-01
-1.084309763979174335e-02
-3.402928401553162452e-02
-2.512012613092529101e-02
-9.305763043784276434e-03
1.966090373199007035e-01
5.778930672517890166e-02
-8.920552689400262913e-02
1.938382941729721587e-01
-7.867063621472778490e-01
1.072359788292454041e-02
5.578202925559283543e-01
-2.770414291972247423e-01
-7.432470529680301752e-01
9.529704332372792575e-01
2.647976217209380145e-02
2.768634659500495143e-01
2.401704817168373030e-01
3.698414267621419338e-01
-3.140091183202708969e-02
8.969675225213570580e-02
2.391899703334334770e-01
2.888273214718930504e-01
4.973679503330247775e-01
-8.420356207762484946e-01
-4.691521715605274090e-01
1.746786027191857826e-01
-8.337568010489093684e-01
-1.785406481159084180e-01
-1.240681026451595642e-01
-1.330348892379857872e-01
5.625343205705446437e-01
6.751357412261187463e-01
2.604455172377111438e-01
-5.895629649545182094e-01
-8.624054920479957698e-01
-4.301901296517149920e-01
7.824893851366323538e-01
-4.967115515589615726e-01
4.993588619401865270e-01
-4.986717875383035459e-01
8.049432060931505095e-01
6.964813951360890876e-01
-4.011359898381097744e-01
-4.156091470667935273e-01
-6.523844220718195697e-01
5.571530855713753283e-01
-3.752389116849006445e-01
9.548057081037263361e-01
