8.285644506838774070e-02
-8.043319942171349712e-01
-3.140441289708360006e-01
-3.925641415784097976e-01
5.975079589797840374e-01
-4.211361422327868365e-01
8.455438511258344114e-01
-7.811593379030810080e-01
9.232163154811618977e-01
8.235066478360462128e-01
6.134092399735333601e-01
2.454763007514124684e-01
-2.924410450663672556e-02
9.749140722556572936e-01
-4.875607307648628375e-01
2.440588092171624979e-01
9.495509775732082769e-01
-1.533498858421904476e-01
-2.277175232876307298e-01
3.440821205677595529e-01
7.319117384717355179e-02
-8.020737906325952071e-01
-4.616995100754595072e-02
-7.515289421968180950e-01
7.581973691736083598e-01
-2.977944466121091871e-01
-4.132363926427540246e-01
-9.772096413897248812e-01
-4.290479039554035978e-01
6.005371600377018559e-02
7.629436586407134513e-01
3.724724312930294268e-01
5.420104180379436976e-02
4.390072837051557375e-01
1.283149669667529302e-01
-1.488300394970467622e-01
1.805420881998778260e-01
6.231396264955562092e-01
-3.715523783775440680e-01
2.092702371396537586e-01
3.298077535403003413e-01
4.049134843435882036e-01
-3.967016679528228007e-01
-5.312147963603648382e-01
-9.823334792707856256e-01
-7.378062611696913908e-01
1.732866657935203669e-01
4.155421107256045410e-01
4.279354396204659849e-01
6.317819745247947871e-01
5.951146502334454524e-01
6.962935766321962650e-01
-4.332780980588502029e-01
8.978107779522825904e-01
3.685566510766788983e-01
6.016770300943923289e-01
-2.108876430679691438e-01
-1.954043554133422234e-01
-9.042031649189559150e-01
3.695000395831202766e-01
-9.102650324882473054e-01
-7.280113987784702090e-01
-3.393522096576440106e-02
-1.683809878500479584e-01
-6.207991209199277272e-01
9.180652247369962549e-01
-3.740347326372506220e-01
-6.536210560221151766e-01
6.500368385888855016e-03
-8.651259654309817471e-02
-4.975334080807121140e-01
-3.231479450728831360e-01
7.195780067731354368e-01
3.184344982165461246e-01
-5.868118443039842536e-01
2.162818962112471599e-01
5.020834287055819800e-01
-6.669741581152828225e-01
5.247138583397896738e-01
2.105368690259057374e-02
-6.679817784205468456e-01
-3.831017613055247573e-01
-4.208299294001642821e-01
5.320217075997861755e-01
7.318085736241815020e-01
5.375305212590553161e-01
5.793649154288476044e-01
1.656738470167393729e-01
1.786371910074135982e-02
-9.580195726620928109e-01
2.445838040456531637e-01
-3.129690946245147209e-01
4.288380486201994746e-01
-2.322347659004946330e-01
2.863474519873843160e-01
-1.732331747716644443e-01
-3.367529833517466376e-01
-1.276040406096115021e-01
6.019043954252707440e-01
3.795166721605403026e-02
2.020108615933702279e-01
8.646466585515000247e-02
8.041753276833716324e-01
-3.141108222538948613e-01
-8.529274785960254679e-01
-7.261462112241965361e-01
-7.871598697265695943e-01
9.183123336272431825e-01
-7.932726570414905254e-01
-2.513621733737620989e-01
6.178471537918928114e-02
9.950414113460925858e-01
-3.122281378620266334e-01
-4.139145447879064577e-01
5.551009144213421287e-01
-9.905729419127276003e-01
2.155249112422872315e-01
-7.735429033340976979e-01
5.150915424833109046e-01
4.189509996557125859e-01
-6.378033291533240501e-01
-8.675178596688206678e-01
5.309359379886864350e-01
3.587325331450914589e-01
-3.354600619394727534e-01
6.601299622579377413e-01
1.675347045847188632e-01
-5.268190757667479129e-01
-6.887474000027351551e-01
-8.817575491915792263e-01
-3.193211311296915156e-01
-5.767403373849682158e-01
-3.464383622799354079e-01
3.359374787944024998e-01
6.566381158264311679e-01
6.154680493371695871e-01
-7.013106436749738659e-01
9.960355819568162961e-01
2.570354399766954234e-01
-6.784967783108681871e-01
-5.391485438629397553e-01
-6.158772562525063332e-01
-7.074930042903297966e-01
-8.187343713527364120e-01
-9.804458823126480649e-01
5.122478370114385005e-01
-8.119370385647903809e-01
-7.850732549333838683e-01
-5.256402551337233664e-01
-3.377919702208576069e-02
9.082958772610647546e-01
8.152956911366833204e-01
-4.717920152836370118e-01
4.808159698362302059e-01
8.693968003655918597e-01
2.360536767997183372e-01
-9.253930319816721095e-01
9.061370485750399606e-01
-6.766741735300849658e-01
-8.825528375319473540e-01
5.127135050817515083e-01
-3.591846231780120302e-01
3.586213837407912219e-01
-2.872115586894778971e-01
-6.286051818532065738e-01
-9.957698186501318105e-02
7.989210327869105122e-01
-1.270583698099756464e-01
3.840664476178266007e-01
-8.015662594156245380e-01
2.426192068687851311e-01
3.808802226329959240e-01
5.472391667586697928e-01
-3.573221266936439378e-01
-8.401031344308769189e-01
6.310079861568902437e-01
-2.128115673851214140e-01
9.130557154486234062e-01
-4.997830549546959933e-01
7.770704873645595256e-02
8.619979303475089338e-02
-1.018556552360143641e-01
8.936111283988570353e-01
7.652193257980395291e-01
1.411688416764160792e-01
3.133698337234933629e-01
4.438482162104304685e-01
2.132206914492689176e-01
-3.889441226192724699e-02
-7.228013516748861278e-01
-3.081998146200759514e-01
-2.544212083048824624e-01
2.948967156414934454e-01
4.017146866215215439e-01
1.062135787485654070e-01
-1.319461851367575989e-01
9.922287298577203707e-02
-4.498639569255287185e-01
5.250847417134838491e-01
4.686829676080879192e-01
6.500405452289172992e-01
-2.443696454229116188e-01
-4.400088739380445535e-01
2.797464817020169914e-01
2.514305248338328802e-01
7.063557016452384207e-01
5.364815357194974155e-02
2.516056595488636027e-01
2.045659240179431571e-01
-7.140019601628404544e-01
-2.993397299995597116e-01
-5.890260395855171360e-01
-6.890582973028869240e-01
2.874668704436555977e-01
3.268383880954499610e-01
-5.558172325175585460e-01
9.847830149545111489e-02
9.665849763036240549e-01
7.020051826452013977e-01
8.983018454470019787e-01
7.924209187100130780e-01
9.439168724799378296e-01
-9.513111950580022125e-03
3.962309769350371713e-01
-2.364326719172071822e-01
4.865657768650510917e-01
5.444460463559246399e-01
1.050315233376168944e-01
8.056183229304232363e-01
-2.768915157567291008e-01
-7.239411161540878492e-01
1.955067508286758571e-01
8.350273036334534549e-01
-8.137386962124903977e-01
2.145520338067643529e-01
5.686538099759261833e-01
-6.249643586751252311e-01
6.886244256173066347e-01
9.997338348688520338e-01
-3.108581864903028347e-01
1.383218353603079542e-01
8.735139214258904605e-01
7.226375708446486357e-02
8.803869932424797096e-01
3.660236203466753491e-01
-5.298588504544721189e-02
-7.178175544653200291e-01
3.146316331970855362e-01
-8.245801788149633715e-01
6.190316638086814649e-01
-5.805070291906380131e-01
-6.250232270962663428e-01
-1.313368517607571562e-01
8.102878029720841369e-01
6.264486727876623640e-01
-3.398531729583855743e-01
2.571608717630944341e-01
9.312013451409599796e-01
6.326798373105702034e-01
-1.750227375125161799e-01
7.855363329436304554e-02
1.130134283555752628e-01
-8.489145635108579224e-01
-5.407930518139587583e-01
-5.225910007238150357e-01
