8.033307216550100716e-01
-7.596867773058122442e-01
-1.449099692965065689e-01
-8.802034886874627873e-01
-7.601134197682548610e-01
7.108243935508129496e-03
9.919318906651148904e-01
-5.426528372006749201e-01
-8.043558427966626123e-01
-2.354387167691156524e-01
-5.523291604296172164e-01
-6.163933996622912304e-01
-9.703353014091682383e-01
-7.525956431284461789e-01
-4.875607307648628375e-01
2.440588092171624979e-01
9.495509775732082769e-01
-1.533498858421904476e-01
-2.277175232876307298e-01
3.440821205677595529e-01
7.319117384717355179e-02
-8.020737906325952071e-01
-4.616995100754595072e-02
-7.515289421968180950e-01
1.025070282441846725e-01
-2.977944466121091871e-01
-4.132363926427540246e-01
-7.935051344877119828e-01
-6.766612490912060629e-01
8.698425825991535909e-01
-3.210667006185430328e-01
-4.125325545756131085e-02
1.560087009363053667e-02
-6.275367997212919491e-01
2.719873632497749050e-02
-2.739129015658610111e-01
4.809158528916794850e-01
-1.189790553301268705e-01
4.234318763548330367e-01
-2.276589512062154874e-01
9.943905417714413719e-01
-3.149204778396805793e-01
-3.967016679528228007e-01
-5.312147963603648382e-01
-9.823334792707856256e-01
-7.378062611696913908e-01
1.732866657935203669e-01
5.998698470020542572e-01
4.279354396204659849e-01
6.317819745247947871e-01
5.951146502334454524e-01
6.962935766321962650e-01
-4.332780980588502029e-01
8.978107779522825904e-01
3.685566510766788983e-01
6.016770300943923289e-01
-2.108876430679691438e-01
-1.954043554133422234e-01
-9.042031649189559150e-01
-9.316599169339943032e-01
-9.102650324882473054e-01
-7.280113987784702090e-01
-3.393522096576440106e-02
-1.683809878500479584e-01
-6.207991209199277272e-01
9.180652247369962549e-01
-3.740347326372506220e-01
-6.536210560221151766e-01
6.500368385888855016e-03
-8.651259654309817471e-02
-4.975334080807121140e-01
-3.231479450728831360e-01
-2.844980056814185865e-01
3.184344982165461246e-01
-5.868118443039842536e-01
2.162818962112471599e-01
5.020834287055819800e-01
-6.669741581152828225e-01
5.247138583397896738e-01
3.071799699924795402e-01
-6.679817784205468456e-01
-3.831017613055247573e-01
-4.208299294001642821e-01
5.320217075997861755e-01
7.318085736241815020e-01
5.375305212590553161e-01
5.793649154288476044e-01
-5.942162216357618210e-01
1.786371910074135982e-02
-9.580195726620928109e-01
2.445838040456531637e-01
-3.129690946245147209e-01
4.288380486201994746e-01
-2.322347659004946330e-01
2.863474519873843160e-01
-1.732331747716644443e-01
-3.367529833517466376e-01
-1.276040406096115021e-01
6.019043954252707440e-01
3.795166721605403026e-02
2.020108615933702279e-01
8.646466585515000247e-02
-3.825747660246392456e-02
-3.141108222538948613e-01
-8.529274785960254679e-01
-7.261462112241965361e-01
-7.871598697265695943e-01
9.183123336272431825e-01
-7.932726570414905254e-01
-2.513621733737620989e-01
6.178471537918928114e-02
9.950414113460925858e-01
-3.122281378620266334e-01
-4.139145447879064577e-01
5.551009144213421287e-01
-9.905729419127276003e-01
2.155249112422872315e-01
-7.735429033340976979e-01
5.150915424833109046e-01
4.189509996557125859e-01
-6.378033291533240501e-01
-8.675178596688206678e-01
5.309359379886864350e-01
1.507853636372475936e-01
4.248363442769993448e-01
-2.663575357422829359e-01
-7.115491223236154461e-01
5.343123469179122953e-01
6.330631982193790641e-01
-3.301078164638067136e-01
9.429489989115480419e-02
9.633341200804981241e-01
-3.464383622799354079e-01
3.359374787944024998e-01
-6.624521969698777824e-01
6.154680493371695871e-01
-7.013106436749738659e-01
9.960355819568162961e-01
2.570354399766954234e-01
-6.784967783108681871e-01
-6.851080442002985826e-01
-7.147699321256659744e-01
2.893924183276188611e-01
-2.729947971080370905e-01
9.423901299855057534e-01
5.092145173950886061e-01
-5.314985057423395887e-01
-4.966324052515567189e-01
-1.540453193214657013e-01
3.063847536693873330e-01
4.788278539662538247e-01
-5.050144971244829861e-01
-3.315476595772617330e-01
-5.697414066248456255e-01
2.257407544011149625e-01
-4.413546296876214026e-01
4.621338381339215040e-01
1.872130379209064888e-01
8.498292396492068690e-01
2.527866355234478224e-01
4.985909534765624596e-01
9.572661342356292291e-01
-9.477571537942610647e-01
-9.596516549140634567e-01
8.751012123920756114e-01
-9.668566223572194751e-01
7.086972498838131074e-01
-1.451911616793735149e-01
-5.170775438889883002e-01
-8.015662594156245380e-01
2.426192068687851311e-01
3.808802226329959240e-01
5.472391667586697928e-01
-3.573221266936439378e-01
-8.401031344308769189e-01
6.310079861568902437e-01
-2.128115673851214140e-01
9.130557154486234062e-01
-4.997830549546959933e-01
7.770704873645595256e-02
8.619979303475089338e-02
-1.018556552360143641e-01
-7.975065815294966054e-01
2.381442848811821111e-01
1.411688416764160792e-01
3.133698337234933629e-01
4.438482162104304685e-01
6.042410380263041336e-01
5.242137410728315849e-01
-5.274357950699917197e-01
-9.143249806091033882e-01
-6.531666686403327926e-01
-5.430094813519006358e-01
6.476926241838887321e-02
4.305421720176147993e-01
2.741900401315211511e-01
-7.601646221892857103e-01
9.508314611730579458e-01
7.183675417362094251e-01
7.653220627898464912e-01
-6.087635058709528479e-01
-5.692981894276811783e-01
6.602585504990163834e-01
-9.477040423664826463e-01
5.498746403395451399e-01
-7.151191876826068494e-01
9.982196968087133637e-01
-7.920143829087507026e-01
6.215300801197098934e-01
-4.199059250296954815e-02
2.945949043918005827e-02
6.777184955883670536e-01
1.994468456965763359e-01
-1.231032813752941379e-01
9.968522861491102560e-02
1.214409778743603674e-01
-2.872235994295058159e-01
5.270727819784881696e-02
7.020051826452013977e-01
8.983018454470019787e-01
4.025566046020840894e-01
9.439168724799378296e-01
-9.513111950580022125e-03
3.962309769350371713e-01
-2.364326719172071822e-01
-1.265083207074693128e-01
5.444460463559246399e-01
-8.813426245427722350e-01
8.056183229304232363e-01
-2.768915157567291008e-01
-7.239411161540878492e-01
1.955067508286758571e-01
8.350273036334534549e-01
-8.137386962124903977e-01
-5.519696611365516592e-01
-5.481928714635648792e-01
-7.381561256394759685e-01
-1.679129684502844722e-01
3.671850588348468669e-02
2.903202626748793147e-01
3.425559184916668887e-01
5.290816555714250580e-01
-5.214210679085662381e-01
-5.121583514844596507e-01
8.466596817216629489e-01
4.719914799791020688e-01
3.592724322499356582e-01
4.046685182743607889e-01
-1.159965664222057935e-01
7.768243011883806393e-01
-2.347167715900024820e-01
-3.793504400841831714e-01
7.957934997749882555e-02
3.849455981621430212e-02
6.575444073051275318e-01
-9.485938643835003514e-01
-4.838050989375910493e-01
-1.754705657691713050e-01
8.187057615744148809e-01
7.795022725120754892e-01
4.509572262695824563e-01
-1.644298231435901148e-01
-7.179318591171091057e-02
3.132990701529567712e-01
-1.362540116396315781e-01
