-8.471237499436558016e-01
-5.956326984654098933e-01
1.111576110707051646e+00
-9.098429678630630679e-01
-1.038426647213831266e+00
-1.897135593261892461e-01
-1.265912273317795433e+00
-1.198264594266738037e-01
1.638116367462502776e+00
-1.027843240344266246e-01
-2.637264991212514564e-01
7.129761477963489358e-02
4.174509800594830566e-01
-2.025243494638926389e-01
1.592846171348904605e+00
6.103422572841435967e-01
-6.515387862424726340e-01
-1.994552372108367444e-01
7.536621775967220493e-01
-3.173517664672583782e-01
-5.362690626365580471e-01
-1.590146558809085509e+00
-3.738739208014860704e-01
4.497426490959005596e-01
1.692696828589690117e-01
-7.433935817142532931e-01
2.174456352922399915e+00
-1.354184294654656451e-01
4.098596325976756605e-01
6.183850799321368719e-01
4.452349372461712473e-01
2.852851577025351526e-01
1.309993908814610641e+00
3.249776978189457544e-01
3.188751057579434223e-01
-3.480116962852768947e-01
3.600023794874553928e-01
-6.525258918187680779e-01
3.517236468914495262e-01
-9.428255230161787237e-01
-9.591320542439853158e-02
-3.716636199952278452e-01
6.630372124877900175e-01
-1.204296245048580571e+00
-4.224430531051235893e-01
-1.240580117192140674e+00
-6.964962073036533585e-01
6.958197474138028138e-01
1.119170090187378896e+00
4.241073559057628173e-01
4.686687067894257375e-01
1.156992506703504509e+00
-4.826605145788684381e-01
3.794266633253251531e-02
-2.374209339048940492e+00
4.843820328796391572e-02
-4.095244217848617585e-01
-1.121958824582922620e+00
1.819777053954152901e+00
-1.968233303693828207e-02
-6.755792691384828741e-01
4.146141725993574556e-01
4.447254735015699900e-01
-1.007278671209954207e-01
1.444657134314867086e+00
-1.553036060562051901e-02
2.088568818149713624e-02
-5.382127435582660935e-01
-1.127329300876978246e+00
-9.404601186610626051e-01
-1.158345620082090605e-01
1.637684659054541858e-01
-9.096212667993237577e-01
-9.742272448734736606e-03
-3.924692224383071193e-01
-9.475550030202697371e-01
3.786393889777452948e-01
-3.887192386066533611e-01
-5.095838315473710800e-01
4.690254218476808679e-01
-2.176037503590817768e-01
-1.980195407051544287e-01
7.375702918286122789e-02
3.552142619325803774e-01
-5.094441793204931290e-01
3.942703257143768125e-01
2.744193593113737339e-01
1.604769013944597811e+00
-7.359749643923252371e-01
-7.464809741996820680e-01
8.424548889143448349e-01
8.129556813238218993e-01
2.160807558572513665e-01
9.676607254031039940e-01
4.061321422703713657e-01
5.888459786887779990e-02
4.968702680926778692e-01
-1.296825012938307875e+00
-1.048737202052963502e+00
-1.399872233822077705e+00
4.125732699738212661e-01
2.544120350514065820e-01
1.204350800304614166e+00
1.099900747425216707e+00
4.702875087085831574e-01
1.846242344772778821e-01
3.276426294615963908e-01
-1.299761983736224813e-01
-5.292417497665805604e-01
-5.005898915659455772e-01
4.669069304194006231e-01
3.813873336521958479e-01
1.139924239295072445e-01
-3.963450487954103263e-01
-5.779622939004549487e-01
-7.313934769778607237e-01
-1.403941534069615305e+00
-4.963028596145905302e-01
-5.827279959257597453e-01
-7.698939508366000606e-01
8.167044220278678601e-01
-8.806374062787927226e-01
7.900324819195424508e-01
2.022708972516655268e-01
2.549410182243053158e-01
-7.769165212504393070e-01
1.951276767257582312e-01
-1.813649733425460653e+00
-8.847347652290983300e-01
-4.159059572410972461e-01
1.610095102643990472e+00
1.819703752169864686e+00
-1.373369500791486786e+00
1.448211184710963551e-01
-1.888179388699130212e-01
6.149364696903045768e-01
-6.090295163416385993e-01
-1.224912850525276542e-01
4.578937185183229452e-01
2.373706644674397070e-01
-9.633546140547003533e-01
8.502446815480325659e-01
4.329200849502704562e-01
-1.307676674352050983e-01
-5.894879061027481493e-01
-2.419110078392998631e-01
3.025930544693438695e-01
1.356574638595851701e+00
2.792563032452777261e-01
-8.126834462605522225e-01
1.376835230765219853e+00
2.437863688832919984e-01
3.316511337860515718e-02
9.300564655659649960e-01
3.448773185652472817e-01
4.229216771121042662e-01
3.607191601108591383e-01
7.469828580246655747e-01
-4.547918147671487499e-01
1.836077310237375637e-01
4.191449835721693939e-01
2.035237731291124619e-01
-1.502650848507820214e-01
-2.112052205973309782e+00
-2.747154499153923179e-01
-6.974863239555845196e-01
-7.869897257019642378e-01
1.825311428189436980e-02
4.365435146258667132e-01
-2.992358174260874581e-01
2.463216900870547621e-01
-3.064804558719065875e-01
9.238015880012646619e-01
-3.157724023206517905e-01
3.426392695320790716e-01
-4.830262002433749480e-05
-1.884602702343140257e-01
-5.425536408022169077e-02
-2.646021363752484312e-01
-4.807882943426410871e-01
4.334888271264032977e-01
-3.479330317725369826e-01
9.939492004057406405e-01
-8.860365749941560010e-01
1.806230763813232443e-01
-1.274945998056249419e+00
4.159834544447048588e-01
2.409463908751046934e-01
3.750571944118683554e-01
-7.889194939449332145e-01
-1.114626550289379736e+00
1.988001792744523932e+00
4.278498100599088527e-01
5.643409889244495048e-01
6.553298751271177669e-02
5.723785103624430270e-01
-2.353719158318046678e-01
4.693932678491539723e-01
5.047977521694435588e-02
3.054863926417026310e-01
-4.017287795999925915e-01
-8.059337154345637133e-01
-6.409173908558830624e-01
-3.931873991255144807e-01
5.649683520002477533e-01
-1.870025831330068389e+00
-7.868108110909577402e-02
6.868761812802453015e-01
-9.825720162822132453e-02
5.416382625912733451e-01
2.767195946628429049e-01
-9.584299456342093571e-01
-5.708436203707936002e-02
9.047866158756892596e-02
-1.927220091544882830e-01
-2.217850907283877016e-01
6.946896324836624448e-01
1.559580843878146938e-01
1.300728383724109039e+00
3.332571299297233947e-01
-2.537946370685162378e-02
-9.767781367734922338e-01
6.100738105327040417e-01
7.364046609166724489e-01
-1.999579203421685547e-01
-7.309331169648108917e-01
2.109351059208057766e-01
-6.382152543381460763e-01
2.379156832286932755e-01
9.514250781753624819e-01
-9.748316110824020164e-01
-1.315682906573149014e+00
1.323448596502732721e+00
1.636634436655949876e-01
1.443861246581183533e+00
7.879809996408206063e-02
2.333730093639494019e+00
-3.004106510859719803e-01
-1.024952621042319462e-01
1.513334441996448509e+00
-2.890721802887249670e+00
-3.175757640351749012e-01
-8.329469745229808320e-01
3.455893548822831507e-01
2.708744213549575952e-01
-1.870129974913161131e-01
-4.773162340157156569e-01
7.432549334284799247e-02
-8.581767489794778214e-01
-2.202165048404027825e-01
-1.179008048643447881e-01
-7.055833829163704607e-01
2.337601693581760065e-01
-5.438895720439398396e-01
-1.774971298821107490e-01
-1.435465834120339401e-01
5.216783428533119382e-01
1.371189831162285266e-01
4.148809085641460559e-01
5.750629538123235296e-01
2.322791714014655007e+00
4.073627218195145505e-01
1.194009288293430782e+00
-5.982146608235150431e-01
1.522592530626383667e+00
