-6.356421389843737169e-01
1.789010727877782703e+00
-7.283739423089945486e-01
8.217656665544091910e-01
-4.197398880670447641e-01
-9.113227042029437008e-01
-3.218476410581482261e-01
-3.897254776759628836e-02
-3.057968760605822567e-05
-6.031045561571508618e-01
7.352498382786286646e-01
3.456551875778278715e-01
4.706069775695375657e-01
1.402852127005946581e-01
3.874079699464212379e-01
7.145361330715415127e-01
1.113916919170564235e+00
-1.294670879681898423e-01
-1.359375330186689990e+00
1.182474597269121130e-01
-3.254872752431106075e-01
-1.682957570859349605e+00
-2.223956506876551276e-01
3.995502805521569112e-01
1.953095907942860587e-01
2.624968277256411464e-01
7.302241698611680043e-01
5.494703145526400601e-01
9.869243805485984344e-01
3.867512260000703916e-01
-1.356088656319367924e+00
4.854259782704259396e-01
7.455032587609179417e-01
3.055779493781654033e-01
2.811071780584145641e-01
-1.400108088918126381e-01
3.332269773150173253e-01
-4.033918146486181744e-01
3.407538469789821445e-01
-1.149382528338506848e+00
-3.934933942260806505e-01
-6.360180936931291162e-01
5.845303961811403326e-01
-2.048521574866230655e+00
1.754840445358926970e-01
-1.509720930859683063e+00
7.413272138941902067e-01
-2.266102923087521259e-01
5.264914534243209099e-02
3.128577062545470078e-01
2.628063086063900725e-02
1.276200165545127829e+00
-4.772044841023725947e-01
2.091152978804343421e-01
-1.806539701738032466e+00
3.819291363152437641e-02
-4.359816590313720930e-01
6.083751974512672245e-01
1.625306618603150177e+00
8.814042867574428675e-02
-6.824973540587161436e-01
6.403341128176462949e-01
-5.852620380022066637e-01
-2.509572518225142157e-01
8.755061872784352106e-01
-7.567104270185016635e-01
-7.193909878567915639e-01
-6.416677351654241912e-01
5.514236108101289169e-02
-8.401516550645796721e-01
-1.030961043794657445e-01
5.169767661102609990e-01
-1.170635111226396435e-01
7.384074339511973450e-01
-5.971707019679820538e-01
1.159465436523571119e-01
-2.639899205755633638e-01
-3.874170135406816984e-01
-9.659293541950527695e-01
-9.775859872520591409e-01
-5.721391056554434584e-01
-1.208699010895156467e-01
7.400073135959535087e-01
3.677063112660493571e-01
-1.595607708052477480e-01
8.352086726743459533e-01
3.481636559107875728e-01
-1.924883869984686524e-02
-9.296288693841885387e-01
-8.998848530035525872e-01
8.083881657106498642e-01
-1.294133636717833102e+00
-4.647569498293040446e-01
3.780854042541121340e-01
5.994281799829952462e-01
-2.846936355941067642e-01
7.039124967309091652e-01
2.726270851001624806e-01
-1.653892961490899260e+00
-5.142415617548337092e-01
1.327748388569618965e-02
1.052288810383656403e-01
-2.104455234247413209e+00
-2.167542945864618376e-01
-8.607110649222311505e-01
-1.525283709862796933e-01
-3.020711560476025404e-01
8.873619014495274238e-01
-4.321282742323429016e-01
-1.451916346791204848e+00
-3.224219376814680960e-01
4.186654978538494332e-01
2.469735392585963862e-01
-1.298300293489493384e+00
-6.343475201309886069e-01
-5.219776476618058769e-01
-3.393503870778857845e-03
-1.318631171764513554e-01
1.031597102571727154e-01
-5.299165797270484202e-01
1.209976543985484598e+00
-9.551960450612917430e-01
6.694812066430133601e-01
2.733772704696945111e-01
-5.148774848269392634e-02
-3.239065812128477106e-01
-1.435092280676015575e+00
-1.893053781196883389e-01
2.386843030451122061e-01
-1.624813591058298090e-01
4.294558970128916631e-01
-7.070262071291880668e-01
-1.590207000385422398e-01
-8.261260462461861298e-01
-1.081319153324841881e-01
3.889780984358333638e-01
-6.875717504570489913e-01
-2.007133901451788327e-01
5.796109726558000830e-01
2.020611755434357504e-01
-3.083322666317758753e-01
6.701210761299294383e-01
2.196933164521744697e+00
-4.062065176504955910e-02
-5.725985704518664621e-01
-2.709506023569648869e-01
-3.970010723086089266e-01
-1.133211077676838652e-01
6.316616809859485482e-01
-9.691980999633506011e-01
-1.574548716249942748e-01
-4.521993501910914759e-02
9.880484856344035061e-01
3.688910193201763166e-01
2.225735159661839546e+00
4.948813412982886462e-01
2.700322567868854162e-01
9.290579926524077381e-01
-9.019869063666571263e-01
3.895912952060057166e-02
2.552734561712748929e-01
6.726249153439970430e-01
-7.273889314227593994e-02
-1.074577301065645640e-01
3.604228555773433262e-01
-3.932538116462011568e-01
-1.664918029280767209e-01
7.775012258055393755e-01
-3.760277222663108709e-01
-4.687396894340110642e-01
-2.218571768550069157e-01
-1.499936661050060405e+00
8.711942513191807125e-01
-4.627456070120687381e-01
1.292581083013985666e+00
1.164702019808978584e-01
-1.263685165108946185e-01
-5.840539567193049342e-01
9.505720267429156323e-01
-4.964915913241551571e-01
-6.086568339408061634e-01
-4.488350374698442113e-01
1.051065180522430531e-01
-8.917760208399095889e-01
3.594770078868504970e-01
-1.488905291958962041e+00
4.737443453666869142e-01
3.872647331259078118e-01
5.245613130130289958e-01
-2.140949212748392672e+00
-9.868048885079876431e-01
9.522120607423489869e-01
4.933824615294987725e-01
8.407343634646731179e-01
-1.022723559908159802e-01
3.504907633971712788e-01
-7.118238951262475522e-01
1.735297604930280402e-01
-1.040402959173025998e-01
3.647911953459192502e-01
-2.408915900865639115e-01
-1.036325297130468392e+00
-1.030942019222508055e+00
7.010181300455007314e-01
-1.409954559648101124e+00
-1.486458442646225064e+00
-1.389243856074877104e-01
1.081729538937480140e+00
1.103129733697150727e-01
2.572600075407237563e-01
-9.722633855556780946e-02
-1.090740932994034074e+00
-4.339009452483891249e-02
1.670717929108089250e-01
4.924727811271768507e-01
-3.128346499788008384e-01
7.039721340894865564e-01
5.977235570234591400e-01
3.322516768032462431e-01
2.146055260869966230e-01
-3.104659203102003162e-01
2.138560199212412027e-01
5.493997519550443132e-01
5.255116068399293683e-01
1.798416117083495858e-01
-7.356416343891444276e-01
2.032013047634940728e-01
-4.991790690309029777e-01
3.262034344854507495e-01
4.982871469326419223e-02
-1.501987407122296059e-01
-1.736045448139883485e+00
1.057413944521244709e+00
-3.796455607215288297e-01
1.296918124757207691e+00
-5.168090258919558755e-01
4.587097801603040814e+00
-1.957468225974213216e-01
-6.925790841019400235e-01
-1.461307407973919892e+00
-4.867011949235230617e+00
4.224450633207316175e-01
-1.574266360953282096e+00
-4.052779877793024621e-01
1.767332937218152544e+00
7.880253517003182884e-01
-5.752474284279417427e-01
4.926735285286790722e-01
-3.358411903690318723e-01
-1.604114687561666863e-01
4.126438525997727647e-04
-1.242351721168137413e+00
3.007778656668833595e-01
2.028650101621521928e-01
8.332950605986889636e-01
-1.806574275928219731e+00
7.933925510744066489e-01
1.660095692235039055e-01
4.170978843250556789e-01
-4.542608678258396870e-01
-5.457465258838627431e-01
-1.377724116181647585e+00
-1.038714066749804710e+00
-6.987184588977245481e-01
1.705332694732679677e+00
