-1.773835734228663696e-01
7.262053339704408472e-01
-6.014650243839336774e-02
-3.300162939429278630e-01
1.920226695250453197e-01
8.171723542239563987e-01
-9.896420171360658102e-01
-2.140180243029874418e-01
-7.448258421046560773e-01
-6.939783806656245613e-01
-2.076321282190529693e-02
-2.044803316737524579e-01
7.971723615872765567e-01
-1.563757919363106819e-01
-1.977645054804919589e-01
-1.979082208171574209e-01
6.384908971915046472e-01
-8.790883507359796845e-01
-2.362699460563677523e-01
-5.461384389856815957e-01
-7.277979078272558411e-01
9.496379237053398370e-01
-3.976189991865375362e-01
5.875916939987542165e-01
-6.645453829876672991e-01
-2.452723967221410728e-01
6.041253677986206938e-01
-8.118936522369177844e-01
2.889183678469908756e-02
7.181830553994832389e-01
3.516247583405849308e-01
7.060742051539499187e-01
4.269518808614263250e-01
-6.589454799968816889e-01
2.400546743830282992e-01
8.603698425892081225e-02
-5.088595037503231833e-01
-4.575473686974518284e-01
4.316012570005476334e-01
2.501707210243195867e-01
-9.778808840098671684e-01
-5.065497360455943898e-01
-3.562275036027298114e-01
-4.108919741090757416e-01
9.109877373636416920e-01
-9.462902979835647876e-01
-4.325231304106549324e-01
-4.204392669557575068e-01
-7.236635168540532792e-01
-9.090488573208144185e-01
-9.687593665335758608e-01
3.394620707689630645e-01
-3.984098866020773233e-01
2.106182695823772821e-01
8.201991849901768550e-01
7.299237128946693964e-01
-4.940200547754709515e-01
-2.531523459843540991e-01
4.847147556911379773e-01
2.171989983726474449e-03
2.738468790105286210e-02
8.269900681970872025e-01
-3.237187823828184818e-01
-4.329775101375807900e-01
-8.705622876741645477e-01
-7.755799856750213994e-01
-9.652696024119973295e-01
6.396899673624572014e-01
-6.842543669092129299e-01
-9.225156666834573027e-01
7.220051658222068625e-01
-2.585918428077462750e-01
-9.035535886156469410e-01
-6.492792792163311066e-01
-8.821981117771688918e-01
3.541477212364476657e-01
5.870962933894261493e-01
1.100054505822722906e-01
-5.283197875331844262e-01
-9.417943943717625999e-01
-7.819550728074384782e-01
-6.542605381376744855e-01
-7.221594534922806119e-01
1.733577434173450005e-01
1.471849516774126343e-01
-3.643711876322448528e-01
-1.783856074825767024e-01
9.951049518747949740e-01
-9.696959252504073756e-01
6.769792170567350276e-01
-6.627091352265006563e-01
5.049945889507068131e-01
-6.435366704902245605e-01
3.437708635176204286e-01
-8.584992691349246918e-01
2.101483284557923437e-01
8.412177425189382163e-01
5.880890141053198850e-01
5.936025176760477695e-01
4.864729356675194794e-01
1.025665428411755009e-01
4.571762657349982550e-01
-9.695791671124502908e-01
-9.374124789682116710e-01
9.300644067556236294e-01
1.011374011215260271e-01
3.148838259620647673e-01
-5.936403318730503198e-01
-6.242020621023947058e-01
-2.382000192190902865e-02
-6.923135755829190607e-02
-3.452350441195481956e-01
9.601088192892142104e-01
6.334310908395428541e-01
7.459787657395040572e-01
5.436949372495141208e-01
7.104400740777601087e-01
3.237924290929201643e-01
5.446546531883693643e-01
-8.018028021993210963e-01
-4.976079169785980749e-01
-6.864342289209268699e-02
-1.794746487210610031e-01
-8.968268767619698156e-01
7.965611635007270319e-01
-3.833886678426452477e-01
6.305281458364615510e-01
-1.051044054282146423e-01
-1.967030082605747410e-02
8.153013690640056321e-01
-5.943012985792994751e-01
3.101120606989109518e-01
4.417399812613576060e-02
-8.915749938299595279e-01
9.286708632771605298e-01
4.702786359995525522e-01
-6.231300923329159414e-01
1.558734052086550026e-01
4.598202406936868769e-02
-7.091393302017956479e-02
-1.286840976308234463e-01
-4.149584517398339223e-01
2.780479123029717670e-01
-8.427739841016703704e-01
2.880638581709926704e-01
4.211213880939148613e-01
-9.045471099127204706e-01
8.019506531364430924e-01
-4.260034149716485086e-01
7.627866303900294742e-01
1.986552477108682879e-02
-6.014576926823296255e-01
-2.803157578651933601e-01
9.840606033860721524e-01
7.674533934075493669e-01
-5.172672711655001976e-03
8.701837154596627766e-01
-8.173439883209718815e-01
9.596626247943693677e-01
-5.557839077370465564e-01
3.997612427934504886e-01
2.583079367121474679e-01
-9.882258104891361583e-01
-4.124470703690137352e-01
1.031085065285965996e-01
3.246894045658963446e-01
4.469352160696726806e-01
-5.356400486705721331e-01
6.733314855961081147e-01
8.162080348012579201e-01
-8.663933323518004936e-01
5.535767588675444273e-02
2.181384195279263416e-01
-7.572425911003333177e-02
-2.878236529974311786e-01
-3.069954393150196026e-01
-2.903014210945575879e-01
-7.580699491187683492e-01
-8.322203362902527157e-01
9.009196782939590253e-01
1.879405728255785224e-01
2.117864367708597317e-01
-3.640079321991784855e-01
-2.197898402418991814e-01
9.400782550510922153e-01
-4.742243733874726974e-01
8.096427302060484887e-01
-4.478084664792492120e-03
-2.800485825733365353e-01
1.481284695378755067e-01
1.505966575260346829e-01
-2.818889841196099422e-01
-8.367147770085920921e-01
9.452252738445621194e-01
2.133962972382354994e-01
-5.187479144216191607e-01
-1.304360314199659587e-01
3.280159961098942922e-01
-9.681927051211847157e-03
-1.876877623158357267e-01
5.180171659239074522e-01
-9.443874091097304024e-01
3.729043918618686337e-01
-9.707267190561685855e-01
-4.146979683741798262e-01
1.233036186894369557e-01
2.076752629074636314e-01
-3.308478418653559849e-01
1.522784145471909323e-01
1.375134976941307929e-01
3.615920514213222248e-03
9.583529188260251352e-01
6.619494485246713023e-01
4.338891054875211317e-01
-6.459325181324881981e-01
8.435415708019806669e-01
2.278538596575219177e-01
-4.003778226995942102e-01
-4.955900892286138060e-01
8.211492832727260716e-01
-2.826053417909126786e-01
7.836759148803653652e-01
-9.904011761880271436e-02
5.000486767690395240e-01
8.257215494655862909e-01
6.601785387415983752e-01
8.956527648546310783e-01
-7.132807337818547477e-01
6.936817365922902656e-01
-2.831882605143289933e-01
-3.558047022233630230e-01
6.771745688951120723e-01
-6.319132712716968303e-01
-2.779860109605181151e-03
5.407933642459878953e-01
-4.513512124619243338e-01
2.763869024421607978e-01
8.128752415297899603e-01
4.153137648621050282e-01
-6.890202250244299442e-01
7.144410511929379926e-01
-5.578510794341027257e-01
6.109678702697900476e-01
-2.274433971996359105e-01
-4.922963242202078593e-01
-3.923743213302763877e-01
-4.185211142715068444e-01
-2.572619488956571221e-01
-6.127888100558911422e-01
5.327077484008624353e-01
-5.894202405843156356e-01
3.803348428746933241e-01
6.078198673428947263e-01
-2.164747801304081065e-01
8.767556992076421807e-01
9.721756079495371683e-01
-4.609606053643950929e-01
7.911133403621890547e-01
4.576055787231216865e-01
2.141962968277080215e-01
1.598771376397372102e-01
-2.631360960385704661e-01
8.428510892578258140e-01
-8.302883363473367861e-01
7.832930885779365582e-01
