8.308022389489708726e-01
4.175817305717757222e-01
6.982911795851138859e-01
4.542018630406428059e-01
-3.236921719927781105e-01
-9.032108527984303858e-01
-3.300049958949993201e-01
7.636001653250701349e-01
3.781437216365608478e-01
3.932322177142608677e-01
-9.264002999600609023e-01
2.487418146276565434e-01
-6.804824197387695506e-01
2.810459470770165780e-01
3.903720659579712482e-02
9.321136541083823168e-01
4.242711158136494021e-01
-6.977628829807815958e-01
2.491635518999959498e-01
-4.788026147773607466e-01
6.604987226074194862e-01
6.137250616578211471e-01
-1.892639982870885085e-01
-3.204151794005505316e-02
-8.354588576034263081e-01
9.380106740084810379e-01
-2.109185250240799281e-01
1.893411631736923173e-01
9.099254064256934171e-02
3.459948599211606357e-01
7.001931799971732318e-01
-3.118844435246974633e-01
8.663491590608147774e-01
6.072274973083988669e-01
-1.009676644754238239e-01
9.622924816733575692e-01
6.069630907293652733e-01
-1.782444483013454484e-01
-3.543668443283789493e-01
1.545233426717236291e-01
2.251902661287608076e-02
4.433752467598552904e-01
-9.971051151967036397e-01
-1.184547689009565197e-01
6.613489588590870660e-01
1.110967554152462178e-01
8.641669307432617853e-01
-8.384083639825448131e-01
4.952549342297469792e-01
-5.085159136904500166e-01
6.844929779704918005e-01
-8.880609291844088204e-03
3.015538025826214330e-02
1.207918878632141535e-01
8.358731185276104814e-01
4.628952487716395670e-01
8.756751711767085666e-02
8.618719336037172774e-02
2.478792036610677485e-02
4.173497909872034839e-01
8.828857310988635909e-02
2.694597041042154917e-01
8.010824660362523275e-01
6.743971727889925827e-01
-7.087062601757638802e-01
-7.474977964754530024e-01
1.065121245797455707e-01
2.880308338847070715e-02
-2.243204149671698122e-01
-4.191531612102181725e-01
9.568294092158429187e-01
4.065268664246046715e-01
-3.214727824805474476e-01
-6.156179270148272042e-01
-3.670686551287671850e-01
5.096960278355990859e-01
-9.142606020671835143e-01
8.964456718527129553e-01
2.730433455709679880e-01
-6.936662237320205815e-01
-3.962037726154414852e-01
-3.437518505846872685e-01
4.219177381871561661e-01
-3.874929657641874581e-01
5.390146444586543240e-01
9.192364348353330161e-01
4.379571648220956792e-01
-4.200270756738335720e-01
-9.971754423859915395e-01
-8.928257695476078393e-01
-4.870852315975775504e-01
-6.237563682441826796e-01
-6.534734900619174613e-01
-3.101519370096514905e-01
4.075494767836722598e-01
6.497252684268595146e-03
-9.558089750030052123e-02
7.523389270031930476e-01
7.731258805118272903e-01
-1.807860171233455215e-01
2.373525584758231499e-01
3.653994389460235581e-03
3.455840116222199665e-01
8.109263309870951009e-01
1.333720946244258965e-01
1.076372653101769217e-01
-3.613115336579546533e-01
-6.793310353677168845e-01
6.878266921367259812e-02
9.576524378215121036e-01
-5.868758217954228584e-01
9.882604317004155536e-01
-7.520985168358529371e-01
1.564804099804497639e-01
2.090865345525207974e-01
5.579311553220709374e-01
-7.457649701049098301e-01
3.519448027555527325e-02
7.894652289243553334e-02
-4.120384035560318292e-01
-5.607876618607827712e-01
2.797068721513111811e-01
6.485982251339137417e-01
-6.096036968153553115e-01
-2.615043697269856526e-01
-7.848411896837230728e-01
4.952626404166324825e-01
5.917421279057635264e-01
9.011732808446675236e-01
-7.937138912678480818e-01
3.417243429636016572e-01
-3.380078581942185245e-01
3.041385296879393074e-01
-6.321724469942118230e-01
-2.750233291750379117e-01
-2.527300497458293549e-01
9.532048941688200383e-01
5.318321777216563628e-01
7.866796942792364522e-01
-6.103996785010545878e-01
8.223428408202622109e-01
9.397076950862612854e-01
4.132426933830304350e-01
1.177696324123751470e-01
-6.787904914173163995e-01
5.613500835072566808e-01
-2.507991156489861595e-01
-9.463367859608740051e-01
6.275352458171088443e-01
4.547910444970826305e-03
8.078879355550010466e-01
-4.168927769493033786e-01
-6.707310492936628954e-01
6.507019912369125247e-01
6.546961281402237098e-01
-7.797836068832020295e-02
-8.835936803467205891e-01
2.381655362942132204e-01
8.426342022356099193e-01
-4.577560463011476344e-02
-2.596021677313242737e-01
4.667428006693865594e-01
4.439590971749038939e-01
8.156698815702583261e-01
-7.934162344052779758e-01
-3.291294315938881887e-01
6.702887124235434868e-02
-1.827214230516731597e-01
2.845554890333130693e-01
2.076311233440177872e-01
-4.426335646728738471e-01
3.608100397628819511e-01
4.695516300569837487e-01
-4.472820678240987391e-01
1.760473123220565039e-01
6.695962289717862781e-01
4.709879966395202899e-02
7.460019365527570390e-01
-7.914880848469985075e-02
4.397365667497452613e-01
4.890732320803592437e-01
-3.527285115328397946e-01
1.907128332472900478e-01
4.109264695961203362e-01
-5.550883744669528053e-01
3.344783977983736278e-01
-2.215950189913740154e-01
-5.930602107741178575e-01
-2.728802891281389975e-01
5.787051611972171550e-01
8.571368948747917216e-01
-5.288288456565426454e-01
9.426920492494903492e-01
5.766461357338761307e-01
-2.039930522016024650e-01
-3.537469408679396743e-01
-4.045054347863619171e-01
1.182126120469195740e-03
4.460093565380942593e-01
-4.417452161605857075e-01
-1.403870145860188767e-01
3.702542122488894361e-01
-1.189066453081670804e-01
7.095707254524581398e-01
1.508051835901380588e-01
-1.649770944270638751e-01
-2.806375829519480725e-02
-1.542736568568903177e-01
9.006292566426548074e-01
1.736137517706519695e-01
-4.322013069810726194e-01
9.420825761344753246e-02
1.190917816818815034e-02
1.358272280884691430e-01
1.150291593806374024e-01
-4.075442620389000403e-01
-2.705600457922541224e-01
-5.072071872742545118e-02
6.874826799634170538e-01
3.718205657511064466e-02
-4.805851609569471439e-01
-5.543188548496291723e-02
6.411204323554060558e-01
-4.061145702998836260e-01
-8.367209991215187603e-01
2.721538324993033608e-01
7.579544114025735801e-01
-1.425222722063779202e-01
4.564129286748892511e-01
9.189783600474485947e-01
-6.433784760801355418e-01
-2.867069706327312062e-01
8.703381077677900812e-01
-5.840501137117655173e-01
6.120561566717142021e-02
-5.357611176261498631e-01
-3.892526200813348769e-01
-7.197413651101827181e-01
-3.604838379924790726e-01
-2.997294439998885451e-01
-7.654494135586109582e-01
5.828088992103772625e-01
1.682753224823505533e-01
2.956482109071532083e-01
6.369199884418417223e-01
5.711542841620160793e-01
-2.302077075142665574e-01
-4.068645445115461889e-01
-2.302541990492046331e-01
4.755567265582298919e-01
-3.343234569079822638e-01
-1.564977121442463481e-01
-2.890746983930641001e-01
9.483313211304680301e-01
8.631497025920547017e-01
6.105869165585555702e-01
-3.700834192638986497e-01
5.097523737375007080e-01
-1.569041324013149552e-01
-6.390370068838990836e-01
-2.736471670395004274e-01
-1.551631851415764540e-01
3.537895491201226150e-02
7.757587437444914968e-01
-6.039655192960697860e-01
