
0 61.719359 16.680276 23.309228
1 62.105392 33.992887 20.155597
2 65.260348 47.792666 11.522777
3 65.260348 53.907626 12.051283
4 65.260348 59.927261 7.833618
5 68.96142 59.441162 6.810258
6 76.118285 62.579601 6.223619
7 76.118285 60.823085 14.052932
8 75.668171 66.100283 8.356558
9 81.876613 69.086865 8.808856
10 81.876613 69.256292 11.812586
11 81.876613 69.915743 17.012772
12 81.876613 72.625139 10.329234
13 81.876613 73.60942 9.557299
14 81.876613 77.105929 7.45144
15 81.876613 76.845032 11.357586
16 81.996613 77.840428 6.880984
17 81.996613 75.981664 9.996783
18 81.996613 77.493543 7.506347
19 81.996613 76.882021 7.875392