2.311674163826482609e-01
9.763335798978995950e-01
6.930307845220464724e-01
-2.423115239422639622e-01
-5.787546563083116880e-01
7.089613949510635837e-01
5.807071981757143675e-01
3.047301408521652100e-01
1.126242247785520512e-01
-1.696513132077874797e-01
7.062768104443439832e-01
-5.078508025075858523e-01
-8.559230802277706385e-01
-6.698831270244733904e-01
4.357414119880025360e-01
8.124229841260919294e-01
-1.244378183314496233e-01
9.170896198093421159e-01
-2.247998048085220191e-02
3.495897864050188097e-01
-4.529387156245860968e-01
8.312066219883911256e-01
-5.833156840816773325e-01
-8.964470201357188639e-01
9.901200332281330230e-01
-8.135800971968594197e-01
-8.468126194368053028e-01
-7.858882868023864265e-01
-6.036318557124875639e-02
4.657923913848140973e-01
8.485143114364941397e-01
-8.971159384959379590e-01
1.197257997186305101e-01
-8.046930120009188059e-02
6.481819777932709137e-01
3.954045731483371018e-01
-9.039689901377172543e-01
-9.087425074724426732e-01
-9.863157702910969604e-01
-6.347134385031485415e-01
2.642373194489553434e-01
-7.084386095929788851e-01
5.767883193758882587e-01
-3.144409885301815422e-01
4.084823087511213480e-02
-9.794639616439397845e-01
7.794892482905486641e-01
3.287902379505842632e-01
4.164826382274910976e-02
-4.076806613471068985e-01
3.138576026475530245e-01
8.899835492709387008e-01
-7.785391914812571645e-01
7.021201606476301649e-01
-6.806714021197783904e-01
-5.014925843181072818e-01
5.919445325563319482e-01
8.436402402762028796e-01
7.456900635691119383e-01
4.409098819226915378e-01
-3.292234407154928100e-01
-8.464089190825165865e-01
8.942962684859667721e-01
3.590864645275997358e-01
7.848960679589733758e-02
-7.302640894810525918e-01
-2.260935239064669755e-01
-5.025922129041890951e-01
-7.164500639304525187e-01
9.778816218514660985e-01
-1.499177472517776444e-02
-2.226641839271326084e-01
7.410349962364808363e-01
-8.308696059430316083e-01
1.340423727810207133e-01
3.386717558958136642e-01
-1.054446772408985655e-01
9.972058480441892137e-02
-2.468692375409873296e-01
7.468015807476546808e-01
-4.572184835101023026e-01
8.858472714736465026e-01
-2.434803642423841730e-01
8.435389694639721103e-01
2.268441071208806559e-01
-3.865508676449147529e-02
-8.790553032137475853e-01
5.133546853534913801e-01
-9.995062536214365245e-01
3.282273313034704820e-01
5.866177914668961879e-01
-8.270945186851788034e-01
1.925973845417712216e-01
-8.298496425546297850e-02
2.217245822981401826e-01
-2.203947352435744467e-01
2.908250850326958847e-01
-7.486277464888073663e-01
5.450812807530414084e-02
7.867767216174053058e-01
-9.038789388300163541e-01
6.347315452133985847e-01
-9.862922174602448688e-01
2.373848222563370580e-01
7.862654840269063250e-01
1.131912948572966204e-01
7.598265138220245962e-01
-9.873450346294827540e-01
8.847325551659697140e-01
-5.001441058927780237e-01
-6.400804544528120310e-01
8.096638886162752513e-01
5.426112896360359983e-01
-9.461227480555756131e-02
1.636146646116418690e-01
-4.512489713681482328e-01
6.685811835132560166e-01
-2.913916854129687817e-01
5.972669313274299174e-01
-5.926553738663575821e-01
-9.305817910143983074e-01
1.000350232497160263e-02
-4.169089069323739238e-01
8.813665082022337227e-01
4.233137313419761405e-01
-6.389976688706267005e-02
-6.666609522904622942e-01
-1.159398902824058109e-01
3.962516988584598998e-01
3.344840772802171180e-01
-9.941202778567277409e-01
-9.662848497368388134e-01
-9.050070306301061240e-01
4.582327779321397898e-01
3.163725395737517765e-01
-9.828027583177783022e-01
1.240492516272895251e-02
-3.674936883918051844e-01
-4.061718861633245581e-02
3.940764889114811709e-01
-4.171519470833615628e-01
-4.986669939471788382e-02
1.992907987671912462e-01
5.953218828562722997e-01
8.153465433550599606e-02
3.857350312403016179e-01
-9.241551253781916664e-01
8.291861668000792829e-01
9.200745395087810419e-01
2.102809613328251448e-01
9.432260191355907875e-01
-9.789215734786547163e-01
-2.908140442435067641e-01
-2.042439513489244796e-01
-6.627628398288889500e-01
-1.814135931388085599e-01
5.687817450810956910e-01
-4.477810091015725913e-01
-4.206922932252181724e-01
5.477040478472858798e-01
-9.980093254547273141e-02
9.555586920771599324e-01
2.084765280837479473e-01
3.847721900895240132e-01
4.755856430440028593e-01
-5.715976725152154270e-01
-2.446393325257945062e-01
-5.988013929599744767e-01
-4.315448669965835649e-01
-6.079705429197501676e-01
1.294643528915742081e-01
9.639425985192531243e-01
5.125563145308649204e-01
8.149726152061067541e-01
8.392519993451901250e-01
-3.348008721764106355e-03
-3.960281950258863759e-01
9.924220482931420673e-01
7.893638207948716623e-01
-5.644355298089032136e-01
4.927742502052918638e-01
7.555053268281530787e-01
-2.272474510074062870e-01
-1.968174928868444695e-01
3.477907583226920174e-01
7.946952997130531937e-01
-6.102031584971836509e-01
-8.741037330255478910e-01
4.772084666945723974e-01
6.608946683137792988e-01
-2.299201298337292254e-01
-2.404989205855354584e-01
8.405889378195621209e-01
-5.695022454941920387e-01
4.920067612158327552e-01
-5.460543200617404835e-01
9.386499153672660523e-01
-6.623687376438507357e-01
-4.276828204825520174e-01
2.977165217007855524e-01
4.170045034348792701e-01
9.996723131802061069e-01
2.627007192869856844e-01
-5.718734191462773175e-01
1.679338076169840654e-01
-7.631470890454359335e-01
4.636626903839584646e-01
-9.404946756816616737e-01
-4.641929310765531280e-01
9.375400005345018162e-01
2.486478925856039357e-01
-6.637072200093712127e-01
-3.781942592559059957e-01
-4.084735493269264772e-02
7.921121878113401849e-02
7.452354017392515129e-01
7.191892442065770386e-01
-3.722272202104808247e-01
-8.753520578406950303e-01
4.960930013582878217e-01
-6.108609785113152668e-01
-7.113690499082299112e-01
9.059190451547491918e-01
-3.007187528332584403e-01
5.819705392878413708e-01
-9.870518253544406928e-01
-1.800018779234320299e-01
-4.530888988737038492e-01
-2.406048698336311631e-01
1.306965740820988930e-01
2.564034616703207980e-01
-4.681051792208870133e-01
6.066741731635827417e-01
9.397627387722784498e-02
-5.717017729483977462e-01
-4.820729974744935031e-01
-6.256756257636042484e-02
-2.633391847839643418e-01
-4.018320298738111696e-01
5.680438963442180356e-01
-5.503640300188323842e-01
-4.463693789806677525e-01
-8.852482705314370648e-01
4.383157755389655019e-01
3.065612841888138984e-01
-6.037535598294674344e-02
-3.462924820126480618e-01
8.726236154116919774e-01
8.880258491607899707e-01
-5.751927436025019436e-01
-4.104915417930554700e-01
6.612626687589351349e-01
5.660297029369931732e-01
9.021841290711862804e-01
-7.394780609112761027e-01
-2.832204120781600665e-01
-2.675267957279614528e-02
5.970245322578786595e-01
3.446307551756768728e-01
-4.164338648219820804e-01
-6.043599606605096763e-01
-1.956494407291171633e-01
6.998943891748579116e-01
5.884828326989237635e-01
-8.040599675087742870e-01
