-6.705480863908483968e-01
-2.797736357693836329e-01
-9.219094376485830189e-01
-2.797813897218004442e-03
-8.193636287021697218e-01
7.250409932782699851e-01
3.154353343993716585e-01
3.910423530582582963e-01
3.612262943108914826e-01
3.268780310086987217e-01
-8.752375214396270753e-01
-7.103747292491040533e-01
-8.380843315867414489e-03
-5.537154703235143138e-01
-6.764804836394895382e-01
-3.663238338005383454e-01
-6.246332473933491336e-01
-9.953918055680084365e-01
-5.108965061772088312e-01
5.997842034063691763e-01
4.525489482927518292e-01
8.748042954248906877e-01
-4.224864821973055573e-01
5.051606018447649671e-01
-1.867731767100067053e-02
-6.853510888889671193e-01
6.622756718657136776e-01
-3.325989176691031002e-01
3.767259384463876870e-01
9.039391718147424815e-01
-7.538235739627736631e-01
3.446743401098162352e-01
5.143490306368108111e-01
4.847130411613440604e-01
-1.609563897723189640e-01
-6.899743059762022401e-01
6.019590209153968807e-01
-9.390864136492158565e-01
9.161933183765758049e-01
7.521827754992700399e-01
-9.788926636405737014e-02
5.802013161425687571e-01
-7.613224274706043015e-01
5.826643886663758209e-01
6.655655922568493033e-01
1.907849699924282216e-01
4.788144727309338045e-01
2.167474458185101316e-01
-4.218803072733257054e-01
7.622916555584147158e-01
-6.329781154312934532e-01
-2.234839500578018612e-01
-8.964232192217136408e-02
-3.613969882356773411e-01
-3.828259621714313887e-01
-6.749716438433588372e-01
-7.525685109187392197e-01
6.827632665980118976e-01
-9.733459962883823646e-01
5.235627963582429878e-01
-8.775553056103047034e-01
-4.273372914978870174e-01
-3.907728581533529422e-01
5.683107675433121120e-01
-5.406706904995239871e-01
2.460370503436548617e-01
-2.624610949526480219e-01
9.494529914571938622e-01
8.258915159537898454e-01
4.937394646392962994e-01
-2.622840584944092779e-01
-8.040638834864928253e-01
4.885384479727794549e-02
2.135440398320640476e-01
4.320498940192800674e-01
-3.718800703026818866e-01
5.108062436876592560e-01
6.725625268483725883e-02
1.171057733810383361e-01
-7.164165028187625683e-01
6.155945569405685269e-02
-6.131416209813771445e-01
-4.154585475079541901e-02
-9.687229354893469591e-01
-8.222975201790774236e-01
-2.911223854299602731e-01
-5.803153780090588576e-01
-8.502499909915177678e-01
-7.857562437860130533e-01
4.018116682940333639e-01
9.603656698156526339e-01
-2.032601923309782510e-01
3.386146561637393138e-01
5.902322659017238404e-01
2.631504095136216748e-02
-9.985117518149684290e-01
2.028146273477995365e-01
-3.403017717362817329e-01
-2.460756549347944411e-01
4.250737400140405242e-01
-5.366264219639984567e-01
7.775676423244153312e-01
-1.665817395123960765e-01
9.132374278330124273e-01
-1.960216256797702172e-01
3.977035389062646420e-01
-1.580670591121906554e-01
6.282451565592228615e-01
-3.516773602826210876e-01
7.059463892017170394e-02
2.135052479964039129e-01
4.441647775963617484e-01
-9.193727373049112028e-01
-7.762952363739255013e-01
3.936312723505452915e-02
-9.676473200025845767e-01
-4.083534567209623489e-01
-1.572961065044604645e-01
8.863837615481993115e-01
-8.583460037235901563e-01
7.502408369777631147e-01
7.878593955316590680e-01
-1.975112762701487501e-01
2.467494320896976845e-01
9.768963125796719105e-01
6.052638096908080634e-02
-3.512330552962776853e-01
6.802763042576058794e-01
-1.259994317818649012e-01
5.235348036596114696e-01
6.233535499297122584e-01
5.842703128223225573e-01
-8.156598228104483539e-01
-3.152959389689606873e-01
7.992598828253065779e-01
-5.626615239302872329e-01
-9.191444311432850345e-01
-8.074728399863455586e-01
8.855683049207949686e-01
-5.405902807165863244e-02
-7.633547523936685675e-01
-4.642973329544393124e-01
6.636336376131937165e-01
4.244861255344278828e-01
-8.487596517916888850e-01
7.674214501739842209e-01
-2.684012133891273688e-01
-6.432010057320860508e-01
-9.440697190483124945e-01
-6.471294355036094625e-01
-5.828061382401941160e-01
-4.722119370577047004e-01
6.756090094867217566e-02
6.051034246744058098e-01
5.532228981791265099e-01
-2.847010603314417132e-01
8.214809164159824206e-01
-9.357066417865766983e-01
-1.856081768459669767e-01
2.356643145598777966e-01
3.023918872379602885e-01
-8.767326149986423012e-01
-8.243363252406203934e-01
-5.641544097363571098e-02
-4.324070727609554687e-01
2.766597018617369397e-01
-9.330235672526157042e-01
-2.700688793377274965e-01
5.794630691503928066e-01
7.247024068617522463e-01
-4.695880923188096023e-01
5.595703307880699473e-01
1.584299721232522717e-01
-2.854184184854198225e-01
7.752646237005413887e-01
3.556843755157514941e-01
-6.122829148165438440e-01
-6.050303840140247580e-01
4.863701463793268509e-02
7.285611149500641481e-01
7.485687665786580069e-01
9.136699156647354325e-01
-6.768123080823773563e-01
-6.744335584753329282e-01
2.285960076494331084e-02
8.025675749530685188e-01
-2.132418068540213874e-01
-6.132081533414388552e-01
5.628899397454196762e-01
5.847351926967181424e-01
-1.626758384175932548e-01
-4.510892623779965138e-01
-3.468346126719989986e-01
-8.551379950134059271e-01
-2.285854965959925877e-01
-9.884549032605483010e-01
-8.041874341776336088e-01
8.561282284096003448e-01
-5.614414517815740080e-01
7.031854670305850430e-01
-7.426107577695439943e-01
2.447157370286805467e-01
-6.111308348878010666e-01
-2.328718336610844375e-01
5.322911770507976481e-01
-2.498791258659285308e-01
-1.640616547716586826e-01
-2.823568782910752528e-01
7.625652101770907798e-01
-4.696814728040710207e-02
-9.856630526923311209e-01
-5.239458021637197760e-01
3.112895662331367497e-01
-4.701726203449081432e-01
-7.950536047609706447e-01
-9.090154750842160958e-01
7.232716735349646875e-01
2.745082453203924189e-01
2.214873700459054628e-01
6.974423399485623065e-01
-3.843603369597370367e-01
-6.023934037397471464e-01
9.763904696764136304e-01
8.463952092996673837e-01
3.679843030869989207e-03
7.164997796044767497e-01
-3.430072507923731528e-02
6.498824041898010329e-01
9.838224570147291459e-01
8.759663008455040867e-01
-1.202282586703904421e-01
-3.560141252216062480e-01
7.106140714749287213e-01
9.044290124662079933e-01
7.184707716749128004e-02
-6.400238191326550474e-01
-9.243972362930774622e-01
8.464896259191989625e-01
1.568055072210821077e-01
-8.558031147977063213e-01
5.867243362426803888e-01
-9.368582536893765855e-02
5.382080437593605993e-02
-9.645301600026505717e-01
-4.617981161623117004e-01
-2.091703882857975927e-01
-4.973352687315286680e-01
6.604210985518486066e-01
-8.217731253255331492e-01
3.713601026883228684e-02
5.435297660587699031e-01
-8.393704455592734259e-01
-8.952365680517653246e-01
1.140597377932790479e-01
-9.714711430735978315e-01
-2.193307607984622543e-01
8.971711508129720514e-01
6.983248258084842064e-01
5.786943137205056154e-01
-6.851049156401087803e-01
-8.808975873865054762e-01
4.170070631275566431e-01
8.065365432550208880e-04
-5.627961777137933108e-01
9.748728443809890898e-01
