2.844513517883564546e-01
-2.789604361362914009e-01
-1.008973126554200128e-01
1.157619860994762995e-01
1.515205974315982917e-01
-4.083310150965901997e-02
9.535999775041372750e-01
-1.088448213605248682e-01
5.398198715897162270e-01
6.493491460987361741e-01
6.402574525115969362e-01
-3.590310378011498660e-01
-6.762699802249689807e-01
5.695417726497107314e-01
-7.920508240643808762e-02
-6.631886903951322854e-01
-6.609276548078901747e-02
-2.429966037519140087e-01
-2.687622453348879059e-01
-5.158907441374009917e-01
4.094341740079547876e-01
6.698819622014129394e-01
-2.608198144855853329e-01
-2.618357601717744565e-01
-1.800269317998342000e-01
2.763444514594597390e-01
-8.752735985092887638e-01
4.443575778785988639e-01
-4.782285419218346156e-01
-5.136155753875157881e-01
7.086898553532996470e-01
-2.971120483975813187e-01
-5.185940215952231647e-01
5.951771276131894162e-01
-4.167638940560960403e-01
-1.037894581492815327e-02
9.028308243498970320e-01
5.342460394591628248e-01
1.238194593427182078e-01
-2.080618705754688769e-02
6.975520670993331507e-01
-1.176933904502022177e-01
2.627817922876949375e-01
2.440298300812064891e-01
8.450535205477318623e-01
-3.316866419768584873e-01
2.390453709540185656e-01
4.793996999157332795e-01
2.463291817286605845e-01
-1.824521354012398344e-01
-7.881546510896335622e-01
-4.761898123737604571e-01
8.104767485829276197e-01
-1.017691842448456008e-01
4.251055518376438691e-01
8.835257339807460752e-01
-1.729582064601595803e-01
3.836575435187556948e-01
5.103637545272372567e-01
-2.859689127739912795e-01
-9.382466454550364432e-02
6.338285716117322277e-01
3.668781759961592392e-02
-1.195740434102032790e-01
-5.477486197225576170e-01
-8.339818077752001457e-01
-8.071567465867053315e-01
6.311422705902847152e-01
4.708547904670299378e-01
-1.358243600323345568e-01
-6.617123710907180101e-01
2.308554672672458175e-01
3.410417071608076167e-01
-2.286632629355440649e-01
7.628590744995260575e-01
-2.245361798482141680e-01
-9.731715240370493181e-01
-8.321230746712680038e-01
-4.496532610525461049e-01
-1.588903434756430144e-01
5.811570262900283002e-01
4.915986848227391626e-01
1.994780391210893011e-01
-8.930893176039815806e-01
-4.342315615322220879e-01
-8.915777738320895818e-01
-5.140215000947931934e-01
2.145304460028649718e-01
1.080027544787678373e-01
-8.575581959310971669e-01
8.608200763203972539e-01
4.347288582152053493e-02
-3.638439228186363117e-02
9.893225681154125262e-01
2.996511280380387277e-02
-5.996952257579659662e-01
-5.137752179387440332e-01
4.291496282311824118e-01
8.374918692676296406e-01
-3.555844052290479951e-03
5.366082334651371966e-01
-9.638624297408378006e-01
-4.124391221009113817e-01
5.693749559868341859e-01
7.976646457255005540e-01
3.743512432353861552e-01
-3.042684596610476522e-01
4.295149674582701138e-01
3.757266007678718989e-01
-8.470986205518209466e-01
-5.431069959341479070e-01
8.623344209655317005e-01
3.397372086670720215e-01
6.439586751020092148e-01
6.643281170700283678e-01
-4.231699182228096934e-01
8.835329412372328051e-02
3.237470886058479991e-02
9.719970831605546646e-01
5.955695670394280938e-01
2.062353774324032774e-01
4.163363744826589219e-01
-4.932863730709220462e-01
-5.840410706794305629e-01
-6.759927246232866338e-02
5.193071259952897201e-01
6.463500505203374491e-01
-3.233840809636900904e-01
-5.343271462102026081e-01
4.666623784372043726e-01
5.305355248818965919e-01
8.112871414471525267e-01
4.777959505010758168e-01
9.456070930677602515e-01
-1.777050396878294691e-01
-5.658949183182688802e-01
2.921215193908073271e-01
-1.178115140908979619e-01
2.557945245671675583e-01
-6.499205925648015025e-01
8.439723108358681003e-01
8.988383810890061554e-01
4.953958075689568474e-01
-2.600717532716647629e-01
6.075748664515212560e-02
1.554463195261313047e-01
-6.295623807865153854e-01
3.352806584438605686e-01
-5.123656514105205950e-01
-2.010168752241501267e-01
8.609943510283588619e-01
-1.704778725065994038e-01
2.571535779558027368e-01
3.168969081596744175e-01
-1.100230537186250857e-01
-6.043369907712849987e-01
3.241520704204585712e-01
-3.990565119104783065e-02
-7.346029333443000464e-01
-9.565322991390450280e-01
-1.374415773987902600e-01
-9.672843647419624435e-01
4.593173962726122550e-01
-7.800785906866058994e-03
-2.530979683555032445e-01
2.142394217349381513e-01
-4.435258403259754179e-01
7.740286928895345753e-02
8.255623389862629669e-01
2.772787101605234117e-01
-3.708245157373839529e-01
7.985164749471285184e-01
1.407487889056304731e-01
7.744020710814538688e-01
6.402739361149176744e-01
7.073982351724561468e-02
7.694983167031388405e-02
9.488941903024175062e-01
-1.120699738907220411e-01
6.591387406840805152e-01
-9.035876211701210359e-01
8.086531462728274722e-01
-2.083646497218634153e-01
-5.568055458743168540e-01
-4.527448517816292650e-01
6.031639793263854354e-01
8.206424530239562198e-01
-5.032537530404577186e-01
9.554430858372791047e-01
7.561704504734207966e-01
9.341327208061420695e-01
-1.607494279236498791e-01
9.953139456552695385e-01
8.734371031251801920e-01
3.743144032931537968e-01
1.998990351754890149e-01
-2.006549763233931305e-01
-4.186130220508423871e-01
-2.159805348377845657e-01
5.568736010100394651e-01
6.637875960876067349e-01
-9.157027629478988739e-01
7.111320889890015984e-01
2.724650913480000103e-01
3.825797148676579607e-01
4.310525273116705414e-02
-4.258091823323562064e-01
6.234194178261671659e-01
1.744431236792274298e-01
-2.266875416262090770e-01
6.077215117272050104e-01
1.916328530692643639e-01
6.899911194504404488e-01
4.091821196639804370e-01
-6.402028527171892414e-01
-8.288795874166334787e-01
-3.626473004627126517e-01
-1.993030314236678979e-01
6.604841183359859702e-01
8.276501022298847765e-01
-2.140612897685665317e-01
-6.018049352137297969e-01
-3.513902630808733996e-01
4.445097866681639864e-01
-6.503244807605199629e-01
-3.630417718299225882e-01
-2.668784877659267085e-01
6.328799139921859052e-01
-6.077240536985795138e-02
8.615497323509817562e-01
-2.152867722205804579e-01
-6.351332532442615086e-01
3.646304937118782785e-01
5.535062169549769262e-01
-2.464453076836097267e-01
-7.386595137584195392e-02
-5.444525176729699822e-01
-1.544540565442846791e-01
-5.897238146459853336e-01
-2.042119162046363012e-01
7.172750768265339083e-01
-1.505639599134001028e-01
1.351606075789633099e-01
6.255234887354719220e-01
-4.691938192507438821e-01
-4.601466857319227444e-01
-7.762016974532537361e-02
7.452365737210411289e-01
2.854702104151256581e-01
-6.939294320235753766e-01
-8.301906096332465346e-01
-1.098398090462717747e-01
4.459777425381370453e-01
-5.615338049014400035e-01
3.082166373940706805e-01
-3.766449550509469724e-01
-1.842350979773534903e-01
-6.164780699347709447e-01
-5.254653668731319449e-01
4.026436149627863337e-01
4.494774106915140344e-01
-2.851045955756221773e-01
-7.922572990673559801e-03
-7.287038646282215648e-01
-8.582467158022446529e-01
