
0 91.698742 23.557455 34.218682
1 91.698742 43.703595 36.455046
2 91.886571 67.874673 29.363708
3 91.886571 76.837327 25.622393
4 93.140414 69.130064 33.475059
5 93.888012 77.539515 28.109586
6 93.888012 86.000195 18.05457
7 93.888012 85.413727 21.407938
8 93.888012 86.781574 19.909647
9 93.888012 85.69362 20.188793
10 93.888012 87.945449 14.662388
11 93.888012 88.593318 15.171303
12 93.888012 84.784965 20.849787
13 93.888012 87.844836 13.734537
14 93.888012 86.756337 21.287726
15 93.888012 85.745702 19.43054
16 93.888012 85.707262 17.229914
17 93.888012 88.771686 13.514738
18 93.888012 86.217209 19.054254
19 93.888012 86.600019 19.581966
20 93.888012 84.629334 21.24354
21 93.888012 85.13227 16.375239
22 93.888012 85.537282 16.49274
23 93.888012 85.820703 16.456629
24 93.888012 85.596159 19.7537