
0 61.963947 16.844438 20.713174
1 51.710994 31.903528 12.907278
2 61.72224 36.46203 13.348549
3 62.048893 42.568232 12.213943
4 62.048893 48.304156 14.499105
5 62.512757 56.224725 9.136348
6 62.512757 59.311269 8.604579
7 62.512757 61.015493 2.891803
8 62.512757 61.184843 3.172212
9 62.861217 60.238756 9.483588
10 62.512757 60.419328 5.236872
11 62.512757 62.033454 0.711992
12 62.986419 60.258869 9.182858
13 62.986419 60.416144 6.315735
14 62.986419 61.076365 4.488009
15 63.005541 59.083903 10.947999
16 63.005541 60.755533 9.585764
17 63.291067 60.940625 4.800118
18 63.291067 62.138509 1.36137
19 63.291067 60.83852 9.617226