8.341658053620665259e-01
-2.602832866934772227e-01
2.379424581269705130e-01
7.654759790269335396e-01
6.413347426114957006e-01
-1.368817131275552323e-01
1.440903431641368249e-01
-1.762384289320791386e-01
4.207486416175570954e-01
1.546676320697638329e-01
9.504155160614613518e-02
1.067497175133946818e+00
-1.699436440293932593e+00
-7.229961466053359542e-01
7.140131236452269547e-01
2.507082499178079349e-01
3.806840327086323805e-01
5.725204489141101361e-01
-8.201521534997979757e-01
7.312872974621991151e-01
-7.384047899130291581e-02
-5.298045221185826437e-01
-4.697605564535234368e-01
-2.529740041762898461e-01
1.017987865401291492e+00
-5.787321881114694255e-01
-6.875729021219630921e-01
1.267904557603318494e-01
-4.168706565455156943e-01
-2.069546087898441189e-01
-1.501670242439058778e-01
7.907685793598029367e-02
-1.371517501863961375e-01
1.169388981370793834e+00
3.638633543029715783e-02
-5.764108136110460689e-01
2.171940722932991230e-02
-1.503927806221558416e+00
-8.390318758957968637e-01
-5.221654379691631487e-03
3.340813864248255438e-01
-3.249106573893870697e-01
-1.844322684861519623e-01
8.760537507786380074e-01
8.676282038363208882e-01
5.916912928788414794e-01
5.445179005987708099e-01
1.131855780886855234e+00
-6.231871611483035256e-01
-2.165108555151563641e-01
4.555252459100145312e-02
5.152883987224819995e-01
3.064966546788060464e-01
8.624211085050995096e-02
-6.823662768236384846e-01
-7.310837837890986624e-01
-6.579994492384534377e-01
1.724181639527635201e-01
3.871115739705952574e-01
-1.404575637438328917e+00
2.984219573366340694e-01
-5.954277080960322932e-01
2.385134496281313687e-01
2.415166958555241994e+00
-3.213888729951038248e-01
4.827700654464194274e-01
7.012540919574119513e-01
4.498186989386106505e-01
-9.193810136976701131e-01
6.331591582571571841e-01
-2.226303833565447879e-02
-3.502266617933532666e-01
8.347634238015744224e-01
1.064891814408360921e-01
4.715437556852312695e-01
5.146322787154898881e-01
-3.831754979261662308e-01
-3.053852965642427364e-01
1.563422306151573127e-01
-5.301480394100454019e-01
2.201918526162964795e-01
1.395567030128619657e-01
4.710616541771386334e-01
-6.808635521682273595e-01
-1.218842312262086169e+00
5.937348237986921351e-01
-5.483913971826714917e-01
5.588846672319858211e-01
5.662704504223083912e-01
8.968583744031761729e-01
6.487757526419937193e-01
5.757451881413618855e-01
1.395454138938095667e+00
-2.968126757167375285e-01
-6.351153867798122743e-01
-6.134368058375028188e-01
-3.362089794199026871e-01
-2.494593610692653340e-01
1.668001269714526891e-01
-7.486012923030017641e-01
-3.037650686197167493e-01
-6.067666015123570622e-01
3.632961639049858693e-01
-5.317959044181348460e-01
2.231340183244340247e-01
6.837118033980821297e-02
3.338722292925810908e-02
6.818605437302621697e-02
-2.005841026053273968e+00
-1.850841177248820912e-01
2.650649551534017823e-01
-3.337780872811102473e+00
-1.944531252263791143e-01
-2.005378317285525791e-01
-4.242502317510261078e-01
5.901328191608702645e-02
2.821708413250223479e+00
-2.810933515280884532e-01
4.776178936845670853e-01
2.258883769055908708e+00
6.243005167345520023e-01
-7.869280794614276209e-01
9.164582701119461383e-01
-3.466353283358069581e-01
5.954630168765537857e-01
-1.676151202690419062e-01
1.329937641923660818e-01
-1.959892819352354820e+00
3.860103660174372120e-01
3.042513742983234959e-01
-8.386510806904722282e-01
2.915853003725780712e-01
-1.764153151402407804e-01
6.395033192883012862e-01
1.592306860817084058e+00
-7.251259489286027149e-01
1.795841534103335801e+00
-1.256512494564093751e+00
9.778538695904307465e-01
4.019933655739877931e-01
-7.544352856950578001e-01
4.369182931220398913e-01
-7.154335572522875220e-01
8.473172510730681006e-02
6.016253680331045128e-01
3.938338672560137699e-01
-9.140440276161374000e-02
-2.144205772436367785e-01
-9.146842873376276328e-01
-4.652674783485093446e-01
1.282724377482182820e-01
6.244562054319811178e-02
3.504451405489424354e-01
2.700208987486915624e-01
3.122247593511187080e-01
1.370471937673295448e-01
7.951771982896309598e-01
5.561823136755213171e-02
3.131223192046633796e-01
2.607218547024275912e-01
6.028979068095269289e-01
-6.434327774196821892e-01
-1.796444545289022643e-01
8.653142151091236522e-02
-5.581505286765943430e-02
4.037827766850312639e-01
-4.325365333140925861e-01
-1.485293330640262699e-01
-4.307952285805000114e-01
-1.594375717670838188e+00
-2.533426844215098117e-01
-8.048255214617301423e-01
6.306395987596562502e-01
2.564559692939286650e-01
6.207218597988648501e-01
1.573587995877874790e-01
-2.997652526847227050e-01
5.945301022045206274e-01
4.404996711976183477e-02
5.314312060024041218e-01
-2.114715670193105246e-01
3.542094318858777791e-01
6.012468664770271864e-01
8.012066826848633916e-01
1.944640696348564068e-01
3.783432314311255817e-01
-5.811122475559864498e-01
-1.388392243801016557e+00
-7.957897116307757202e-01
-1.153206937782791153e+00
1.402584209168410978e-01
1.158363662671912930e-03
1.957797445120476598e-02
-5.432196860376843350e-01
2.574772031465926217e-02
7.642179353709366296e-03
-8.172180360215063055e-02
6.878142862629047505e-01
3.118047862912446400e-01
9.428163449160509302e-02
-9.246327286212701058e-01
-7.068092129800104262e-01
-2.060436830369934746e+00
-2.598524449999798924e-01
1.005153209825200289e+00
9.252558332639542193e-01
7.262186283823388600e-01
-7.079321508590583067e-02
5.352822260677088106e-01
-6.611892843727933400e-01
-7.450181682700925956e-01
-5.842817302332572460e-01
1.005290817261990544e+00
1.614497434264521303e+00
3.966934914411409108e-01
-1.363341633568665667e+00
5.246956994046768630e-01
1.341346538074779104e+00
1.049219671606344439e+00
3.660762722447976070e-01
8.845906995354230196e-01
-1.743746923068911769e-01
8.045389451184983276e-01
8.045691978764801799e-01
-2.008079040103964708e-02
1.182064398923185211e-01
-1.032482695755874813e+00
4.846869117181937248e-01
6.216450782099098848e-01
8.970475358115630460e-01
6.040535635562171296e-02
-5.177242699166131334e-01
1.143126477707790078e+00
-8.130483315710798076e-01
8.873961468810172004e-01
-4.101340134091131517e-01
-6.355441681059815773e-01
-7.451196929237557942e-01
1.098225500127589349e+00
-6.360848358287820581e-01
1.845739142000787647e-01
1.861039756940068735e+00
-7.639252678023646798e-03
8.212444774891720645e-01
-7.333924111976066751e-01
-2.561621276703245909e-01
5.291683569110213758e-01
-4.542231624239861931e-02
7.620325230772378999e-01
8.611305235259846258e-01
-9.587829172337158923e-01
-8.457621556372274529e-01
5.637337059455158617e-01
1.223709742828042180e-01
-1.739731066560456507e-01
-9.016960839727327093e-01
-5.653619514603539509e-01
-2.750106147415392055e-01
3.637621157847070741e-01
-1.626289585730874565e-01
-3.555894301841161509e-01
-7.178978333783900267e-02
1.003067034684818504e+00
-4.295708624111991281e-01
6.416513644357468849e-01
