-1.353540982734153797e-01
2.752984931391480039e-01
-4.963094352261374631e-01
6.317968203760033763e-01
-3.731564555876625278e-01
-2.355287426804379969e-01
5.344222876079409712e-01
5.058865799214282699e-01
4.792786706378517891e-01
-6.562905087643482460e-01
7.509734049838172609e-01
-6.478988808971244406e-01
-8.131091802702350435e-02
5.580988483453126481e-01
-4.794352028609869532e-01
-8.411938218478915985e-01
3.560196034985581015e-01
-7.038627309803691112e-02
-8.949542109236843235e-01
2.872147762984493813e-01
7.551353548869037535e-01
-9.370544973491035101e-01
5.123414553256380177e-01
-7.044364828210407659e-01
3.480662584434994766e-01
-7.155669543815488254e-01
8.854952448182014102e-01
2.208125811429659802e-01
-3.502145026523710847e-01
9.268328309801288079e-01
9.414103227580887800e-01
-4.954247850225026450e-01
-8.793090560525793631e-01
-4.850741226017214469e-01
3.284528265996049523e-01
-4.799063597642920787e-01
-6.356900375294844974e-01
3.999228244232408969e-01
-9.864851169034858369e-01
-3.301618219564652623e-01
-5.628103984852275143e-01
-9.714924645136167047e-01
3.302754794469742183e-01
-8.998201703179466993e-01
6.778998172209411699e-01
8.604682574738926615e-01
4.929391351422991452e-01
-8.017916917383121067e-01
8.185992720511989784e-01
-6.220133146836628324e-01
2.749267527283247858e-01
8.209858402214897932e-01
2.624836902194667143e-01
1.148170372122427896e-01
9.411917098499582579e-01
-7.923060104001755644e-01
-5.795352671385922694e-01
6.044941841185469400e-02
-2.080608614743968410e-01
4.609789906405639126e-01
8.006096670656730474e-01
4.595023064919756539e-01
5.059267847603974300e-01
-9.115171461623405857e-01
4.763998180391870729e-01
9.801627835557062962e-01
-6.218327994370675960e-01
6.437278085062312361e-01
-4.512474308024416736e-01
-7.993258924430544088e-01
1.620212737773747413e-01
-3.729992223490532499e-01
-1.411864613271089919e-01
6.307663574991195787e-02
-9.963354745675623292e-02
-8.676656408032195067e-01
-8.959578053472661008e-01
9.121108316836308294e-01
6.994187079334444057e-01
-7.441246407857955436e-01
9.934914777885248682e-01
-1.229634593908393025e-01
-1.381442659261127304e-01
-5.331238977306240745e-01
8.830101421550211604e-01
-4.627142678274553944e-02
-8.291323460908583964e-01
3.412212629024380384e-02
-8.516562673192389354e-01
-2.718410556911441400e-01
7.266185973520600250e-02
-3.106008145669449938e-01
-5.213809551494601457e-01
1.814015935392092604e-01
-3.898425383640009567e-01
4.901663914519709397e-01
-3.923244934217837709e-01
-6.565732239440880136e-02
-3.026670249945062618e-01
4.488316682749018405e-01
-5.631652115571810224e-01
-5.354464031767354193e-01
-4.489385000322880792e-01
2.542446653538990020e-01
-9.260218201657917092e-01
-4.762103173397402855e-01
-1.937064606918352805e-01
-4.191639571207310677e-01
4.875996829224418239e-01
4.698414279707272545e-01
5.660337620714908091e-01
5.803753055340472589e-01
-4.281888676377938463e-01
6.128230199560475988e-01
-7.064743017332248964e-01
1.097739150247589723e-01
-6.151422366721339685e-01
6.312637795008393393e-01
-8.028231087345485406e-01
8.157629895295188671e-01
-5.062670455801987490e-01
-2.814358065586490820e-01
-5.320459812028017765e-01
-6.770412505742884335e-01
6.074859912347636559e-01
-7.528872826565451426e-01
1.177072266054062233e-01
3.376406522316286463e-01
-1.436931717972744771e-02
8.000248327545245175e-02
6.035687456523375349e-01
-5.352969329547088151e-01
7.073208296009478868e-01
9.278133018104437468e-01
7.775893283570076697e-01
5.372149282196216902e-01
4.569987466210050364e-01
3.528588311079867701e-01
2.945416338708664039e-01
-3.909631847359114065e-01
5.666018870298648036e-01
-3.930736646492396513e-01
-2.732834024496171299e-01
-4.235306035660801882e-03
9.241653852646893874e-01
-8.348806058245255013e-01
-2.632728758859890217e-01
-7.364497318134572978e-01
7.313770094251070830e-02
-2.976244195976640583e-03
-1.763700957918681311e-01
3.166762084929524157e-01
7.133674735453123805e-01
-6.285021823628820226e-01
-6.880026907472456266e-01
-6.403112611681938127e-01
6.398724650954425996e-01
4.368239301422136567e-01
-9.324403581064628632e-01
5.447390098914060008e-01
-1.626230383964666348e-01
5.374608057772325420e-01
-3.745497868608287373e-01
5.656498927005428889e-01
1.984967921181293171e-01
-8.802309733877966558e-02
1.271192807058454388e-01
8.558017809081757132e-01
-9.146997861681249731e-02
-3.820379333085344165e-02
2.495616290627824529e-01
-4.283684439186312698e-01
4.454535322815802445e-01
9.753848993857738847e-02
-7.715603956066003910e-01
2.287053876611102599e-01
-3.021716006276931044e-01
-6.318440470021602362e-01
7.777226642250028021e-01
-5.700643777156586545e-01
7.949572190715086251e-01
-5.980244146654345450e-01
-1.791008630045531902e-02
-6.964984912737466338e-01
2.838391806799545058e-02
5.648604960057146407e-02
3.746472750675278185e-01
-1.343351098731715432e-02
5.603254332336478072e-01
3.612077066751997467e-01
9.837836730202551561e-01
2.803493299832973129e-01
5.194852291532372490e-01
-1.803694305145620014e-01
-9.861190506459456273e-01
-8.869848037900835980e-01
9.613496886986354628e-01
9.533206953348474233e-01
-5.968982891636309684e-01
-4.334831073989711125e-01
-5.569833368228938042e-02
1.522464031560213371e-01
8.321734788083432477e-01
2.764365590593700350e-01
-7.335558916985240874e-01
-1.533742056254761010e-01
-5.909904838676232064e-01
5.211122353741879376e-01
3.076441993132830177e-01
-3.250542909216767029e-01
-9.161163591725496325e-02
-1.293040262224771642e-01
2.891713888116185238e-01
2.122214491952201243e-01
7.207295224255103605e-01
-8.681131361699470084e-01
-8.285196511973436095e-02
-6.803215442855294892e-01
4.865501922899966303e-01
-9.001813394878999119e-02
-8.382252268628582748e-01
-5.743903340584870509e-01
4.621655747831487915e-01
-7.746014457546122056e-01
3.776599050358513399e-01
1.739391682913071779e-01
2.701936191052527469e-01
3.687548835196237107e-01
-6.541570237951954692e-01
3.405855209857771015e-01
8.542786050768134132e-01
5.788333809448258371e-01
7.202159428088352744e-01
1.883389552286662827e-02
3.916652394713766583e-01
-2.114964347661971722e-01
-1.373846032320633626e-01
-9.152720331683701360e-01
9.741953543305723606e-01
5.874586655446119021e-01
-9.942434624329468118e-01
6.065243694522057805e-01
2.834772116475587911e-01
-9.172521666589468214e-01
8.362708147268895775e-01
9.942358844686660646e-01
-6.052219680132160384e-01
-4.177679411205896809e-01
-2.407250869118744419e-01
-4.896579166378316472e-01
-7.698758799769755967e-01
3.141512337746081851e-01
-7.534882766185257985e-01
-2.903197712750642534e-01
3.021613880457123535e-01
7.743823468102450924e-01
2.491922624630609207e-01
6.909580695735884071e-01
-6.720689474807235442e-01
8.653866446164291126e-01
9.841036235648548125e-01
-5.648248046687260882e-01
-8.504212184203403524e-01
8.477440387783123921e-01
-7.810109516915542116e-01
