
0 65.186425 28.11721 21.62848
1 65.186425 42.463671 15.977607
2 65.186425 44.359837 21.41143
3 80.058951 50.339016 22.001329
4 80.058951 60.157982 15.666441
5 80.058951 57.751352 17.660216
6 80.639722 62.124117 13.433726
7 81.320436 65.538294 15.433837
8 81.565916 66.228591 17.640887
9 81.320436 68.100615 15.425726
10 81.540436 65.214027 18.436149
11 81.540436 66.314697 18.102839
12 81.540436 62.890268 20.728844
13 81.540436 64.705309 16.648044
14 81.649025 61.929126 21.238353
15 81.649025 66.515466 14.490017
16 81.649025 68.546975 13.359404
17 81.649025 70.044881 13.112114
18 81.649025 69.695853 16.213453
19 81.649025 70.166115 14.86316