6.187022174253722362e-01
1.070339422812485175e-01
-7.039993593152589213e-01
4.068125632543351244e-02
3.581085763037152869e-01
-4.485547467346355788e-01
8.346447544015085374e-01
-9.372918169205430861e-01
8.899240282702773897e-01
9.612683851902836807e-04
-1.394936102933439503e-01
3.805888750026917844e-01
-3.882307491345684536e-01
2.334070811264390422e-01
-2.766476040112557655e-01
-9.548363103812393948e-01
5.947102150246927899e-01
2.959098928785319771e-03
1.562967324709318984e-01
3.282090449510310926e-01
-1.971309319781708869e-01
-7.951406844054504930e-01
4.510805555922019483e-01
6.556112870367292178e-01
-7.608584363664998573e-01
-4.267255025696676807e-01
-9.861624054051731925e-01
-8.268451210869540713e-01
5.049349388798576310e-01
5.878844024098590637e-01
-4.485109273107210637e-01
-5.712805462816326063e-01
8.354088894867144344e-01
-4.038988906429163972e-01
5.007868741429426507e-01
5.481502535968949541e-01
-1.251206092996428598e-01
9.013756911692749618e-01
8.185160588640589818e-01
1.007613977509598246e-01
7.891178076961729015e-01
-3.289155911614405348e-01
7.705593278316329453e-01
-7.097936542490335121e-01
6.703821246880166118e-01
9.415135490474735303e-01
4.720338973670346050e-01
4.260061890868314105e-01
4.460256470287635722e-01
-8.580364160002678098e-01
-4.294704783168556972e-02
-6.235753873344289655e-01
4.400840160682439883e-01
-5.789212328910791072e-01
9.238176022225621509e-01
-3.060609261389961588e-01
9.913221541760144362e-01
2.791918186850259609e-01
5.506581830318202364e-01
4.148906937121175087e-01
2.633234454722876983e-02
-9.501659856616673228e-01
-8.462597482635179080e-01
-2.148081253371119104e-01
7.453211090240463577e-01
4.887950879925500036e-01
9.251239833647737498e-01
-3.922502459011063536e-01
1.472376682447327223e-01
1.699523705545038510e-01
-4.426516470249406421e-01
7.845213875787142577e-01
6.374379310254107978e-01
-8.523900905739352218e-01
1.190242330089159584e-01
-5.338815924658015799e-01
6.471793851209988180e-01
-1.264170840790586059e-01
-4.111090474945164885e-01
3.158319634895472294e-01
6.973989962759035155e-01
1.217288110387018119e-01
4.083753154794955709e-01
5.047586809422839327e-01
5.116800238516912014e-01
-4.296035803988003110e-01
-8.046165778131786350e-01
-1.878521333411609096e-01
-2.939201922421523783e-01
2.404365739595510920e-01
1.914049306087288738e-01
-3.251183835267494882e-01
7.440291395224776227e-01
-4.607815836422446409e-02
-5.809498392238769959e-01
-6.733054691552446958e-01
6.861846937400932767e-01
9.867697736611946713e-01
2.001019717433016876e-01
-2.339998894514454530e-01
-4.623283254273136134e-01
9.762192386462613669e-01
-7.501081736348538254e-01
5.229228147068001320e-01
6.636517925891811664e-01
8.779770839920888470e-01
9.859860756983964691e-01
-4.051711109755564699e-01
2.237654329933118635e-01
5.521332060079287007e-01
1.451360603735549759e-01
8.922314106431166181e-01
-8.170101238845963731e-01
-3.233364129250562158e-01
9.142769241229025123e-01
3.778769560116317372e-01
-3.278784781134769233e-01
8.204516006598394640e-02
-7.218914633117972102e-01
6.114015694785601696e-02
9.810594168464490394e-01
-4.828525649606141279e-02
-9.310150052268340026e-01
3.671137446683225836e-01
7.547043321105466607e-01
-3.461105337460379516e-02
-9.469549512587338569e-02
-1.977838851799573749e-01
-4.562106014244797780e-01
2.814163289965969650e-01
2.375826606614186431e-01
2.947084355725837490e-02
1.985362290051340128e-01
6.670479293594975267e-01
-5.044689888353330876e-01
2.311291765240770513e-01
-7.949124247200776150e-01
4.071612749170026024e-01
3.213967202760872333e-01
6.902706607325364008e-01
-9.633815774976017821e-03
3.042892376464361170e-01
-5.911789987282234371e-01
8.498341225407712862e-02
-2.082246417633053515e-01
5.378611639988080118e-01
3.008783482417534128e-01
8.691226838180181602e-01
-9.515585220719253723e-01
-4.261707036700006501e-01
-9.827913567041794973e-01
7.285312140403765735e-01
5.854150388613710287e-01
1.814108219347361217e-01
8.990573733975273374e-01
-6.344799368470912526e-01
7.145729668757194730e-02
-8.792134963306730278e-01
7.182987485263010452e-01
-7.005592087485614794e-01
3.158519097106728957e-01
6.600926426581048556e-01
-3.225213654602638869e-01
-7.888085892545455557e-01
4.178617756997675681e-01
-7.589501460027086033e-01
7.175734401837257082e-01
-8.793315098548024622e-01
-6.693109004898154524e-01
7.879444456418553955e-01
9.025690700272122058e-01
-7.095326611791565874e-01
2.407902380539117537e-02
1.870368999446798686e-01
4.450603505701244966e-01
8.993405047497007310e-01
1.035899677557414744e-01
5.507907082500600460e-01
-8.767079073075787488e-01
6.716401338461281956e-01
-9.918253059331136878e-01
6.894993275337490957e-03
-3.857874809058530197e-01
8.576339616684227618e-01
4.190283267404697476e-01
6.927038203542499328e-01
1.246257938479700123e-02
-3.890277671444728469e-01
-8.560077728285870879e-01
-5.647099547326279723e-01
-1.883343321324670860e-01
-3.458698975021790023e-01
8.957748340091242767e-02
6.626788177422686665e-01
6.127972301142650124e-01
5.214237953232503386e-03
-5.968707503244907731e-01
-9.804431905337498421e-01
5.425965701101231886e-02
-8.541844538174570012e-01
8.996043293883728698e-01
5.195780226736406160e-01
-2.261776285122176766e-01
-9.095016460034281991e-01
-9.360910255456229567e-01
6.666138711966418384e-02
-4.542857732551170979e-01
9.581242534108904696e-01
8.027940682522238802e-02
-6.856660443349067435e-01
-5.835761710903339949e-01
6.133660435998498084e-01
9.436093375375049774e-01
1.691198642848765754e-01
-4.675962183323738586e-01
-1.800954590896253205e-01
-3.235988882251046306e-01
3.995489749221345921e-01
-5.095874524096577485e-01
3.604781922956634688e-02
-2.533671359624702912e-01
-3.418826059867849931e-01
3.981025342966182379e-03
5.733251859906209891e-01
8.298001626956628130e-01
5.104476749008088898e-01
-2.092426597600267613e-01
-1.724725047881259243e-01
4.696504899884683670e-01
-2.730859571453680967e-01
-3.794843585777896156e-01
-3.619659934806653823e-01
6.030658414611271834e-01
1.835112158314580189e-01
9.128823157504164509e-01
-6.452243844369018877e-01
9.731570805291136494e-01
-5.136753402521878620e-01
9.866270441961590976e-01
6.936525480378377129e-01
-5.414908136014724427e-01
7.310894531253495643e-01
4.928604325858971791e-01
1.151737749434147418e-01
1.984232157533640795e-01
-6.161610653188867026e-01
-8.384659800174032451e-01
-3.307273318022923014e-01
3.349062753713383245e-02
-2.061946006076067484e-01
-7.036106339015442135e-01
-2.919988476529777888e-01
-5.059038394706272257e-02
6.155016822712926494e-01
-5.780334417070853714e-01
-6.781639036824986810e-01
-2.640650941291808884e-01
-2.667730133926771163e-01
3.775490105799172991e-01
8.193743527771035762e-01
4.680316878227634980e-01
-6.028264994964736001e-01
7.589165535300081977e-01
2.132737546272240881e-01
3.150301632558469844e-01
