3.884640296298846884e-01
-9.014643985864423392e-02
6.129609261111714780e-01
4.625484895596954082e-02
-1.667507795628069278e-01
2.425838601740577527e-01
1.821709005667653258e-01
3.940893891106262981e-01
-5.566055869948476342e-01
-1.072638537196777264e-01
-6.118819041461096564e-01
-4.457997738972625523e-01
4.712737280524350592e-01
-2.026644031552460312e-02
4.279104180826078796e-01
9.094559227385115019e-01
-4.304816487052782747e-01
4.605483914730723605e-01
9.505553473895451688e-01
6.583243909307960884e-01
7.930830769334591412e-01
-8.490456131321344468e-01
2.236312780892610874e-01
-5.819569212308921546e-01
8.614836580394447108e-01
3.256223904220547638e-01
1.854572484372842833e-01
7.044241090183496201e-01
3.091263675978197512e-01
-6.382206377062267233e-01
-1.094241910122368822e-01
-3.358653968998481787e-03
-3.993327846835554862e-01
-4.534129614107877959e-01
3.683926141176865343e-01
-3.089578986460093102e-01
-3.777774953859525109e-01
-4.596272679028123864e-01
5.986318141212338961e-01
9.313536234873867059e-01
-7.906608967289165957e-01
6.581157241863389018e-02
9.258714591955572448e-01
-7.119423579958652493e-01
5.596077700439401337e-01
1.650559995595806129e-01
3.949219056986577048e-01
1.631561359863880067e-01
6.438783689794849163e-01
1.869316172302992740e-01
-9.959633772238458693e-01
-7.301575453669895133e-02
1.788937228413676195e-01
6.211252941008966744e-01
9.515696386074419255e-01
-5.522408138781433884e-01
2.822296344596606499e-01
-9.711538733446489768e-01
-2.727308517032984714e-01
1.004972412905351664e-01
-2.141667177449817494e-01
-1.364324086571870875e-01
-6.461108608680186105e-01
1.683738471641238466e-01
7.661676961971697342e-01
-3.824247547487442667e-01
6.261648590206148057e-01
-9.394175197086629403e-01
-3.358931334799390989e-01
4.043447455734894280e-01
1.092205417974980719e-01
7.617354362754680253e-03
-4.847232271764754241e-01
-8.589563339147154863e-01
2.794167465782004811e-02
9.034066487222007780e-01
2.959126231289688214e-01
-2.686884710193206960e-01
8.072797732082404032e-01
9.852917784519485966e-01
-3.153198190063974948e-01
-1.695774032981605117e-01
-6.364854424154851031e-01
5.057980748085892930e-01
7.849878381133141847e-01
-2.535159662836392602e-01
-3.382431454296526141e-01
-7.113146065188711287e-01
-4.784966321829950964e-01
-2.959285138395844061e-01
-1.891613389681792157e-01
8.759121295359511006e-01
2.102730673168873299e-01
-1.569683605772271839e-01
-8.882679468910044118e-01
-9.144827920250100384e-01
4.387200297748645728e-01
8.819638526754232100e-01
1.789035091035551250e-01
-1.923826132077719464e-01
-1.225741407314915321e-01
6.870230107355450588e-01
-6.194977338066731676e-02
3.642693976121906818e-01
4.960230992547074447e-01
-7.994821250332291296e-01
-6.051868094347725435e-01
-4.580707337988461081e-01
7.675972370302808212e-01
2.794297249270716321e-02
7.286893395182625355e-02
-6.096323784183490524e-01
-3.813923680511721592e-02
-4.568153954989173648e-01
3.015376079728904202e-01
-2.155953973297568549e-01
-8.983908015949946257e-01
-7.262879627573288754e-01
7.910111048235375364e-01
-3.212457372984918180e-01
2.148985676079639973e-01
4.849109447823949370e-01
7.375245783056822990e-01
3.283764015436141381e-01
-8.527045988806807308e-01
-7.717390518329259042e-01
-6.189761872013921362e-02
-8.034507028610757828e-01
-6.723211874917178754e-02
-7.960017186205861073e-01
9.351450004837102981e-01
6.992482071783567843e-01
-8.616543102359619510e-01
-1.913800893335704245e-02
8.178855545685994599e-01
2.343283101561119963e-01
-7.855269016896473389e-01
-1.378159106252159205e-01
-5.041272631728688225e-01
7.277557995667449653e-02
4.877593029191582552e-01
-9.839188417346995674e-01
-1.423552110888972599e-01
-1.071594573584329080e-01
2.569878097181255150e-02
3.138775042233863388e-01
9.822321929293917897e-01
-3.793874018771108414e-01
7.422664030266239443e-01
-1.801301913222106421e-01
-1.411170356741344722e-01
-7.384400090426921359e-01
2.317371116021993416e-01
4.403425050850628963e-02
3.641544235713063404e-01
-6.513160226531307107e-01
-3.811137839449374454e-02
-3.517144077456964002e-01
-8.236325703773381690e-01
7.601042846476402381e-02
5.701944542132508786e-01
-6.360673627172963585e-01
2.360718175054921097e-02
-8.073555997569465958e-01
1.559913590907955339e-01
5.495539361379211396e-01
-5.425038754202895497e-01
-2.862449051910775921e-02
-9.578889085963082639e-01
5.063337813778707730e-01
-1.814283569462644685e-01
-1.543376673669190069e-01
-8.357180934770187530e-01
4.199968850130961773e-01
-6.707627585019928507e-01
8.684633732557573982e-01
6.391148946233138339e-02
1.064782272779836170e-01
6.602648424036350328e-01
8.122647976579688844e-03
-2.485722874709717090e-01
1.506681856376317352e-01
-1.314750675363032251e-01
-4.298316321152519937e-01
6.404910869818110086e-01
4.466895934667727275e-01
-3.463613770625308952e-01
-7.721515053403045226e-01
-6.029457212387687726e-01
9.092754316150377658e-01
8.768956156225147236e-01
1.213524848237743647e-01
-8.274443933133652784e-01
-7.705129306520501764e-01
9.003059967084836579e-02
-9.705211368790391813e-01
5.077552728703156326e-01
-3.625732295990418130e-01
-2.275755075011431927e-01
7.157520389178269049e-01
-4.755132043907179806e-01
1.818541215091062924e-03
-8.459278320240579685e-01
9.511010437481015600e-01
4.643854694204605504e-01
5.769686537325575681e-01
4.910576419107031132e-01
-8.898846512741913628e-01
-6.960964058935539267e-01
-1.737310957289830426e-01
-3.228362641422291013e-01
-1.046120865027038160e-01
-2.818649555136933937e-01
-9.783392044874836824e-01
-1.657445419307619350e-01
-3.179287282886189558e-01
5.862876745264105072e-01
6.347620153046507063e-01
-8.080825760704946070e-02
3.661403997538457133e-01
6.679279667991906422e-01
-6.286558563186634974e-01
3.008457409701597030e-01
7.061316189711179803e-01
6.975125045071424168e-01
3.895748708273718552e-01
-6.284122438805619382e-01
-9.100887638201675678e-01
-6.969557032441953126e-03
-1.122228407898175906e-01
3.517752753381273578e-01
-3.660601884396472716e-01
3.976848284628007324e-01
1.275853174557977088e-01
2.206121186125233891e-01
2.065159512867607017e-01
-8.924906323537189490e-01
-3.317914323582564773e-01
2.486362808839501781e-01
4.671627527959283377e-01
-8.400281990250111352e-01
4.727855671622973599e-01
8.526749312310983875e-01
6.173438816285372610e-01
6.545544224076755846e-01
8.321490532724524769e-01
-4.192994956742586155e-01
9.165668032907399176e-01
3.005992293905157542e-01
9.546931850662641050e-01
-2.417481368484268867e-01
-7.371568519633926453e-01
7.436668346906529781e-01
-5.924818746591868912e-01
-6.817292160294208259e-02
-8.779995188849951671e-01
5.084674624776017726e-01
9.602397484964697583e-01
2.335058483315253230e-01
-5.390620225179820757e-02
-8.753576149422641617e-01
6.371983121774753567e-01
-2.047675543521392250e-01
5.875192024623356879e-01
-9.295390065823669890e-01
