
0 62.135344 19.701763 21.956948
1 62.254196 35.056291 19.080979
2 70.602668 44.700684 18.220873
3 70.602668 52.392622 18.605323
4 70.602668 58.732245 14.234297
5 70.602668 54.777037 17.532792
6 71.170793 56.884169 16.993279
7 75.111799 55.718163 21.24408
8 78.247888 54.724366 22.892922
9 84.200493 60.649017 20.461658
10 84.200493 64.180215 17.948624
11 78.209898 62.758276 21.927071
12 78.209898 65.42067 16.693797
13 82.65784 62.567783 20.057051
14 85.46896 68.408564 14.316461
15 85.46896 68.745972 17.616212
16 85.602391 64.543361 26.906475
17 85.46896 73.376188 12.408187
18 85.46896 73.616032 17.318143
19 85.617844 78.076205 8.921974