
0 62.101898 18.520185 19.123069
1 62.101898 32.291399 17.411691
2 62.101898 39.309253 12.609404
3 62.101898 40.67195 17.364725
4 62.15011 46.72882 17.77686
5 62.747877 50.998431 19.862028
6 62.747877 54.748694 18.441727
7 62.292911 57.988296 8.170625
8 62.292911 59.703549 6.665294
9 62.292911 53.701261 18.155944
10 62.888637 60.048488 7.211793
11 63.03565 61.146454 3.911394
12 62.888637 58.15634 12.100714
13 62.888637 57.640834 15.727549
14 62.888637 59.660753 10.511999
15 62.888637 60.315542 7.615066
16 62.888637 58.428901 11.763137
17 62.888637 57.13191 13.39028
18 62.888637 57.091883 12.637507
19 62.994367 55.080012 16.632663