2.021065815256415377e-01
7.232768844472657888e-01
2.075489256400593896e-01
-1.105149244256494190e-01
-3.097493554653819592e-01
-7.657953766204662616e-01
6.988767708545908786e-01
4.988426256028469230e-01
-2.730390406580814888e-01
2.663158390436166090e-01
5.107588249734684727e-01
2.653439411087459288e-01
5.403694716898955752e-01
-7.601546552764293363e-01
-5.375914850131090494e-01
-5.159571747494835492e-01
-1.663994639798995534e+00
-4.744981562958182630e-01
2.592552085685206897e-03
-1.083115264482559681e+00
-2.169288941059331899e-01
8.145530573765218385e-01
-5.058760745119097457e-01
-3.254193961183751704e-01
3.079765538332334684e-01
5.582113511567090569e-01
-8.547576503008647020e-01
-7.218583081142869728e-01
-2.269864282988279802e-01
8.219438677193073861e-01
1.082893597529144047e+00
2.144370817724881861e-01
-5.055176458745457291e-01
-6.507582026018806642e-01
6.831960756315288430e-01
-4.485191579340791490e-01
7.851739250836903272e-02
1.157076102919397886e+00
-3.728046133105725746e-01
7.311191940123724642e-01
6.010906371570167162e-01
1.084633420250332492e+00
-4.607035866957025494e-01
-5.839294500059261095e-02
2.564611056957760704e-02
7.912917758754698383e-01
8.899341000890027831e-02
7.538067709239355541e-01
-9.030034637029714650e-01
-3.757683800950743780e-02
1.772943505437440281e+00
-1.095073873544398113e+00
5.242995219747897256e-02
-4.109746541931005304e-01
-5.423506254032725016e-01
3.367547097458934435e-01
7.902488176376770701e-02
2.206231711276935570e-01
-2.413590249036712265e-01
4.087425623737024893e-01
-1.089555541578648978e-03
1.005268811929667327e+00
9.104521283887748173e-02
8.587866229993138534e-01
4.264531839884320163e-01
-7.701507931278540608e-01
-1.652534201603096664e-02
9.284064163490872712e-01
1.536284776152123666e-01
-3.965728486489696336e-01
-8.663823551789590072e-02
1.130293509546572928e+00
-5.166697546293809173e-01
3.161308854515175737e-01
1.510356156596643351e-01
6.735441878539534244e-01
-5.351281901668540897e-01
1.461252270486975147e-01
3.660162473140003980e-01
2.642666936557889756e-01
-4.983305337746639641e-01
2.581040385051140418e-01
-5.432248921673215047e-01
7.923682716750372057e-01
-8.711970665598910424e-01
1.016210961397832069e+00
-7.740090167508206775e-01
-6.579895294063811129e-01
-5.969456028449652285e-01
3.549554542334687479e-01
-9.916619147457506056e-01
5.313043736001806794e-01
-7.365196820697791358e-01
-1.537212943764103557e-01
-5.287910337508030523e-01
-3.953921399481438725e-01
-6.888025332420282254e-01
6.565247107121789938e-01
-1.312035544881406113e-01
-1.771219862235124953e-01
8.854880110513885239e-03
-2.517150502289498548e-01
1.698182068520579791e-01
-3.960500615328264029e-01
-1.413220108075851356e-01
3.398979954926368285e-01
-2.498147621317116651e-01
2.009615301365470508e+00
3.834925069320953006e-01
-2.532607144423830725e-01
2.402640797940812090e-01
-7.738875883004869838e-02
-1.620978288897783059e+00
-1.909177529597264056e-02
7.513343488615096266e-01
8.374592759421380095e-03
6.389785627930345546e-01
3.376453204969270816e-01
-3.233615841354589016e-01
-6.495488461119405255e-01
7.843183519588464714e-01
6.250596591937698232e-01
3.240592058519160545e-01
-9.406588710987791035e-01
7.335038902702188945e-01
-6.392085553259402309e-01
-6.681843634347639505e-01
8.773509431027968208e-01
1.205532553148222163e+00
-6.916945533065330665e-01
7.984218999972497732e-01
-1.261910955193194517e-01
4.733044847535384236e-01
-6.973799000131625236e-02
-1.007787037322446899e+00
-7.261413614657071802e-01
-5.350833775955515792e-01
-7.692211141299666322e-01
1.050460635543891907e+00
1.938033166781337746e-01
-4.414369409490348506e-01
9.301536231471825289e-01
-6.813467852751797782e-01
9.564259123313366417e-02
-6.068752632961922355e-01
3.348248873038814910e-01
1.812931456078238079e-01
1.056332211112052111e-01
1.354642852391771402e-01
3.648251424027353917e-01
6.008177408607258130e-01
-3.678999469319240712e-01
-1.658888744109034308e+00
6.991944897833404227e-01
-2.352662690262321277e-01
-3.009641362584674074e-01
8.155066972471494702e-02
1.422621152685256130e-01
8.873652883443271522e-01
-2.139369643956639533e-01
-4.592037712585916864e-01
-2.959127246858495597e-01
-8.715298251314662625e-01
-1.587298596560764663e+00
-6.102699526619187465e-01
2.908166295798416678e-01
2.213796183486751168e-01
-6.761771536047433973e-01
5.052370245584573150e-01
-6.591331982389844746e-02
9.950362350667799616e-01
7.547768079566589128e-01
3.837217012141809214e-01
3.255225063899855886e-01
2.179025788298544208e-01
5.763402424302134230e-01
-1.323789538571655378e+00
-8.483784532520267652e-01
-4.388006005678549148e-01
-8.899497566937506488e-01
3.363724904332954235e-01
2.331831961517110904e-02
2.828376809911838929e-01
-7.082221912295004751e-01
9.127646886591772590e-01
1.113097700061801643e+00
8.378671208248171798e-01
-5.132409542588916018e-01
-8.246174443363745166e-01
-5.814633183093680380e-01
-1.744034120086245809e-01
-8.668670357280126859e-02
5.967046726591678230e-01
2.297559562786019582e-01
-5.467663962598352523e-01
1.172520683360702476e+00
-5.651878388647245677e-01
2.925380876875627867e-01
-1.181464989267412141e-01
3.167505707052901132e-01
-2.399343713908337783e+00
-7.285128995289218423e-01
-2.696106946998455545e-03
2.848303144042041435e-01
-4.730546132656576197e-01
-2.412828961694327978e-01
3.713997482419463536e-02
-6.252853329635565949e-01
1.858261559575156152e-01
-8.248235285107237136e-01
-7.026696615888315678e-02
-8.536717609640890325e-01
2.196700571975047644e-01
-4.686502462169230832e-01
8.129563423247659903e-02
1.536701191248817100e-01
-3.502187736153408726e-02
-7.364530250528846800e-01
-5.805543624450093532e-01
-4.376212286137539653e-01
-2.762655969433855385e-02
-4.389866553060559062e-01
6.766539177793626791e-01
9.859338965142985245e-01
4.521866761595461082e-01
-3.487658759271105025e-01
-3.720394432168536714e-01
7.258852117072660537e-01
4.419425129398396601e-01
1.107580935037259851e+00
3.240369833917944309e-01
-5.477541001437513657e-01
2.347189641223605405e-01
6.142232202654316353e-01
1.003090266759110838e+00
-3.748184602781056696e-01
-6.697249318752349634e-01
-1.109914577754593790e+00
-2.733096114700522827e-02
2.640633498711953742e+00
-1.254283262640770058e+00
-2.118834912326861553e-01
2.050961039170340339e-01
9.999948605015789305e-01
3.320183553723232150e-01
2.696285837231939819e-01
4.602707923887118524e-02
-1.163635738445363277e+00
7.892148648450925119e-01
2.658540358908453860e-01
7.625892387172393816e-01
1.962494606687732734e-02
-1.351649540406247296e-01
-6.481438157474352924e-01
1.593943726594702071e-01
-6.003667661423552904e-01
-1.068829364110201463e-01
5.870107135727237191e-01
-3.550828365053623203e-01
7.461953668161082076e-01
-5.144759226343915692e-01
3.861443963780786803e-01
5.735806610760552093e-01
-8.233530003131335206e-01
7.237558800468457676e-01
