6.187022174253722362e-01
1.070339422812485175e-01
-7.039993593152589213e-01
4.068125632543351244e-02
3.581085763037152869e-01
-4.485547467346355788e-01
8.346447544015085374e-01
-9.372918169205430861e-01
8.681052290429962515e-01
-4.964734569752771165e-02
-7.716639455792106972e-01
3.805888750026917844e-01
-2.649287071537138605e-01
-5.742882080045019766e-01
-2.766476040112557655e-01
-9.548363103812393948e-01
5.947102150246927899e-01
2.959098928785319771e-03
-9.499978500122283620e-01
3.282090449510310926e-01
-4.729106579753581396e-01
-6.907038609980453714e-02
4.510805555922019483e-01
9.522012892257070149e-02
-7.608584363664998573e-01
-4.267255025696676807e-01
-9.861624054051731925e-01
-8.268451210869540713e-01
5.049349388798576310e-01
5.878844024098590637e-01
-4.485109273107210637e-01
-5.712805462816326063e-01
8.354088894867144344e-01
-4.038988906429163972e-01
7.900200692406325054e-01
5.481502535968949541e-01
-1.251206092996428598e-01
9.013756911692749618e-01
8.185160588640589818e-01
1.007613977509598246e-01
7.431771895551708695e-01
-3.289155911614405348e-01
7.705593278316329453e-01
-7.097936542490335121e-01
6.703821246880166118e-01
2.924291656839153042e-01
-5.671456396220522223e-01
3.719232879055620611e-01
4.460256470287635722e-01
-8.580364160002678098e-01
-4.294704783168556972e-02
-6.235753873344289655e-01
4.400840160682439883e-01
-5.789212328910791072e-01
9.238176022225621509e-01
-3.060609261389961588e-01
9.913221541760144362e-01
2.791918186850259609e-01
5.506581830318202364e-01
4.148906937121175087e-01
2.633234454722876983e-02
-9.501659856616673228e-01
-8.462597482635179080e-01
-2.148081253371119104e-01
7.453211090240463577e-01
4.887950879925500036e-01
-2.520205686718628435e-01
-3.922502459011063536e-01
-3.847068265954891597e-01
1.699523705545038510e-01
6.161270950031767502e-01
9.526227169402463613e-01
6.374379310254107978e-01
-8.523900905739352218e-01
1.190242330089159584e-01
1.281294478312093865e-01
6.471793851209988180e-01
-1.264170840790586059e-01
-4.111090474945164885e-01
3.158319634895472294e-01
6.973989962759035155e-01
1.217288110387018119e-01
4.083753154794955709e-01
5.047586809422839327e-01
5.116800238516912014e-01
-4.296035803988003110e-01
-8.046165778131786350e-01
-4.075334654966573655e-01
-1.963690980418197896e-01
2.404365739595510920e-01
1.914049306087288738e-01
-2.158603882184411127e-01
7.440291395224776227e-01
-4.607815836422446409e-02
-5.809498392238769959e-01
1.268136693588852726e-01
5.730739724877864649e-01
-8.002178371493451348e-01
-3.583319289487187920e-01
-2.339998894514454530e-01
-4.623283254273136134e-01
9.762192386462613669e-01
-7.501081736348538254e-01
5.229228147068001320e-01
6.636517925891811664e-01
8.779770839920888470e-01
9.859860756983964691e-01
-7.285861036438034954e-01
9.175771778358634556e-01
5.521332060079287007e-01
1.451360603735549759e-01
8.922314106431166181e-01
-8.170101238845963731e-01
7.839448629192637963e-01
6.961664366469717535e-01
3.778769560116317372e-01
-3.278784781134769233e-01
8.204516006598394640e-02
-4.811943076544404896e-01
6.114015694785601696e-02
9.810594168464490394e-01
-4.828525649606141279e-02
-9.310150052268340026e-01
3.671137446683225836e-01
7.547043321105466607e-01
-5.091631560429317194e-01
-9.469549512587338569e-02
6.157659360933762649e-01
-4.562106014244797780e-01
-5.159758543060921632e-02
2.375826606614186431e-01
-6.786690411992541971e-01
1.985362290051340128e-01
6.670479293594975267e-01
-5.044689888353330876e-01
1.557783326113182376e-01
-7.949124247200776150e-01
7.351940588703331780e-01
-6.663470413656549240e-01
-8.204278617881162194e-01
-9.633815774976017821e-03
-8.083011593429567654e-02
-5.911789987282234371e-01
8.498341225407712862e-02
-2.082246417633053515e-01
1.212226386777954801e-01
3.008783482417534128e-01
8.691226838180181602e-01
-9.515585220719253723e-01
-4.261707036700006501e-01
-9.827913567041794973e-01
7.285312140403765735e-01
5.854150388613710287e-01
1.814108219347361217e-01
8.990573733975273374e-01
-6.344799368470912526e-01
7.145729668757194730e-02
2.924929757653416118e-01
7.182987485263010452e-01
-7.005592087485614794e-01
3.158519097106728957e-01
6.600926426581048556e-01
-3.225213654602638869e-01
-7.888085892545455557e-01
-2.981662157888678166e-01
-7.729720803752264668e-01
-2.043481755162630531e-01
4.187299564704098920e-01
-6.693109004898154524e-01
6.073225786258351633e-02
-3.991828322501240756e-01
-7.095326611791565874e-01
2.407902380539117537e-02
1.870368999446798686e-01
4.450603505701244966e-01
-7.665889370605647457e-01
1.035899677557414744e-01
5.507907082500600460e-01
-8.767079073075787488e-01
3.067522959427053664e-01
-9.918253059331136878e-01
6.894993275337490957e-03
-7.654894542970747118e-02
8.576339616684227618e-01
4.190283267404697476e-01
6.927038203542499328e-01
1.246257938479700123e-02
-9.256153060738001592e-01
4.266555912993708066e-01
-5.647099547326279723e-01
-1.883343321324670860e-01
-3.458698975021790023e-01
8.957748340091242767e-02
6.626788177422686665e-01
8.848032969390622338e-01
5.214237953232503386e-03
9.576379426267151995e-01
-5.900311508151141471e-01
-1.909647048283837911e-01
-5.999537764550910701e-01
8.996043293883728698e-01
2.729134204021779198e-01
-2.261776285122176766e-01
1.414463927086537787e-01
-9.360910255456229567e-01
6.666138711966418384e-02
-4.542857732551170979e-01
9.581242534108904696e-01
8.027940682522238802e-02
-6.856660443349067435e-01
-5.835761710903339949e-01
6.133660435998498084e-01
9.436093375375049774e-01
1.691198642848765754e-01
6.911595326514095028e-01
-1.800954590896253205e-01
-3.235988882251046306e-01
3.995489749221345921e-01
-5.095874524096577485e-01
3.604781922956634688e-02
-2.533671359624702912e-01
-3.418826059867849931e-01
3.981025342966182379e-03
5.733251859906209891e-01
8.298001626956628130e-01
5.104476749008088898e-01
-2.092426597600267613e-01
-1.724725047881259243e-01
-2.127881724396805119e-01
-2.730859571453680967e-01
-3.794843585777896156e-01
-1.867425396992694608e-02
8.661802610786213386e-01
1.835112158314580189e-01
9.128823157504164509e-01
-6.452243844369018877e-01
9.731570805291136494e-01
-5.136753402521878620e-01
9.866270441961590976e-01
2.309415862036592326e-01
-5.414908136014724427e-01
-2.695720971640880315e-02
4.928604325858971791e-01
1.151737749434147418e-01
1.984232157533640795e-01
-6.290317328772934147e-01
-8.384659800174032451e-01
-3.307273318022923014e-01
3.349062753713383245e-02
-2.061946006076067484e-01
-7.036106339015442135e-01
-2.919988476529777888e-01
-5.059038394706272257e-02
9.135489598949702028e-01
8.821859994724283727e-01
5.469735461866327420e-01
-2.640650941291808884e-01
-2.667730133926771163e-01
3.775490105799172991e-01
8.193743527771035762e-01
4.680316878227634980e-01
-6.028264994964736001e-01
7.589165535300081977e-01
2.132737546272240881e-01
3.150301632558469844e-01
