
0 68.163067 37.996748 17.702532
1 70.659848 43.348657 16.729244
2 79.519884 44.209811 16.746636
3 79.519884 45.82446 20.329516
4 79.334917 47.762052 20.081651
5 79.812768 55.463286 15.686415
6 79.812768 52.563342 16.937941
7 73.204812 53.132257 17.186377
8 73.204812 54.871433 13.697411
9 73.204812 51.528374 15.918607
10 73.204812 56.505451 12.103597
11 73.204812 55.631396 16.101604
12 76.565265 53.270377 17.995991
13 79.760829 55.29764 15.362576
14 76.494091 53.478936 17.747732
15 76.494091 57.995723 10.180583
16 76.494091 56.63815 12.772428
17 76.494091 56.643906 11.467085
18 73.328938 56.4798 12.430767
19 65.75952 54.351911 12.043121