
0 62.281649 22.171721 25.214905
1 62.281649 39.569049 21.156785
2 62.352197 54.194895 14.783654
3 62.464758 54.62128 15.853017
4 62.464758 57.429206 13.551171
5 62.41692 56.8094 14.499757
6 62.41692 59.084316 13.181865
7 62.526804 56.693121 15.56885
8 62.41692 58.698831 12.81438
9 62.460271 57.557015 13.940192
10 62.464758 58.961333 10.172651
11 62.464758 60.004048 9.419583
12 62.464758 58.806237 9.718789
13 62.571647 59.562187 10.330066
14 62.571647 58.69259 10.925047
15 62.571647 58.246313 15.643912
16 62.571647 55.770499 16.732205
17 62.571647 60.189376 6.805019
18 62.571647 59.367802 11.108525
19 62.571647 59.453157 10.196497