7.246313253977434421e-01
7.138330034592654805e-01
9.509632365519531394e-01
-8.706369425145514818e-01
2.249012706058000077e-01
3.508332179784201532e-01
-9.752078742664094246e-01
8.078838789964182254e-01
-4.711637959464143321e-02
6.409329776363987818e-01
-6.675210767634442988e-03
8.836453673198243486e-01
-3.308352193731047830e-01
7.793690310917975594e-01
1.841928632959777268e-01
7.957902951689996840e-01
-6.487735425932652511e-01
-8.248797854830236531e-02
-9.818501181204217776e-01
-2.674976775423063557e-01
-9.124367756525302298e-01
9.774999338170582419e-01
-5.291097229699854854e-01
1.811695212612516315e-01
5.507054653400047517e-01
-4.436245689268372150e-01
8.684143455276132073e-01
-5.657016096453171272e-01
8.126957155241212316e-01
-3.774043034974374766e-01
-1.842489624137342297e-01
-9.047562427950242014e-01
4.655848592056595070e-01
-9.527936787212250014e-01
5.620305540515748710e-01
1.031395206483629590e-01
4.599326984377198890e-01
3.753477478197526640e-01
-4.058240144277596162e-01
4.893290765525382113e-02
8.807680125662464832e-03
2.699896302485391697e-01
7.245634532481686207e-01
6.483244604169098313e-01
6.452634942821875441e-01
-2.248706866370810964e-01
-9.898558069953113936e-01
-6.346189374565316399e-01
1.575188930949726895e-01
-1.904630440467141028e-01
-8.356538489390341606e-01
1.922352457200309228e-01
-8.474823311627579514e-01
8.878529921754478860e-01
-1.531530528602329522e-01
-5.118798155495773994e-01
5.313715067330178066e-01
-7.328303509844673602e-01
4.753325263435985715e-01
5.911474102781308915e-01
-5.088045857138279171e-01
-4.918978233116051424e-01
3.273886926030675770e-01
6.896317903559936457e-01
7.076114820722179122e-01
-2.761945886854981769e-01
5.980684096467256960e-01
9.943022826598280073e-01
3.964147251470730993e-01
7.041441436673174792e-01
-2.470227168714385080e-01
7.618478595987945301e-01
1.848940579468449918e-02
4.098270402455050920e-02
-3.394717414824057755e-01
5.982063850693779550e-01
-3.882048252643799380e-02
-7.376774572016997489e-02
-6.028386420112825661e-01
6.830575279949258061e-01
1.794316644105227176e-01
-3.205359252904542711e-01
-8.425049497477163918e-01
-8.686385591351513114e-01
-1.386839026384314444e-01
3.988235051668866937e-01
-5.570437191145356515e-01
2.206351295929949163e-01
6.630202187975995365e-01
-2.264903866187799597e-01
1.512425962106491717e-01
2.151179765833128865e-01
-5.106982921158909061e-01
3.182721203398550802e-01
-6.814023219754321570e-01
2.072585118253713610e-01
3.421463755573419530e-01
2.537440077523454018e-01
4.828870338020843089e-01
-8.341214576197917285e-01
7.572666293393941483e-01
-5.040124002363270961e-01
6.824927718959998835e-01
-9.732330415586172290e-01
5.296275607468625690e-01
-4.205829752359504514e-01
7.269154163835866989e-02
7.305510243811019766e-01
7.386663863513458494e-01
-5.416431337811158375e-01
-3.589548277302647694e-01
-4.347431307011666579e-01
-2.860668220994733169e-02
2.169294429725288076e-01
-7.777735729835675293e-01
-7.005245507620538881e-01
4.905397040088921301e-01
-9.458636843686556439e-01
-7.695842391016138873e-01
-2.315220153475037179e-01
8.410730918458915184e-01
1.256067271999421475e-01
-3.696862872119588417e-02
2.811958038484814182e-01
9.177482149254512223e-01
-2.543008094411189912e-01
-4.119714090991306588e-01
-1.268839833377348736e-01
3.688620674392613097e-01
4.504853259623551320e-01
2.777849664219484982e-01
-1.487050160847602776e-01
5.042045755688997488e-01
2.773408501452745423e-01
3.769661547522600298e-01
-5.661662978520742850e-01
-2.516249055784141042e-01
8.148375529383298232e-01
1.600714422258615599e-01
4.487172817690758819e-01
-9.291413363756373389e-01
-9.378392744279235860e-01
2.037501075289527286e-01
-9.080347149035625787e-01
-7.416417295666257736e-01
5.224461695772664171e-02
-3.470822748827315785e-01
9.753755840059539217e-01
8.565656513109951575e-01
-5.329591037251759644e-01
1.493303772238399052e-01
6.932021262026017983e-01
-3.939956258410985956e-01
4.745473164001585697e-01
-4.527092095800664406e-01
-6.689056658197043426e-01
-3.807721399708263732e-02
6.024579966682908072e-02
9.488663777450019321e-01
-5.469824949174253437e-01
6.363250760957492869e-01
1.224541599367452438e-01
6.318463863449319540e-01
-1.737246585213598760e-01
-1.494963097792187945e-01
5.178208222011828621e-01
-8.016828977081735808e-01
-3.601245834111896915e-01
5.563433062798606166e-01
-9.911081939417298869e-02
-1.850556004892733863e-01
-8.395711853361396138e-01
-3.522815660101563662e-01
-4.338513962346508546e-01
3.462588785776812284e-01
9.537560131873639158e-01
2.726407428059576254e-01
-1.757980102457452620e-01
-1.351271386917427542e-01
9.705078990710074294e-01
5.810558536874885771e-01
4.063321703984688060e-01
-7.428986849084424637e-01
-4.100575206377179427e-01
6.744754643734445221e-01
-3.913789432359635612e-01
1.482946806186664634e-01
-1.013691322842218412e-01
9.374663459990881798e-01
-8.092216041955133665e-01
-6.859778173282473634e-01
1.561686461643652102e-01
5.788984257319342852e-01
-7.300807494883587712e-01
-4.973200518840386053e-01
2.669871783062414128e-01
-1.536676263900058625e-01
-1.115358421293612956e-01
-4.561251522044924567e-01
9.822459104528524776e-02
6.165103229023678466e-01
3.593001132019268962e-01
-1.114281152609097880e-02
2.990094406815853034e-01
-1.277716569859219664e-01
5.029127617703155195e-01
4.993428139328892623e-01
-7.104848607353662082e-01
7.058873778213756722e-01
-1.298629484251068167e-01
-7.380298740212134501e-01
7.884577102137440008e-01
-7.469529917012822651e-01
3.551475822326906062e-01
-2.297011514136151344e-01
4.529259584458702470e-01
9.464012457368564668e-01
-7.627015557644987176e-01
-1.441457881690202392e-01
-4.116581465755198010e-02
8.581022203432853157e-01
-2.659064143064509000e-01
-1.660053705602617669e-01
7.237120520626771913e-01
-3.103871324460001357e-01
2.893825633289217603e-01
-7.730197447273956524e-01
-2.878296070320807143e-01
4.876926147979498971e-02
8.330244019310149017e-01
5.023610443150272609e-02
-8.677506838246002996e-01
-7.264120084160972102e-01
3.456892027333506867e-01
5.606275624493228804e-01
-8.068545483211275737e-01
-1.902949939676763513e-01
-5.111173523354157755e-01
9.810874156459665762e-01
-2.442955905876345035e-01
3.976261893280093052e-01
1.744300977616515258e-01
8.919818281998459497e-01
-8.792535753569286072e-02
-4.889709028981472638e-01
4.100340142047524949e-01
1.670784830573166513e-01
4.173913037195520204e-01
-4.079216526517259744e-01
-8.133597119594750957e-01
1.265733722937278927e-02
1.998785022893323493e-02
1.286844270219031916e-01
5.035846649772854899e-01
-3.293627965930712165e-02
-2.423700897883012129e-01
5.375035002758810077e-01
7.724931408098558716e-01
6.163517716393751567e-01
-2.082508474285429401e-01
-3.354733806193737067e-01
-5.335180365593661378e-02
-5.015973465867373804e-01
4.272977340225914133e-03
-1.766568726293504810e-01
