
0 76.757151 5.663806 17.521186
1 76.757151 19.361097 20.443101
2 76.593738 32.324016 24.376781
3 80.882534 48.378516 19.662118
4 80.882534 51.681852 21.017365
5 80.882534 55.873536 21.992911
6 80.882534 62.501914 17.836769
7 87.571809 63.534364 20.997335
8 87.571809 63.460626 21.226684
9 87.571809 62.788166 22.777188
10 88.025434 66.489152 18.282008
11 88.703743 69.496242 21.711294
12 88.703743 71.984809 20.423957
13 88.703743 71.352861 21.829776
14 88.703743 75.714925 16.312352
15 88.703743 76.343285 16.068087
16 88.703743 74.459962 18.301712
17 88.703743 75.22566 20.122413
18 88.703743 80.585579 16.410585
19 88.703743 75.94312 16.778152