3.417772114216977020e-01
8.683770588356130027e-01
9.613302915302142093e-01
5.278740016081424624e-01
4.707335519013529090e-01
7.102227917445769201e-02
7.862108077016145558e-01
-3.656660981905492935e-01
-1.375204171909882866e-02
-5.830891510597784322e-01
-3.585528158547792721e-01
2.661927017091938463e-01
-5.685345276215809651e-01
7.510187001288148867e-01
9.950785848931402722e-01
-2.755628646610834842e-01
1.933699599980531758e-01
-8.965067495784391216e-01
-1.680551497039124431e-01
7.401001239845903523e-01
7.925607482875161036e-01
-8.173642303003658682e-03
-3.670092823921089487e-01
5.339012905633082617e-01
-5.945251931696644565e-01
2.997727767161684209e-01
-9.497547481426573679e-01
1.514536175825029751e-01
-4.005703420751736132e-01
-9.965060751137297945e-01
2.531807032028496884e-01
3.134912238081128955e-01
-9.372142317477227813e-01
8.199851511989053598e-02
-3.605309834001195757e-01
-8.411914610256401303e-01
7.762951096951582475e-01
-6.687971632115941034e-02
-6.437896411627255233e-01
-6.987685296001933111e-01
3.859174101272464519e-01
-3.389016838498282169e-01
-9.741664273045569367e-01
-3.309515293648435108e-01
6.169421124919576283e-01
3.440067833586124557e-02
-5.914732580342676460e-01
-4.238198634369607642e-01
6.340579413976874523e-01
-4.934336792475815248e-01
2.568418714449749451e-01
6.564922469757841217e-01
-9.704279782490494721e-01
-2.434843312911045832e-01
1.650342465765284317e-01
-1.498923542382397667e-01
-2.703695262884115991e-01
-7.897464147182819971e-02
5.744799197119097034e-01
-2.539625556835880538e-01
-9.511164934280251781e-01
4.065051851465899535e-01
-9.986958994071677420e-01
3.148818159412385409e-01
-7.501784572229381887e-01
8.334095129892060694e-01
-3.780047978065594894e-01
2.229261017254646760e-02
-7.751712869649551862e-02
-2.416890317004543043e-01
-6.112758259030128816e-01
1.198962944828936283e-01
-8.037232716120854548e-01
2.161399612646881518e-01
-2.182479965963735058e-01
-6.417093402775124744e-01
-3.087862597207586823e-01
2.804719411196707757e-01
-3.617266908487506427e-01
8.013671204264527503e-01
2.085092749473183016e-01
-4.314868955245185767e-01
4.194536906278860666e-01
-3.731553901866060396e-01
-5.115460683550894228e-01
3.947431005608521559e-01
6.238026021347453653e-01
9.572026210461761497e-01
-9.382195860765327744e-01
-5.323423316908535430e-01
4.999509435756370745e-01
-5.219348039273410400e-01
-5.218952593613219726e-01
-2.363441006894149155e-01
-2.145248115560336455e-01
-7.307999155027871119e-01
9.777019719851127721e-01
-3.158720829435059940e-01
-5.645386203154283411e-01
8.702784491098447539e-01
8.835785755817091580e-01
-1.385353447804695826e-01
-2.101614131645113126e-01
8.310725958847715589e-01
6.073820926337345494e-01
-6.342403446228703778e-01
7.443459804473495645e-02
8.003555557313615232e-01
1.785225537326580181e-01
4.709787114816617049e-01
-6.992858998119468872e-01
7.235049998412819150e-01
1.993671962006819953e-01
-4.701404749259858740e-01
-4.432275158106069313e-01
-1.760204031352563536e-01
-9.834886163619860344e-01
9.476597722739792395e-01
-6.119798436951326970e-01
-6.804472509756873677e-01
-1.153987429917326946e-01
4.417872144947094792e-01
4.789747200003422467e-01
5.811270528009502279e-01
-2.411989278828245986e-01
-4.003012633021156841e-01
3.145017718691207609e-01
3.000386538392101343e-01
-9.808994120457905641e-01
-3.335169475640802350e-01
-4.717465910949236729e-03
-4.159993361948028934e-01
-6.689623924416399081e-01
-3.761962887088430296e-01
-9.458456558564798389e-01
8.942869650549445382e-02
4.879978889798919361e-02
9.372483834353184662e-01
1.687657024055810862e-01
-6.946870729524901034e-01
-2.410385458739097153e-01
2.047951175257152201e-01
6.497159043728228944e-02
9.786908629147921257e-01
-1.705194734657071720e-01
3.282728996042127978e-01
9.741133007863798099e-01
1.308719052571913899e-01
-4.833920154164956795e-01
9.074355158233693430e-01
-3.654717430274805334e-01
5.354727490642410270e-01
4.726231823184448011e-01
-2.821867479272239798e-01
2.718010959061598619e-01
1.012033933384057782e-01
7.076324974821326386e-01
1.549429119169905000e-01
8.171151390867814612e-01
2.829107344558516868e-01
-2.374318100542867072e-01
-6.532817604869345374e-01
-6.042233394703060423e-01
3.033500568070368608e-02
2.987237906167681256e-01
-9.035824459133627862e-01
5.175662914093801525e-01
-5.929084883975477283e-01
1.765084515605110926e-01
5.379756816270728770e-01
8.671293729079756485e-01
7.996019634720976654e-01
5.459382206083034372e-01
-7.260104701604941368e-01
-5.290449395024514612e-01
-2.650366240409152141e-02
1.527447555245922128e-01
7.276397205385753963e-03
-2.591494314880127270e-02
-5.158681960264897004e-01
1.906230555929175896e-01
8.747658235599737875e-01
9.878941254366950808e-01
7.742516425706136296e-01
1.863810657484594735e-01
6.776603526463154115e-01
-2.126786628446875049e-01
1.085839167187960808e-01
-9.289162008890612388e-01
-5.855427866543652105e-01
-4.403336565956319504e-01
-6.919761300414692951e-01
3.768839840628519511e-01
9.055354276339691033e-01
4.797273442239358143e-01
3.706537093201904831e-01
5.480796288792759707e-01
1.940551744603165041e-01
3.447849585763342883e-01
-2.638233338485784785e-02
-5.442444678393392188e-01
9.705625978145924204e-01
-8.138196545809455174e-01
9.745479670880430323e-01
9.661215879773816795e-01
7.422989270374003024e-01
6.589959260193343216e-01
-6.308785736846891368e-01
-2.132924384897212366e-01
3.118716872948590346e-01
-1.472950054702315548e-01
-8.867254540781477345e-02
9.833860031407761770e-01
5.697489805094888560e-01
3.957908734052040245e-02
-5.613387439211023899e-01
1.640064154273592756e-01
3.024374822319215728e-01
7.435714028373152651e-01
3.193425324396277354e-01
-8.457160790548896578e-01
3.477824666848050583e-02
8.608102221852254043e-01
2.070011058409675364e-01
2.823868341134236903e-01
-6.296847258646030010e-01
5.059503315385611710e-01
3.253903757211296099e-01
-2.312387175159185126e-01
9.815341270098503212e-01
-8.445830904023863273e-01
-8.181337626726659096e-02
-6.110747099914519698e-01
-8.106875817722341004e-01
-6.859615849569959956e-01
-2.879595607113756284e-01
5.921140077669513335e-01
-6.181643540098269440e-01
5.766391160833239660e-02
9.394988183072316978e-02
2.905073699471363291e-01
-5.413190586303873175e-02
-4.612385647116299392e-01
6.456091339229430570e-01
-9.661773164227507316e-01
-1.792242440084521604e-01
-1.879071043639011229e-01
3.944014959142552179e-01
-5.484049798702872458e-02
2.483231603158595480e-01
-7.738219984372260996e-01
-1.617790023618093098e-01
7.873609201262194990e-01
5.318141241857359258e-01
3.758309107700323892e-01
-9.851196331285509977e-01
2.401274003947402313e-01
-7.044244417711809092e-01
-5.239915896223368286e-01
-3.433303724938918666e-01
-4.790978004238146681e-01
-1.824389238713428618e-01
-3.996715981171092835e-01
6.931817886338971224e-01
6.821572671880768990e-01
