
0 91.933573 30.114005 38.717555
1 92.454823 57.082816 35.267
2 92.776119 73.241969 31.572195
3 92.940414 72.309025 33.757744
4 92.776119 80.251854 26.21918
5 92.776119 82.305692 26.066091
6 92.776119 89.691648 13.55004
7 93.140414 83.666285 21.781067
8 92.776119 84.343625 22.357605
9 92.776119 84.484764 22.119562
10 92.776119 82.55545 24.416211
11 92.932142 84.760963 18.221279
12 92.932142 79.356669 27.845576
13 92.932142 85.917856 20.389821
14 92.932142 88.654289 13.267754
15 92.932142 85.842242 20.527917
16 92.932142 86.35963 17.499186
17 92.932142 82.563743 23.183116
18 92.932142 84.767863 19.437961
19 92.932142 78.265145 28.214299
20 92.932142 82.761345 22.519909
21 92.932142 88.935702 14.704028
22 92.932142 89.029532 16.127238
23 92.932142 90.930074 7.08399
24 92.932142 91.702618 4.617492