-5.460935126310126897e-01
-6.675093867139012538e-01
-2.399284424927699000e-01
3.791565283229254568e-01
4.501182964719783186e-01
-5.928399286018408709e-01
7.250675404484969722e-01
6.080766559869479337e-01
-4.132106866100753173e-01
-1.700564066971463895e-01
9.620684841427475931e-01
7.133770533711529804e-01
-1.686448920746630442e-01
5.594031088096063087e-01
8.240474565705446786e-02
5.270094565783434160e-01
-5.218130339798578987e-01
-7.724732808769927406e-01
-5.002542364606943348e-01
4.099301047879102544e-01
-3.340900990225348366e-01
-5.841626335594753971e-01
-5.015319887966003254e-01
-2.257838742850566405e-01
-6.002835637367873733e-01
6.449368398969377303e-01
-2.437072485569060643e-01
-7.151830182693956761e-01
-4.615676561905759367e-01
5.104002203913311497e-01
9.559178322469528144e-01
5.910723156778887599e-01
9.787918456518931443e-01
5.829449220074358617e-01
-6.133278486138162844e-01
-3.386271899334911684e-01
7.291141040481676772e-01
-1.219032466704810247e-01
-8.308494393550442947e-01
3.117506835237728868e-01
1.846028502393075588e-01
-5.614641238890203390e-01
6.412329287463447436e-02
8.433850750055138512e-02
7.883809615778689661e-01
9.058472033087185959e-01
6.627094978104495215e-01
-8.921758681916729383e-01
4.783263903502730230e-01
2.061444428456826738e-01
1.353407050521713284e-01
-9.169850113853252882e-01
2.735645726133371092e-01
-9.132838432499077452e-01
5.306876301015581721e-01
-6.750135851112923913e-01
-5.615263981176508157e-01
-3.486551865899010227e-01
6.980570231321312491e-01
7.257300741337484595e-01
2.045583741898122643e-01
7.633552215619514580e-01
-8.991323055516993179e-01
-2.384667777551274792e-01
2.926106377623920451e-01
-3.045450418179276308e-01
-8.062741215327036137e-01
-6.429268806757211241e-01
-3.894638401003858164e-01
7.345887397290919996e-01
-4.747614693423987120e-01
4.864541527403580812e-01
-7.651076980865465504e-01
3.371073795447951937e-01
9.476857889996279649e-01
1.702115576204226155e-01
9.372912796756653897e-01
9.051439369589271422e-01
-4.243567225204840643e-01
-1.689752211802326709e-01
4.932338269140303932e-01
-3.756571240901473985e-01
-5.187308652282436316e-01
7.839743770332021633e-01
2.237061865604905719e-01
-1.239826564212760385e-01
-4.946141830400205830e-01
9.383346228319506821e-01
8.695101416005097672e-01
-4.298206136538913480e-01
9.043594378266257561e-01
-6.090616651152143124e-01
-2.451990138552411214e-01
-8.109699752419787799e-01
-9.048433333208965035e-01
8.012184036315992408e-01
7.975746733131356958e-01
6.815383649253776710e-01
9.600477502971813681e-01
-7.720932550329286936e-01
2.607470941239216078e-01
-6.544813921057914818e-01
-2.006659571953939292e-01
-5.807454161346601307e-01
8.603028173294375858e-01
1.377199337083336861e-01
4.125128058602876013e-01
4.123937831635955398e-01
-1.664928844526027962e-01
-9.477285976261076161e-01
5.683713807559338527e-01
7.303180221808216466e-01
-4.563715419065792478e-01
7.085622545323213561e-01
2.822318792504310281e-01
-8.787101070818614801e-01
4.218008139525293299e-01
-8.371758660891259751e-01
9.472179992449007990e-01
2.885964673798226965e-01
8.132126307134375232e-01
7.322707405371755573e-01
8.460127057926714045e-01
-5.791417077675640179e-01
4.387872091028643950e-02
-9.161891495031098120e-01
-7.876987698470818700e-01
-6.273756846558184996e-01
-7.344705764918100233e-01
-2.260678719147273252e-01
-7.171536105420459606e-01
-8.624036322502972585e-01
-9.396581221303799136e-01
6.000513688594235617e-01
-1.297882720948773105e-02
-5.763197225363705378e-01
-1.415712275920009144e-01
6.903456499881726049e-01
1.457434004843083386e-01
-5.656931538969247608e-01
4.080706230819879377e-01
-7.531486282903774310e-01
2.218500345065916868e-01
8.530404867507421773e-01
8.426720001711136554e-01
-6.160510379285102367e-01
9.400481425817119874e-01
-1.910616270120872873e-01
-1.109972418448068598e-01
4.751162718084764869e-01
1.829948358650832496e-01
-6.576927012372950632e-01
7.004583297672051234e-01
-2.655716592678298849e-01
-3.828175686534152078e-01
-3.560652322555315497e-01
-4.449117116090335333e-01
2.239590069069814504e-01
-1.023207505029599673e-02
-2.892455792860550989e-01
3.991012150438562056e-01
-7.610810115937152176e-01
5.285155100132954420e-01
-6.375834394727901699e-01
3.059121970389893086e-01
-2.337704189545672939e-01
1.303849032459096779e-01
-4.912703414710060112e-01
8.805866390155556722e-01
-3.268826116373040325e-01
3.961483479004750397e-01
-2.582317049735625147e-01
3.543737715128680854e-01
1.788307539089610820e-01
3.370608356572171171e-01
5.311460554983586935e-01
7.613556990231262755e-01
8.575190670276369165e-01
-1.274525161696173914e-01
9.165720642284957975e-01
1.904715482681140770e-01
2.006849998955684278e-02
8.987129670087559141e-01
-3.043871608091588410e-01
-5.548001256058499031e-01
6.601325590918234454e-01
6.240676997640430823e-01
-8.920365084278911727e-01
1.289421883599926044e-01
-9.783667241533238190e-01
-6.808031558693834473e-01
7.072819436692909800e-01
5.306348182768825250e-01
6.097648056792743798e-01
5.545646311712548737e-02
-1.132094384426327593e-01
-5.347650943538009294e-01
-4.229610200725011371e-01
-4.363583421448822275e-01
5.266258008274131708e-01
8.752444910167453962e-01
6.914036004758603582e-01
-8.976653159737526533e-01
9.402788690448642406e-01
-9.578038960586940931e-01
1.923554199395614006e-01
5.085041560146299489e-01
-5.725987772412171051e-01
9.844939540581842952e-01
5.913859963509831008e-01
-7.875911007849980550e-01
-9.804889535673440015e-01
6.326776781522491788e-01
8.222846348997201460e-01
-9.488750818082329896e-01
-8.361485023217296586e-02
1.184722331000269691e-01
-4.154016437401464312e-01
-8.169455480221943233e-01
-6.827187925329523122e-01
5.318099856757059207e-01
-9.912487158369938101e-01
4.914948649742465481e-01
1.261049561346760939e-02
3.060657483625435216e-01
-2.087934649696063794e-01
5.074523159975568021e-01
-7.840966265291655635e-01
3.015672435753136149e-01
9.801598351078044669e-01
-5.353604684469828179e-01
-6.063140478891770879e-01
3.496010775167051055e-01
4.771343275068575807e-01
3.543661271798959067e-01
3.324638937277002437e-01
-9.621150098612487600e-01
8.705311016593850759e-01
3.773996189158344006e-01
1.340884972319853485e-01
-9.626497786064387441e-01
4.938757620382443481e-01
-4.984700540607369668e-01
7.722522161722815692e-01
-9.075624934082926476e-01
-9.165414694234250703e-01
-3.503186559668658440e-02
-7.707234961855191635e-02
-7.384186784882305066e-01
-7.482170377239620862e-01
1.790752317190973386e-01
7.012377000484639744e-01
6.484326382650387188e-01
-8.445856343986506420e-01
-3.681694143831379940e-01
-3.745600026407784888e-01
1.499747582149715264e-01
-5.617035064222208884e-01
1.169221833083278206e-02
5.803614503854721551e-01
7.006838499511824914e-02
-1.699398572798056506e-01
-6.447240129247604479e-01
5.949535223364494918e-01
1.200174185065847610e-01
