
0 65.670279 7.391285 14.268955
1 84.160703 13.48174 14.578999
2 85.17625 21.233509 17.456448
3 85.17625 28.415136 18.842708
4 85.17625 32.958181 20.786813
5 86.333109 35.334258 25.031685
6 86.333109 43.895482 27.772747
7 86.333109 55.266054 27.373217
8 86.333109 54.519868 33.926227
9 86.333109 68.326032 27.911995
10 87.553064 72.001167 28.008472
11 87.553064 68.123967 28.934577
12 87.553064 71.493836 26.883403
13 87.553064 74.69866 25.64161
14 87.553064 74.390285 25.593202
15 87.553064 74.308461 25.39496
16 87.574936 74.8369 24.749188
17 87.574936 75.457616 23.78127
18 87.574936 71.154765 26.930014
19 87.574936 72.917856 26.913328
20 87.574936 76.00857 21.605262
21 87.973064 75.702675 24.494365
22 87.973064 71.261513 26.080049
23 87.973064 74.798702 24.93311
24 87.973064 69.146048 29.517938