8.745587596952498766e-01
-1.716735484416741508e-01
-3.830768195388026265e-01
3.412102634859254247e-01
-4.811167623471914179e-01
-6.379333583546594744e-01
-1.129695041178142123e+00
-9.633414942119016278e-01
-5.777492215303110523e-01
3.312779328859644101e-02
-8.725326807156501552e-01
-9.180652508570437131e-01
5.768478650285120413e-01
-2.435819755466494263e-01
2.600877982605772076e-01
-4.928103368088495584e-01
-6.094208498279855002e-01
-5.281962160760738101e-01
9.397370213455700227e-01
3.656633411959412383e-01
1.320413849364002523e+00
-7.867200096816233668e-01
-1.346844474362324462e+00
-1.028590123105109222e-01
1.301631860560007903e+00
-2.540361615805329376e-01
-5.018607945681221594e-01
3.507758872209744416e-02
-6.834921539253212552e-01
2.613382154723914441e-01
4.085361764482998148e-01
2.223433654241781188e+00
8.921211946887954714e-01
-1.748815571789194223e+00
-1.681846032118812784e-01
-8.545133097106418774e-01
3.092852326310006061e-01
1.856166807859097045e-01
-1.010804420626918443e+00
1.015766204740507828e+00
8.667930790097098104e-01
-4.137049591142767380e-01
-1.417392152909356662e-01
-3.950670270997237443e-01
4.187139760657751508e-01
-9.198270415712823667e-01
-2.928370643175204346e-01
-1.536350789763051727e+00
7.696684418066624955e-01
6.256976623936589821e-01
-2.462979949276899450e-01
8.866415614928899736e-01
8.202192388545277435e-01
-3.695081235094964667e-01
1.655040928017748492e+00
-1.358989600060397152e+00
-2.152033395203491531e-02
5.151125273938897964e-01
5.239522970832171112e-01
-7.480125099750372097e-01
-5.284110733390035008e-01
-4.698732042763114070e-01
9.975536674603636966e-02
-9.317573872377722666e-02
-7.501928798075050420e-01
-1.017062031104161823e+00
-1.358877393733984584e-01
8.523864159538077079e-01
5.079416897128022912e-01
-3.792773270585796108e-03
7.176082766081177677e-01
4.243809590021721534e-01
-8.815869945275518482e-01
-5.334491287665922288e-01
1.432935353793663436e-01
9.131075233644361244e-01
-1.753590593460636199e-02
3.182562795626543428e-01
-4.568335215057269805e-01
-9.694652188259677006e-01
7.074981484830600298e-01
4.414374845335609088e-01
8.176947850971709730e-01
-4.935920961497035353e-02
5.941102354278894326e-01
-5.440010397054052538e-01
2.547430253376469222e-01
1.879273094260811017e-02
1.793526514173086894e-01
-4.728899377324619069e-01
1.262468067631939306e+00
-1.146297899031030409e+00
5.832722069294148382e-01
3.794999087963334405e-01
1.831361861963209936e-01
-1.873353423985828214e-01
3.392907308413259937e-01
-1.588986382569064770e-01
-1.292828309962720690e+00
9.624200563128029184e-01
-1.253482686146743519e-01
-5.572159794593511961e-01
2.379401806558814961e-02
-3.741943152402907868e-01
5.707473540205759699e-01
3.030289319995256858e-01
1.731988453190163590e-01
-2.263889643337000934e-01
-1.090920691237363460e+00
-4.505984135675850794e-02
-1.233898288426491963e+00
-2.942019874903055165e-01
1.283348371120857367e-01
3.950275943269203616e-01
2.935966161375624384e-01
1.190057428738766188e+00
-4.598618722413619353e-01
-1.355032258779081511e+00
-3.809388412784847078e-01
-7.838669708347401066e-04
-9.896341353485137438e-01
6.154397789190776402e-01
1.186422334784276167e+00
-6.360301356800694972e-01
-6.300426482992318444e-01
-1.753939026640573662e+00
-3.164119989175879777e-01
-2.177037922895483021e-02
8.580335951466994127e-02
1.628651016922930406e-01
-1.571522192158204989e+00
2.226358925396129673e-02
-4.299625600162834127e-01
-2.701199859157966676e-01
-1.962531895850555819e-01
-7.784554005426899126e-01
-6.160389371138303982e-01
5.749225638011290496e-01
5.653437306941860863e-01
-7.743573132002245174e+00
-1.109924138994387577e-01
1.498674163747431842e-01
7.771198388751584529e-01
8.097691856015460932e-01
3.942178189199851968e-01
-5.560814576941252030e-01
-1.388673504225820532e-01
-1.828022966318924691e+00
-3.368279864887679387e-01
5.569893266519896358e-01
8.908473735419666362e-01
3.483103415204899522e-01
-1.208066359931113443e+00
1.455906452791639605e-01
4.112388106134960974e-01
-8.198463072411046326e-01
-4.879751958054224792e-01
7.597240688313244839e-01
3.062818081363757328e-01
-4.873992556755237793e-01
7.840719955884516423e-01
1.654806310293635674e+00
2.263609559059577558e-01
-1.844943526453894922e-01
7.155372043572838514e-01
1.071614574430776567e+00
-6.386495647417160804e-01
-1.122626599637351674e+00
2.568952531695129493e-01
3.878297617721111479e-01
1.047830956026432503e+00
1.585220202494972863e+00
3.645159782185326547e-01
-2.823012554833481125e-01
4.457872685686610215e-01
1.396568388987452225e-01
-2.141698278610045247e-01
3.974476925855669474e-01
-1.090737354897003630e+00
-3.879740896741805223e+00
-1.031750436854788733e+00
-3.700911572251487924e-01
-7.581906414869310495e-01
-1.435353153123410386e-01
5.149717787050036577e-01
-2.507110665617444667e-01
-8.885358363267742421e-02
-7.934250510526675848e-01
-8.164309034236540974e-01
-1.363770943733983998e-01
-1.689298758747781459e+00
-6.427535966952651059e-01
3.518008660605579929e-01
8.126116784173614827e-01
2.641949567256209885e-01
-1.160299368617735416e+00
-9.609205625358141489e-01
1.672009713814301746e+00
-1.412158236515577148e-01
-1.183750619635352885e+00
-1.408287130403081122e-01
-4.474679758046675171e-01
1.911646614100501879e-02
-6.046334907666321978e-01
-1.314512751176059591e-01
4.992564577297510520e-02
-1.819498080281555241e+00
-8.755365043193248376e-01
-6.196349427269621790e-01
-6.933250980961193077e-01
-7.100557426177617204e-01
-3.206290565590335651e-01
1.776819565446606242e-01
3.930137074695362331e-01
-3.107602061248484690e-02
-1.089952954485964742e+00
-7.710529235479313126e-01
3.097902806152119104e-01
1.164003252051298398e+00
1.270006610766813759e+00
-6.219026740589009838e-01
6.374103449398516030e-01
2.676941986375483418e-01
1.996250187150187261e-01
5.683877605346495665e-01
3.843653698217543990e-01
-2.728465261288620658e-01
1.786925987219224021e+00
8.908142353926532531e-01
9.083349900021562284e-01
-1.375504712799653917e-01
-1.260766619514753106e+00
-6.477172909442653337e-01
-6.599807490619906680e-01
6.916545507978111296e-01
-6.789389293891209265e-01
9.396131691952062104e-01
1.190245555517619180e-01
9.488567950977284671e-01
-2.360472063477667137e-02
-1.618557109208909051e-01
1.065492989296562332e+00
-1.586653021395379337e+00
-6.401967582696550529e-01
1.446221323060089770e+00
4.856548416322173933e-01
-7.332646810042414698e-02
-2.444099799567972298e+00
-2.818223043505906911e-01
9.785987912366325703e-02
-1.046814781510001957e+00
-8.136833526537824435e-01
-8.009726876020313302e-01
2.213945456904642839e+00
-1.052840588349268636e+00
3.838665783253186747e-01
-4.215913263239415842e-01
3.916179967315347454e-01
-2.601676377181244559e-01
-8.490952336148687163e-01
-1.221936195789726648e-01
3.000698312115522848e-01
-1.258788989529177726e+00
-5.517640822130582823e-01
4.288262325533058472e-02
