-9.198421796713194265e-01
5.724416679242286810e-01
6.115645082596994353e-01
2.546877508834064496e-01
-3.082910227673879566e-01
3.009905114932182602e-01
-5.562969802455988017e-02
-6.254552448248703600e-01
-4.113453354263126305e-01
-1.413566643230206532e+00
-4.735167161281355619e-01
-8.809962807143458807e-01
3.256827256603752052e-01
-2.931626171085445209e-01
-3.011114397822169941e-01
-5.611450453797737215e-01
-2.903226138795563238e-01
-2.283299932706312207e-01
8.306639408287967985e-01
2.937108987548284200e-02
1.586488510340927638e+00
-4.181818902895799162e-01
2.282268576854905306e-01
-8.086986177391966568e-02
3.193783805776148066e-01
9.261678992635691277e-03
-6.364910596444687263e-01
2.675393273437323138e-01
-4.225662060519224106e-01
-2.327233174446457775e-01
-1.144054117676713389e+00
1.534447724704180116e+00
8.815873489531858009e-01
5.685097488842067587e-02
1.318682608607996132e-02
-9.877960438048947189e-01
-8.351493793962624923e-02
2.308218979927869619e+00
-5.326800072051292023e-01
8.057407040233155460e-01
4.812822223474950700e-01
5.740181904782630795e-01
4.560704703463611120e-01
-5.312932439569414411e-01
4.556149143660780387e-01
-6.659491852219520114e-01
-2.918792547248657554e-01
-5.280217005640150951e-01
-7.400305390238199887e-01
3.064200057636260466e-01
5.484117583031217213e-02
1.033027828147495830e+00
1.632615614720384523e+00
-2.573723584383269536e-01
5.411861234289716549e-01
-1.593307907300491655e+00
2.158693124226263915e+00
4.053287115240831184e-01
4.523569202731042571e-01
-2.185094907395427610e-01
-2.227246547806702726e-01
-2.972915029989101621e-01
3.469232403835403322e-01
4.199020766378483427e-02
-2.149403907314705042e-01
-7.513060266170303869e-01
-1.191953746223148869e-01
1.008458049056677686e+00
8.846522597482489036e-01
1.423213577562643106e-03
5.093468898735042938e-01
4.391228326758777611e-01
-9.505189596191369050e-01
-7.414256187556522715e-01
3.078233613224815035e-01
8.996181043720317128e-01
-1.328739529876362541e-02
4.609778708344346998e-01
-1.600238126919438564e+00
9.655664518194543300e-01
6.432304006812845226e-03
3.109676282519390211e-01
-1.016460001521901912e-01
3.613997932174490280e-01
1.337458392632622228e+00
1.650369045558697581e-02
5.542595787948799702e-01
1.437896511634641605e+00
-1.871150562432344899e-01
-6.101855871598327319e-01
1.110490643880778006e+00
-4.093453041291659766e-01
4.070263438520821397e-01
1.911726435379790534e-01
-9.430072392554577076e-01
-9.005482347949427258e-01
4.934669851076028402e-01
1.380212609747351271e+00
-1.212240866251564242e+00
7.732616165994532498e-02
7.865625700187793834e-01
-8.020266053705020770e-01
-9.046365852872390034e-02
-5.097359194514359398e-02
7.938330908408315345e-01
1.804702915120183770e-01
2.211988618008271512e-01
-1.840897220767418740e-01
-7.704651443230963181e-01
1.602370621649195082e-01
-7.620671176438328365e-01
-3.919937485905997110e-01
2.358026430971660592e-01
6.428783036380995020e-01
1.049843008572722614e+00
1.286553027564237617e+00
-6.809633193385488115e-01
2.807204579677399225e-01
-7.947950163946426727e-02
5.542845965392546870e-02
-1.270072426345671079e+00
3.870936037223199344e-01
-2.420524225324869327e-01
-6.124449133478722107e-01
-1.275680362756837383e+00
2.073592839061213500e-01
2.551496538331212149e-01
3.912123540780151898e-01
1.904803077538048672e-01
3.184154608650354712e-01
-3.743827572682684734e-01
6.073248409182844254e-01
1.333768778883433592e+00
-2.878994726872101118e-01
-3.978008090847398592e-02
-7.167233344091661351e-02
-5.508493062049376610e-01
1.638899164038084999e+00
4.904919924899749928e-01
-2.061505778629260544e+00
-4.598527923427927488e-01
7.598666984545947301e-02
-3.149921717849218927e-01
6.695873079710090714e-01
1.576725990434185709e-01
-5.656888434014746281e-01
1.308689657630942027e-01
-1.228275602840889658e+00
-2.956178681483815351e-01
9.005630462344688114e-02
6.708813744261244993e-01
4.825767997533124687e-01
7.619607847939143808e-01
-7.336987972258219859e-01
-3.880528215388845403e-02
-7.743552834965737874e-01
9.619690769373652195e-01
4.928064880845730578e-01
8.280922737862281835e-01
-4.241047364927634789e-01
-4.928945456972901040e-04
-3.067364497893392272e-01
1.278915024373208920e-01
2.948605985480875491e-01
1.211380894786340257e-02
1.283344080958676248e+00
3.738370772696930633e-01
-4.281141372536486633e-01
-1.070594834761311231e+00
5.266497561867949928e-01
-8.661955471729974043e-01
6.753751037536590562e-01
5.827129621710931406e-01
-4.136222264522353420e-01
4.350195959191086592e-01
3.122156035442080202e-01
6.500781456007755921e-01
6.314043425973229207e-01
1.465421817352026701e-01
-5.869186649134165989e-01
4.025117536715171473e-01
-1.915183413990113603e-01
-1.026692472026581981e+00
-3.257435728402828246e-01
5.335314858738821053e-01
-2.151926857767167967e-01
-1.580082107991631624e-02
-7.861651748811355755e-01
3.080693994494464460e-01
-5.016108818603236541e-01
-7.547805007465266947e-01
-9.311465491910172476e-01
-6.214617239970084972e-01
4.354184056165568695e-01
2.018412162656678666e-01
-1.489507910589906059e+00
-6.343023607831673599e-03
-8.203750037173160869e-01
4.229955926063658778e-01
-9.094840297574218191e-01
-5.173781492504438972e-01
-5.887960992873068067e-01
-2.192824237386526709e-01
-6.095466337510324628e-01
1.179661798950530027e+00
-3.271322543597955934e-01
-5.902484711184552424e-01
-4.083315170146195605e-01
-1.240965924296808964e+00
-4.988097462398731752e-01
-7.979607135213939717e-01
-2.050483902548223547e-01
1.829303723279793181e-01
5.207187498842702489e-02
-9.516932279446818632e-03
-8.687411878728519277e-01
-6.429569467342404199e-01
-9.802250125641658318e-01
-9.182447382547518355e-01
1.001857962556738313e+00
-9.563722284071149993e-01
8.721462365834444785e-01
1.978010190128761114e-01
2.258156298283752195e-01
1.910481192918133786e+00
7.371453690320329821e-01
5.443123341642111535e-02
3.443903178255889319e-01
-2.698074091092443894e-01
1.071939295446251217e+00
6.483468462596362336e-01
-9.040129583799427770e-02
-6.164449892937147180e-01
-2.965762215824210291e-01
7.808904437947635779e-01
2.591434094713040981e-02
2.972448278714626135e-01
-3.629848807263423571e-02
1.003766593235703386e+00
1.118338335384983839e+00
1.592706995934134173e-01
6.453818406811945296e-01
-8.068889897227415897e-02
-7.139218434304234195e-01
-4.346974981694864404e-01
5.269969752189543888e-01
-2.596188717056816531e-01
1.048981654882557235e+00
-2.228105314117292957e-02
-6.142680645947754536e-01
-1.157911256757201968e-01
-6.140966444015927284e-01
-8.001732946535432545e-01
7.408254256091756362e-02
-5.288329183986932858e-01
-1.114428194540640016e+00
-5.327175751189472397e-01
9.065781486778813625e-03
-6.853082821557503479e-01
-9.682247311601387407e-01
-1.533021659293054839e-01
2.151050059633473621e-01
-1.020883171379010523e+00
-1.856850808346624804e-01
-6.082247753179505223e-02
