
0 61.892706 31.854628 16.801245
1 71.026192 40.934102 15.476696
2 71.026192 41.220109 14.676493
3 71.026192 36.75114 17.138657
4 71.026192 37.977874 16.873734
5 71.026192 39.431079 16.036757
6 71.026192 44.047148 14.860363
7 71.026192 39.23741 18.177995
8 73.371718 33.754784 21.179976
9 72.031897 38.824206 20.807957
10 72.031897 42.579478 17.515651
11 71.026192 42.087295 17.285028
12 76.545759 42.220827 22.766368
13 76.545759 48.787872 15.67321
14 76.545759 46.622627 18.050803
15 76.545759 49.465956 15.218674
16 70.820586 46.100399 22.546849
17 70.733104 47.659281 16.332815
18 76.333904 51.718444 12.615607
19 76.333904 49.797138 18.863621