-4.336724309005668410e-02
-2.495224761290868454e-01
-4.776088653763652658e-01
1.636235063521152000e-01
-3.994791541524316258e-01
-3.944590529254075051e-01
7.039915507665788219e-01
5.880858760786151773e-01
8.365219480420857945e-01
4.759959417994055197e-01
-8.284190960929977976e-01
-9.559956543380285776e-01
-9.167174794574712848e-01
-3.953684450824952457e-01
-5.838507282892970718e-01
-2.576993843987440691e-02
4.117990085522871269e-02
-8.474644151316623741e-01
-9.622497649148820109e-02
-4.103616609574154417e-01
4.730627518668075737e-01
-1.972910148441944234e-01
-4.058836785677355508e-02
-5.265487042645082827e-01
-7.263549819706558441e-01
-5.686247504186654478e-01
1.257477646493498913e-01
-3.092924872416196180e-01
-2.643720637906585846e-01
-6.467462948566353731e-01
6.659465985344850125e-01
-8.895308358458702269e-01
-4.114373163418525436e-01
2.538977160743667305e-01
-7.263395227923423736e-01
-7.865312373026767112e-01
-1.305152508353195628e-01
-8.394987093295340763e-01
6.004354979976316287e-01
8.195459129233095830e-01
-3.054261068697141646e-01
9.206545962240388903e-01
-6.563243907537059663e-01
-7.119347337629502448e-01
8.391419980202774465e-01
-6.442525956979343604e-01
8.104754894642709484e-01
-7.528656028439151271e-01
9.251297361895967075e-01
4.526495153193401677e-01
-3.095048543369560701e-01
-7.659989867426653110e-01
-2.557729338199785651e-01
7.733929235140581948e-01
1.989769802369636409e-01
7.339065909701114609e-01
-7.543150802242069020e-01
9.063711129072935524e-01
-5.196374321998615819e-01
-1.749057248695955469e-01
-4.026326485748756845e-01
7.051462271098769552e-01
-3.513445107521051547e-02
-1.418736805095950348e-01
-6.394821875429994584e-01
-4.288109916112423647e-01
-5.991850361477317755e-01
6.684547846323125597e-01
7.651228586173821622e-01
8.352926808080640697e-01
-7.214772422930317841e-01
1.869136522938497080e-02
-3.640847070832333721e-01
5.172935409615739832e-01
-4.675967601556321185e-01
5.823933301284074382e-01
-4.886919727192129415e-03
-9.331846939811041519e-01
-5.261390777138472696e-01
3.924435450944161463e-01
7.431201164811673809e-01
-5.696623560197844327e-01
3.196337876002732781e-01
3.825249953721452378e-01
8.264520671249495631e-01
-5.837532172060475588e-01
7.901337040771510001e-01
-1.433324805770559429e-01
-8.044167867028859664e-01
4.410509732986982456e-01
4.057322811074590696e-01
-3.147649212913248284e-01
-4.452438026932308279e-01
-3.813336551493202720e-01
-2.762939716296590742e-01
-9.207667074465393231e-01
-7.096496370202611814e-01
4.304800204496550542e-02
5.705523203237146124e-01
-3.744958960765554234e-01
-1.905420439524632137e-01
-2.544598367391450733e-01
-5.747371873977322743e-01
7.153890847566408695e-01
3.928358576856803008e-01
6.268446344722751196e-01
2.600991848075313584e-01
9.682662892377178476e-01
-2.989071877686584333e-01
-4.023446114953359576e-01
6.914040941546324426e-01
7.211208608300978540e-02
-3.644164583498579191e-01
3.271669614597780829e-01
-9.423120026513935876e-01
6.138001590677895081e-01
3.767355958073350664e-01
7.342384891712276929e-01
-6.602492389174576815e-01
-4.117306021866997678e-01
-6.285488493885367234e-01
9.780894143141447561e-01
-1.556478717646223586e-01
-1.709755564570001329e-01
8.992699091244709120e-01
-1.101397100884660141e-02
-3.650536737403280441e-01
1.020719869984263450e-01
1.022076054537452983e-01
4.738027106349507189e-01
-4.360094332699588904e-01
-7.664397793044237517e-01
-5.702513449350843366e-02
8.694754324685984859e-01
3.989011666173847281e-01
8.854333637065670004e-01
1.939476399378412541e-01
9.912111161579433283e-01
-5.604080263225172942e-01
-4.199528563482051169e-01
-6.901430849836012182e-01
9.292171221313656471e-01
-5.026583961019601698e-01
-8.835108129727036186e-01
-7.340903746125588825e-01
-2.998562644059581395e-01
-6.868897229699977292e-01
-2.682371320517789037e-01
-5.685065953522094873e-01
2.656507023291445613e-01
5.580380032806362411e-01
-1.764394960367376974e-02
-5.235346471151582914e-01
-9.759515954899640189e-01
7.920799928391160094e-01
7.216415565897953410e-01
8.134058427948622771e-01
-1.818983711756307908e-01
-3.505374509326499854e-01
-2.183369152985117356e-01
1.811358766100676920e-01
9.873994114822082224e-02
-2.740426386198813180e-01
7.852352910576974043e-01
9.949360496839998458e-01
1.521046664052461139e-02
8.601479564555412072e-01
7.557233458326131359e-01
-1.200381176405498351e-01
5.056321941759029936e-01
8.901745180347917508e-01
4.914658981347879152e-01
6.393687756524728538e-01
5.628475737301421589e-01
3.007767005349548661e-01
2.826302436085517122e-01
6.088779771554451159e-01
-5.827114751845323681e-01
-1.014476105503425707e-02
-3.205807054683147417e-01
7.178404717786159850e-01
2.924533790804486610e-01
3.964857467320772599e-01
-5.472403014463564919e-01
-3.375137212593193325e-01
-1.965979781483264688e-01
2.693205165795393707e-01
8.098949159479040816e-02
4.670785279833455927e-01
8.789081215252729784e-01
-6.292622261703373354e-02
7.862620006792004901e-01
-5.801577294653459393e-01
-4.401098822679569977e-01
4.658089819128197195e-01
5.440543785229279283e-01
-8.240455332569240898e-01
3.983355606308329744e-01
-9.012900456511090397e-01
4.590605843078077175e-01
-4.037582319836383604e-01
-2.440300680409541734e-01
-1.000881499652266360e-01
-3.993053403213253638e-02
9.909277810056038582e-01
-5.040088599162548810e-01
8.387645199703848142e-01
-3.743822126195861522e-02
-9.529718221526930488e-01
-8.872713728460701610e-01
-9.888615214121934116e-01
-3.659747952591096976e-02
9.903334662807083966e-01
-2.135220998465174880e-01
-2.402753661727583534e-01
-2.499283685477007300e-01
-9.732631501000965635e-01
6.650513505991464402e-01
-5.547703490067896759e-01
-3.370360426601533010e-01
-6.958191510201352514e-01
-7.803627360304352667e-01
-3.259996801363707064e-01
7.582244991870492612e-01
-9.260406317550053945e-01
7.061848676779070022e-01
-5.454645881233366467e-01
4.646911296861546692e-01
-6.122923495726373400e-01
-4.149290221145636171e-01
-9.029017959228347046e-02
6.634481800838982757e-01
-6.083556578319346819e-01
1.815906089520225031e-02
5.323244019286901274e-01
1.503944281171518682e-01
-9.091519688029292556e-01
8.729265363975520220e-01
5.205278793705800933e-01
8.359721019994892366e-01
-4.360242984363718044e-01
1.885753493130812863e-01
-9.028452202431269669e-02
6.616816143584554055e-01
2.566906143110185834e-01
-9.716672494358022938e-01
-8.259894085812846676e-02
4.332722273202858077e-01
-1.233392640666077789e-01
-8.831812594398145144e-01
-8.280725867212732627e-01
-9.236029253527548999e-01
-5.117273465356702022e-01
-3.879514000860573297e-02
8.512840227317790553e-01
-8.769804495743280803e-01
6.285222386575779474e-01
-1.985292948929007206e-01
-1.255107439691858229e-01
2.802312297349931480e-01
9.492011817704180121e-01
-5.712467574537920534e-01
3.787321567049697357e-01
-4.932133587435649780e-01
1.155184896075616141e-01
