
0 93.261683 29.731603 37.982889
1 93.261683 54.042468 39.305608
2 94.410144 68.068768 35.57687
3 94.410144 71.289805 36.024488
4 94.410144 75.41286 33.70646
5 94.410144 78.683628 30.181654
6 94.410144 79.446005 31.390595
7 94.483266 83.454708 27.806685
8 94.483266 84.35971 25.510612
9 94.483266 80.232616 31.121175
10 94.603266 83.303801 28.019835
11 94.603266 85.489377 24.055455
12 94.603266 82.454394 29.230539
13 94.603266 81.352343 30.667471
14 94.603266 75.842076 34.414572
15 94.603266 82.885786 27.255858
16 94.603266 86.148615 23.217483
17 94.603266 87.791976 22.39713
18 94.603266 82.002995 29.71933
19 94.603266 88.801207 20.565982
20 94.603266 87.980403 21.99199
21 94.603266 85.772029 23.084846
22 94.603266 85.170986 24.489526
23 94.603266 85.66226 25.713531
24 94.603266 85.805883 23.90575