-1.779793259857694321e-01
4.914297724913733179e-01
-9.723614025031955821e-01
1.098199044684841530e+00
1.580278667806041426e+00
7.519233300388148411e-01
-5.508836618991690415e-01
-6.416279294318847359e-01
3.204957334155427717e-01
3.210069083749331753e-01
9.436324812671199602e-01
1.817631899564826348e-01
3.939300170888814234e-01
-7.120592636694643707e-01
-1.165244764084164553e+00
6.559455531571917186e-01
1.598058490931860032e+00
1.926855814768264619e-01
-1.105491550446451976e+00
2.482798374490985116e-01
-2.774136523322779935e-01
-5.668785074041823857e-02
2.040320963532262777e-01
5.943565119487230763e-01
-1.177207695229135709e+00
-6.537709390832630030e-02
5.528648754436955581e-01
-5.533894531836212050e-01
-4.452358545903595255e-02
-1.035728510081584952e+00
4.149233181333708553e-01
6.650370575669016793e-01
3.855756359887409501e-01
1.575018443139644120e-01
2.676934585361439023e-01
2.709520669145645821e-01
-1.419761467856686665e-01
3.222397625051773851e-01
1.346785220034670605e+00
-7.444697607283667917e-01
-1.581686788225924456e+00
4.475461310439867724e-01
-7.647607070980750876e-01
-4.540228084458663438e-01
9.933714370257007431e-02
-1.090744407250269499e-01
8.200837655574084728e-01
2.548087310743477607e-01
-3.404013142090577260e-01
-5.248914861712991042e-01
9.274800662821562902e-01
-2.849786031903538408e-01
-5.003980693944092284e-01
-2.464021739034190639e-01
4.623342549290682113e-01
-1.193735139410283308e+00
5.810038547161121281e-02
1.090048470429789140e-01
6.571223387678779559e-01
1.007122691878633347e+00
7.511262602367006769e-02
-1.760848643100746680e-01
-4.370335682112552189e-01
-5.105120549053816514e-01
-4.255580953767332253e-02
2.853328815205243285e-01
-9.384327495483137938e-01
5.803318845409184412e-01
-2.969204000736855309e-01
1.702065484685125751e-01
2.522162354568639742e-02
1.277657113012219403e+00
8.415216944796118925e-01
2.000445814841069203e-01
3.982239773719868370e-01
-3.405011132541511110e-01
1.571016684765507432e-01
-1.568819476620435971e+00
-6.630493684378695463e-01
9.929500255561976574e-02
1.087074948709133571e+00
-1.194080449163472002e+00
-4.088698826443218914e-01
-3.206268452961003046e-01
-3.510831592282440683e-01
-7.888760776989032220e-01
4.083532218707737194e-01
6.858368800672143273e-01
2.800826418173778531e-01
6.392153162046894099e-01
-2.569310250479853730e-01
1.828645995361353471e-01
5.604524291424513027e-01
2.258685245934508590e-01
-4.510049535254906372e-01
1.697529666947892313e-01
2.093085649147410909e-01
6.533271243218703450e-01
1.608493753112360258e-01
-2.851976359459708066e-01
-2.123825583712811160e-01
8.957999536385006234e-01
1.958788257605973970e-01
4.511451057778088636e-01
3.624147016089779849e-01
-4.920144471187876123e-01
3.895854731137127214e-01
3.998764946340919169e-01
1.756129114223895504e-01
-1.211260396887933743e-02
5.975048652697547702e-01
3.663704081646786404e-01
-8.165563790047017934e-01
5.703393616442818947e-01
4.259022567314063035e-01
2.011559890661518135e-01
9.280800500923526153e-01
-1.424342874811574122e-01
8.138718978324139819e-01
-5.592488332120325589e-01
-8.802661405758069879e-01
1.145851864702104983e+00
-1.203890241000071110e-02
-1.627266443032016618e-01
-2.120990758952076560e-01
8.241175024327140886e-01
-3.804174559484544416e-01
-5.140679626593187557e-01
7.825235230895366545e-02
-5.358452103362103536e-01
-3.678037728134478934e-01
4.684036536648230609e-01
2.687561085876862821e-01
-8.644598027475071389e-02
8.923198799652611868e-01
6.433518614437442329e-01
1.352439402728843110e+00
7.995796352762060133e-01
1.563263354746264600e-01
-2.181282892594487155e-01
2.932445867469148926e-01
1.932715806170957062e-01
-1.073133614147562032e+00
3.972189246123359885e-01
-8.886016678528410040e-01
-6.050790724944228316e-01
1.126808261571143888e+00
-2.478301739266425274e-02
2.735178802222678618e-01
1.573973973239419510e-01
1.878467539643597362e-01
-1.488404686466175686e-01
-2.180519754497417251e-01
9.200534933610960975e-01
1.189708873551083457e+00
1.576275013141309023e+00
8.883654972141856732e-01
1.872334041589850950e-01
-4.525289923152847615e-01
-3.852970751308686104e-02
1.641992501032889240e-01
-2.412305722033169786e-01
1.396834291669019068e-01
3.801013393145868946e-01
4.928811659445608839e-02
-2.758581617030351207e-01
7.438355846766373514e-01
-1.231092267053461420e+00
-7.621592490708749557e-01
1.378165504047344836e+00
-3.588876191067664201e-01
-6.831635570232267307e-01
-7.223240574654657964e-01
6.061841076835435826e-01
1.108657505356792916e-01
1.267272025807966163e+00
6.007856032276072122e-01
-9.265744161983118232e-01
1.962542031819949129e+00
3.545371786401605441e-01
-7.334463630406795609e-01
3.341851826249970792e-01
-3.742896933351516076e-01
6.412850610213355340e-01
1.268793469057778234e+00
2.096118552903336152e+00
-7.958811464465770369e-02
2.560501948913477266e-01
2.877408516051289111e-01
-3.296712635895674426e-01
1.226039171422311641e-01
-1.177070361059342041e+00
-7.596975606372566858e-01
-6.864379330221304087e-01
4.432188133487137138e-01
-6.075352213324967110e-01
7.928595811340564126e-01
4.657913383091054627e-01
3.453378639377273074e-01
3.944895426707467623e-01
-6.121126229737834379e-01
-7.753060453236375604e-01
1.220938107460008137e-01
-7.380079938963179931e-01
-7.221776923491346478e-01
-2.824089651695567138e-01
-4.468895275081204987e-01
6.691728419867033484e-01
7.870779557297593598e-01
-6.131673320860848708e-01
5.902704111512858676e-01
9.558500846795887629e-01
1.372431713085046912e-01
-3.149586336331568481e-01
2.556960741160228812e-02
6.040613497281892563e-01
-1.861621015600878337e-01
-5.556311988410739255e-01
-9.232285713990540099e-01
8.336019611210379043e-01
6.925833247771667756e-02
-6.553810961100681176e-01
4.497378730106962319e-01
2.087250044558164042e-01
-1.254560441402441662e-01
-5.744062100517703939e-01
-8.885702969652107264e-01
-6.640375536923339705e-01
-9.799863740724776839e-01
-4.565211277681126001e-01
-2.139609766865933072e-01
-5.012206440059484569e-01
6.663412074746219993e-01
-5.523922406633999804e-01
-5.315402438915707573e-02
-2.549223817330978012e-02
9.203956196864715444e-01
2.092188766711521875e-01
8.692064529125719252e-01
-4.926696595516697474e-01
1.518557692128190695e-01
7.202651510614637154e-01
-1.039608518608756249e+00
7.457802995866085194e-01
-1.770841853207517080e-01
-1.419631132869821899e-01
-2.103274432683865380e-01
4.447760486006626657e-01
1.143211557699773673e-01
8.122867240959440183e-02
-6.775590700493316909e-01
1.157547613193750102e+00
-3.226681405812574788e-01
6.184714407913378675e-01
3.774749383516080581e-01
-9.488076522268352742e-01
-7.182432759056291971e-01
1.065193964299216089e+00
5.503820201800486700e-01
8.635907379763225755e-01
-9.203318093641482678e-02
8.061149611880606969e-01
-9.689648702169229022e-01
-9.969479709538107970e-02
5.672065998276741849e-01
