-6.905336749231365534e-01
-2.248910731873445812e-01
-2.353787274684038255e-01
-6.067489448241081273e-01
1.929174518738923094e-01
1.427426832082534514e-01
-5.959201683544861350e-01
9.746294415775291764e-01
-8.143014827884442752e-02
6.316652464087550989e-01
8.350518238618345190e-01
3.472855161064161145e-01
-7.240943195696702972e-02
4.375390227326663162e-01
-5.002636719763267070e-01
-1.113614011021519801e-01
6.736934390495019631e-01
6.711800850732370094e-01
4.479401776533298296e-01
5.253944412162736555e-02
-9.875624167671184228e-01
4.632719720924034501e-01
9.000620050987964138e-01
-9.796193716241179406e-01
-8.046825977364695515e-01
-1.547586525976303307e-01
-5.744447349294312666e-02
5.456656518007532153e-01
1.035958987814666887e-01
-8.329199546274064225e-01
5.939374907977024165e-01
4.605481318684434555e-02
-6.389594743952962119e-01
8.168739421718309579e-01
8.450042240371551383e-01
-6.645302248683047086e-01
-9.902772556835464091e-01
1.659933073505259760e-01
4.318640211342010815e-01
-7.959092578443511812e-01
-3.879183320487369357e-01
-9.109840280971384097e-01
1.494435411999486263e-01
6.943711545196622481e-01
1.963021323974127874e-01
-2.072541958117879446e-02
-1.370180868816608388e-01
7.590142877396992560e-01
-2.418266400621955636e-01
7.445545238987267833e-01
-3.959108267493487432e-01
-2.987567792273781997e-02
5.118612745076858150e-01
-4.998477279686135422e-01
5.241909408486558064e-01
9.845584408276253363e-01
7.812207201930372324e-01
-3.363185888273751978e-01
-2.702885971266555387e-02
3.998465781195246205e-01
3.165676615458634657e-03
-3.363337152051730783e-01
-1.555527584631959392e-01
4.294874969941053777e-02
4.879866750695740496e-01
4.467550513115370325e-01
1.281109108234834704e-01
2.527428100979818293e-01
-3.206508541635777476e-01
8.031621898514815783e-01
5.886793866800150710e-01
1.381361394811264631e-02
8.488458981630673250e-01
1.061838311796621248e-01
-5.917501207750015535e-01
3.856856601597973278e-01
3.085354127369210886e-02
-2.803888083169179257e-01
7.921711507552604559e-01
-4.779080985292825101e-01
-1.568214355648387404e-01
-3.639699158872800044e-01
4.301236398639078917e-01
-2.073109295147568254e-01
-5.656386528216716947e-01
9.634410258054890708e-01
9.298956333758552351e-01
-1.957148979323546367e-01
7.774021457817759106e-02
7.193848060571002012e-01
1.204256839980979432e-01
-5.330162529958706319e-01
9.309147745283021802e-01
3.940301097606835334e-01
6.546659070065776742e-01
-4.210657459052542517e-01
-3.965868126715443864e-01
9.396467961049448370e-01
-4.045552461030004210e-01
-6.558274103781560616e-01
7.903395661738763511e-01
-7.083480210186907655e-01
3.579209312690490030e-02
2.880307709947729222e-01
6.890031149514197484e-01
-4.300814312190359701e-02
7.597483752780551658e-01
3.750455372720866709e-01
-8.377605700388071064e-01
8.939297867419664367e-01
-1.936380587230539518e-01
4.975332316377032438e-01
-3.578453369799479145e-01
-2.334442656459323473e-01
-6.533045419654155417e-01
2.914045102978874979e-01
-5.185365730677822249e-01
-6.442716657086848819e-01
6.470877568606450136e-01
-5.367824398831237964e-01
-8.402771280329068837e-01
4.146287067538936277e-01
-6.855705543241672473e-01
9.159652433934972748e-02
4.453565353782860115e-01
3.997697881732675818e-01
-9.857525868426180171e-01
7.116345323181971771e-02
2.607320589324153559e-01
8.697630744067774700e-02
-1.757322842664477136e-02
-2.918284558284334196e-01
-5.348494588531504945e-02
-5.491711382008626074e-01
-4.182730933852634170e-01
-4.723728214270401793e-01
3.979489480755529218e-01
-1.960397265427666902e-01
-3.207047183463749285e-01
-5.461515282461291143e-01
1.957828517978654759e-03
1.797581023220504726e-01
-4.476871552261940668e-01
-7.568200903011190750e-01
-1.302370904277594388e-01
-5.049703519994053202e-02
-3.999211213196081083e-01
5.598831802402515212e-01
1.365253711516314361e-01
2.768263206980496882e-01
2.448798001814922465e-02
2.783779422083383359e-01
3.469298016694362108e-01
9.683359900494170613e-01
-7.172044316116310547e-02
8.765492312841745015e-01
3.198703104659426089e-01
-6.473191260131114788e-01
-9.256583425355930927e-01
-5.322903145234363365e-01
-6.156697092988547837e-01
-3.993005672470479883e-01
-5.353803544862978381e-01
2.501139224921822279e-01
-4.851229478111238613e-01
3.079103628631434386e-01
8.577085582459671453e-01
7.590239182070557256e-01
-7.268862443425565534e-01
8.511123655526415810e-01
-1.010184333799042378e-01
5.294800684061304885e-01
-8.249854438955877001e-01
4.268514791936020014e-01
-7.178943092861007624e-01
-6.328135874756055657e-01
3.147300104126571352e-01
-5.967473532350298093e-01
7.329879493692108561e-01
-6.828151242738953464e-01
-1.144510897092900770e-01
-6.497865336758041899e-01
1.851812114257138653e-01
-8.823510554344469181e-01
4.475985037236658304e-01
4.375064863559881001e-01
-4.101023604081255325e-01
-3.816854765777908387e-01
5.625193575725948580e-01
-3.024941723571734631e-01
5.903704212053275668e-01
-8.090431573396423826e-01
-2.037846696528546886e-01
-6.024028013402589199e-01
8.394500780332954104e-01
-3.114965084204368573e-01
2.543253069883151252e-01
-1.627428520674587542e-01
-2.233372035913390174e-01
-6.890436759439633185e-01
-1.896690742439888222e-01
4.728370436187379067e-01
-6.572050716286876870e-01
-8.124012868153962508e-02
-2.758578744414341699e-01
1.500425859161236275e-02
2.741691871237497136e-01
3.272231332839032891e-01
3.984142988150667364e-01
-3.106700775355351052e-01
-7.738324669668188438e-01
-7.976936456395402608e-01
1.698060767526738957e-01
7.537520801892758637e-01
2.867606535769473552e-02
-7.760510149732764429e-01
-3.801303716028037183e-01
5.583130326748095840e-01
-2.073434824591247061e-01
-6.547293644088905129e-01
4.082067670579527796e-01
-5.567616777637756087e-01
1.200327418885358544e-01
3.120150442813973690e-01
7.788615756753236585e-01
-5.422442996861427389e-01
-6.656389263997513073e-01
2.698115500829350033e-01
4.380450504627240171e-01
-9.830605593307373269e-01
-4.719680751087891313e-01
-3.284094005402393712e-01
-4.423669657353617168e-01
7.245794225152257795e-01
8.543657299174161057e-01
-6.154412144896737047e-02
-4.126747432569382035e-01
5.791568599118379623e-01
9.122649185411271233e-01
-5.335507546914981525e-01
-2.662639742411168076e-01
6.778411834775299738e-01
1.895298644382494846e-01
-2.408332127487602392e-01
8.610142971173355697e-01
-2.464594232011287911e-01
1.775298035108605621e-01
8.619934353804918903e-01
3.109330923725337481e-01
1.318892028163691776e-01
4.357131455193545833e-01
-1.857880916362344426e-01
6.104982002996113266e-01
4.269655025290401973e-01
-6.392541795685044992e-01
-7.627047874979044906e-01
5.642621458573209292e-01
5.970304982956244899e-01
-6.693321791967872247e-01
-2.538380252916438984e-01
-1.034557994346416709e-01
-7.720808356635169289e-01
-1.811533229938482314e-01
3.380788272474235523e-01
1.277661361030708598e-01
