
0 91.307911 21.872266 34.133801
1 93.092828 50.76485 39.104715
2 93.392828 66.313753 35.289522
3 93.936796 80.878869 25.602753
4 93.936796 77.636001 30.481377
5 93.936796 85.523047 21.623395
6 94.282788 86.728169 21.358036
7 94.282788 89.261672 16.291953
8 94.282788 88.319301 17.534371
9 94.282788 88.560843 18.297619
10 94.282788 89.581112 14.419631
11 94.282788 92.523678 3.675197
12 94.282788 91.664305 10.620389
13 94.282788 92.088248 9.217231
14 94.282788 92.23243 9.655274
15 94.282788 92.63997 5.607146
16 94.282788 92.937314 1.807818
17 94.282788 92.43117 2.544567
18 94.282788 92.948677 1.525413
19 94.282788 92.212155 10.078549
20 94.282788 92.435644 4.782719
21 94.363266 92.930764 2.275904
22 94.363266 93.032781 1.743742
23 94.363266 91.567936 9.972812
24 94.363266 91.624506 9.16232