-4.141831636512055548e-02
2.290014768165265779e-01
-1.744820470890986241e+00
3.967455643615899197e-01
4.119799154857951562e-01
1.671640061697149959e-01
1.134924947784496929e+00
3.209198529992627336e-01
6.104988263695647621e-01
-5.799481595663924516e-01
-6.264280789108066516e-01
1.602728227256060844e-01
1.940302500791816764e-01
2.987464935619089101e-01
-1.009292292535278079e+00
1.669200337747095420e-01
-2.654373453174307951e-01
7.051024831174565466e-02
-8.900641146350625199e-01
7.165986790713351207e-01
1.227893908272320866e-01
-1.071549502855015934e+00
-3.685634909585846497e-01
1.304333998379727744e+00
-4.681141889059080019e-01
3.008759871397156949e-01
-6.182844950272043949e-01
8.340684349659772678e-01
3.187216908097309509e-01
-1.235998975428880264e+00
-6.667583479279821645e-01
9.573794769993452247e-01
5.294312198290227478e-01
-2.580965053259057784e-01
8.970358577244501586e-01
8.670526417040463896e-02
-3.948306225018250459e-01
4.400397541292148662e-01
-6.976640539107950012e-01
-1.309178513944929678e-01
-9.857413018205735122e-01
2.631890557615371162e-01
9.449725254492234994e-01
-4.541544812729452207e-01
3.317763143335670240e-01
1.115612259538725670e+00
2.989558587160301983e-01
-3.900999017163165328e-01
1.262080255023181330e-01
3.340329441469255256e-01
2.795062960236948113e-01
-4.469317436951283362e-01
2.685645439571040516e-01
1.485785708177397968e+00
-8.666907611876910611e-01
6.693192004733780065e-01
-7.698040123068403684e-01
-1.349704880259823714e+00
-8.181292466667418051e-01
-1.794746531217920882e-01
8.817737630073778643e-01
5.369659619027591924e-02
-5.681365613247045809e-01
-9.794334287706899511e-01
-7.272977461880608674e-02
-3.899233860204650015e-01
2.778530455623703377e-01
3.968735370059669476e-01
-8.806339316242705051e-01
5.837203793717071765e-01
7.423584772554372990e-02
2.574581930610789771e-01
-5.742792139996517609e-01
-1.058355146241005240e+00
3.108126343401397262e-01
-3.785301912011472258e-01
-1.232277744015443988e+00
-4.079382867147578473e-01
5.703469363099914480e-01
-6.270181670081867442e-02
-1.130370901504417214e+00
-9.035104240662481523e-01
4.189993510497334039e-01
-6.413741125314574854e-01
-2.884971416675073397e-01
8.736750404266544479e-01
-5.458548951026251927e-01
-5.522119711962529542e-03
8.221226399612888702e-01
7.260714614063978889e-01
-4.692702205057630582e-01
-6.258022628332871040e-01
-9.995389138357051451e-01
2.770068663716607760e-01
-4.542273701240694406e-01
4.395676480823486054e-01
-3.410389953912106309e-01
1.701649242154143149e+00
2.472438567404515175e-01
-7.164949030550205045e-03
-9.122273230455844040e-01
2.357689171120738170e-01
2.412727073301563496e-01
1.252588281210238685e+00
2.606257409069726583e-01
-9.920705233804643086e-01
9.441229724410965529e-01
1.017952651204882430e+00
2.668302033653854322e-01
-8.818152380074828489e-01
5.137447799313168278e-02
2.349491176223174327e-02
-5.663191421622695843e-02
-3.632439002833178221e-01
5.298739305096925589e-01
-6.635648919383341227e-01
5.580973686574733916e-01
1.658124134262002891e-01
-9.237332014056420793e-01
-5.471089133738525900e-01
7.940166702523632214e-01
6.397114969336735735e-01
-1.532345181057583217e+00
-1.888338320782331214e-01
-2.501114783412416998e-01
-2.763372350455942650e-01
-4.268221577798228528e-02
8.648630695527604884e-01
-2.356805168822642405e-01
8.347155544875348165e-02
-9.008440524994036913e-01
-4.562543901215950215e-01
3.334437557555199882e-01
7.502230402768805817e-01
1.426476835383358177e-01
-5.258773656673896291e-01
-9.749213997946168941e-01
-2.413327965997711377e-01
-2.697358100431069758e-02
1.498677317989439706e-01
1.075086190073128778e+00
-9.663243773731731157e-01
-9.717193720355183917e-01
2.766164013468094263e-01
7.876700591811797159e-01
-8.552782238035846474e-01
1.150068144006392012e-01
-1.957444271308382278e-01
2.229570860866903204e-01
-2.254678751591453201e-01
1.215572630520720177e+00
-3.987565989570077130e-02
-1.837104076570623468e+00
8.095823599643576785e-01
-1.249814867656341977e-01
2.797249462158071798e-02
8.725093453791096243e-01
1.179088539342492359e+00
-1.525119463598183955e+00
-1.008152490952931579e+00
-4.695623143042154668e-01
-1.307681041869573679e+00
-8.184622086653736694e-01
-6.590508848191080071e-01
-2.559704616105598629e-01
5.348790238333400726e-02
-1.212763412883790526e+00
1.837437223130199970e-01
-1.105897632727523616e+00
2.442420695943393616e-01
-5.336851043101222825e-01
-9.647274048516418787e-01
5.283474790737811011e-01
-9.183091654250380431e-02
-9.355235080212914722e-01
1.306675660914862203e-01
7.248885274600714856e-01
4.460409800583722273e-01
4.601780454363376682e-01
-1.833871475286179276e-01
-1.711016998396420519e+00
1.206139851769894578e-01
6.621139804636300141e-01
5.479305891757184632e-01
3.232334657310668158e-01
-6.821857947349083684e-01
-1.005412271598856488e+00
-2.163371887973810082e-01
-3.351080350764644167e-01
2.146441117590962566e-01
-3.566261421014662591e-01
-4.823088767145816691e-02
5.522531263597576512e-01
-4.845292471349187391e-01
7.730537372299400856e-02
9.329953680918744441e-01
6.763402914600969984e-01
-5.473835284823869163e-03
-9.573147567672108948e-01
-3.386727639162390169e-01
6.089241331996371187e-01
2.024033876984208558e+00
-5.850722424326615378e-02
3.210915715395804004e-01
-4.869301251363121752e-01
-7.079350219907776243e-01
-8.601470130764068411e-01
6.790874234212931349e-01
2.150174992141527852e+00
9.023777626092434057e-01
-6.186504920523627771e-01
-5.111931111523173588e-01
-4.290802238810257352e-01
9.683202419154771645e-01
5.204012572350061872e-01
-3.125030308936026513e-01
3.995787891701874095e-01
-1.065210655979928145e+00
2.419249244417966405e-01
-9.738061639200801256e-01
4.288937846886677896e-01
6.185029505994010801e-01
1.202218723039437664e+00
-4.905807172203801025e-01
-8.900894391130664829e-01
-6.289707825945592412e-02
-6.628085065400038944e-01
9.510856339477479215e-01
3.389797053429297602e-01
4.391319663876190882e-01
8.290642693207650460e-02
-8.188637782691504663e-02
1.100643974049568818e+00
3.800674916329046527e-01
-7.319699269798982666e-01
4.630422524445294841e-02
7.923879624403568078e-01
6.814742453507909303e-01
-5.199442627580561638e-01
1.798259443768277066e+00
-6.401553384238414246e-01
-7.980180898981038551e-01
-8.996332467761511409e-02
2.642973215484489824e-02
-8.050418193343761297e-01
-7.323131414326320421e-01
-3.256313911279424822e-01
-5.944675712085756292e-01
-2.209255066711952598e-01
4.501813748546215077e-01
-1.234631961061084526e+00
3.420518319531427043e-01
9.078284109537022584e-01
4.526833037035926655e-02
3.341358737103048981e-01
-3.834597871986514250e-01
-2.379790695469872763e-01
-7.186178516257611948e-01
8.473691628140175292e-01
-7.084994198247205333e-01
-1.037388592956231426e+00
-7.425395881746293947e-02
4.567777793771341521e-01
2.604278124788162452e-01
7.686331111327895059e-03
