9.862738266731450043e-01
-1.584646125263440286e-01
2.272171718015381092e-01
-2.216938481523706983e-01
-9.785577524059483334e-01
-7.603077747703879119e-01
-6.453967462116003695e-01
4.700460690393841734e-01
-4.199981692898766550e-01
-7.833321937668646928e-01
-9.272095765401648926e-01
2.210673048257634221e-01
7.056437165366240549e-01
8.533883632994951896e-01
-7.514561191525448436e-02
5.698993425346521313e-01
4.139542494478085644e-01
2.640696102985307103e-01
-1.826031954731326401e-01
5.844375025733821172e-01
-7.614073883668612819e-01
9.294965038874591912e-01
8.171923529615539028e-01
-9.903645970509433738e-02
-5.233845578867486470e-01
3.919903160530306963e-01
-7.138347009177476998e-01
7.621271785924377262e-02
7.122792855792401401e-01
-3.413156815341888972e-01
1.026088977618151432e-01
-7.416823812753210454e-01
-2.851117946679979642e-01
3.893011357798670247e-02
7.058017967841796469e-01
-9.963940151638173148e-01
-2.843181678084130137e-01
-7.037961304950068886e-01
-8.144148388047063314e-01
3.367293623909828337e-01
4.093518012187833399e-01
1.628108244439732122e-01
1.520205094130955281e-01
-5.176644821461460211e-01
6.892305190206622356e-01
-1.570326646479089927e-01
-5.695299935542808001e-02
-1.043830940466767832e-01
6.923600039543693629e-01
-9.580763272512302642e-01
-3.506239584594883496e-01
9.825815264593609211e-01
5.507823136445664236e-01
5.442209983896084680e-02
2.382655683056291718e-01
3.203378733502573184e-01
-3.371091209722545390e-01
-6.703289840281529965e-01
-3.638824860017924046e-01
5.784878155059349769e-01
5.024817559666443501e-01
2.279662783084763777e-01
9.416474342791709695e-01
6.158131189891140611e-01
-9.917622668816461484e-03
-4.170948502455147366e-01
-1.125998042754001727e-01
5.248592037384300912e-01
-1.172059151976916347e-01
2.974373131784389113e-01
-6.826379172748833213e-01
2.015035369588735747e-02
5.063663920285146336e-01
-1.321646801515752312e-01
-1.287494125533477085e-01
-1.248971632381676855e-01
-7.013290955466144894e-01
1.901967616413813289e-02
-7.960805042660783482e-01
-4.215501728810799875e-01
5.223295056397936342e-01
-4.368923913492763766e-01
-4.122721822031214511e-01
-6.711075994144433121e-01
9.542458300663210213e-01
-2.943622454790857379e-01
8.546519847058970942e-01
-1.180742124794902370e-01
-6.869590085031740401e-02
5.762504790573963476e-01
-8.699267681993654300e-01
5.360350625250089873e-01
-1.656627878925089892e-01
-8.642624141719310593e-01
-2.145773650406814781e-01
5.955978132766694966e-01
-5.538540526281667820e-01
-8.759249431998663571e-01
4.116126237358890272e-01
8.937656953234229817e-01
-2.185767281111716809e-01
-6.490259547692105446e-01
1.536785109002865024e-01
8.106968120862352301e-01
-6.706214546001478816e-01
2.776567059780519209e-01
-6.070551458493107511e-01
4.972514210705374360e-01
9.134622342455807065e-01
6.635856549780880798e-01
-5.501636930531033087e-01
7.065850513816587242e-01
7.865449832602366964e-01
8.814778455521994349e-01
-2.299205572143825371e-01
6.648581237511566044e-01
-8.616825002717225512e-01
1.323388562621348186e-01
9.307314268927275869e-01
9.205156186949745578e-01
-8.804718572407217447e-01
9.386368567977030342e-01
-1.694084528950305923e-01
3.943426770590272579e-01
-6.256545662668164809e-01
5.394310742522767654e-01
-5.205516849581044436e-01
4.658511932237927589e-01
-9.642504269942004935e-01
-9.027621417170845763e-01
-7.187597969604311299e-01
5.220673313066841459e-01
-4.553591216095627114e-01
8.655528812022250662e-01
2.509306203270780244e-01
-5.428327245785606880e-01
8.079210152959459545e-01
-8.228843770534077784e-02
-6.295324989430306495e-02
-7.560746313512238803e-01
-8.853087231319667350e-01
-2.714241406893300734e-01
-5.232424363239542853e-01
-7.357845722686515710e-01
-7.955545406445667656e-01
-2.435354467987651539e-01
-2.535936598369963324e-01
-7.790265278879595634e-01
-2.784653671000734132e-01
-3.625759967110719906e-01
4.963440929965914350e-01
-1.541964418544838900e-02
-8.767563851148596488e-01
1.137653579264636949e-01
7.213546443378817674e-01
-6.152411076668655721e-01
-2.822784257125772189e-01
5.144374788643208962e-01
-9.767629715774825971e-01
-5.031454881499235476e-01
6.255519997600302862e-01
-5.786984112003441538e-01
-4.745306120749064327e-01
-3.967485761601219352e-03
3.872302185274747455e-01
-6.895088263459872024e-01
-7.176142936537857064e-01
-4.556567640244943984e-01
7.712960782844855423e-01
-3.117204619675886246e-01
5.246646656268016962e-01
2.587939619391586010e-01
-9.125246371527828693e-02
-8.508171173038650004e-01
-9.686101219439871013e-01
7.817912414251808606e-01
-8.817755436767522603e-01
8.396617782688775566e-01
8.980788333891358555e-01
-7.855913947725403634e-01
6.189171898868328636e-01
-2.044400453224044512e-01
7.946487336819594294e-01
-2.439922263048786011e-01
-1.590106526002579290e-01
-7.443884900024588802e-01
-5.165117949276520903e-01
-2.228870386920283053e-01
-2.037606263732449907e-01
3.717201409896773168e-01
3.115051085178326407e-01
6.894056022490668845e-02
-8.444173942452375403e-01
-3.316153186621217941e-01
6.139547714708517567e-01
5.675047664987713514e-01
-4.764453561501635903e-02
-5.940633186086210493e-01
-8.280249234167575967e-01
-4.344104564346833453e-01
9.369248488174173328e-01
6.198342672655501318e-01
-8.262989878845496960e-01
-2.573144416605288587e-01
9.083837333463520292e-01
-1.957124075190670442e-01
3.837026101238931730e-01
-3.275044850561241727e-01
-5.858510479848955121e-02
-2.112559321823515024e-01
-6.101995064714946793e-01
-5.098987363794904581e-02
4.935746376357517118e-01
5.261779543315912022e-01
-3.454842809602229892e-01
-8.243494557398975964e-01
-1.080369079849270442e-01
4.931450034463147336e-01
-2.600695452176202682e-01
6.198606110381121859e-01
8.709686446179949471e-01
5.810708763110450370e-02
6.943658251287014860e-01
5.292200819646881715e-01
7.699649365845506743e-01
4.426681037212956138e-01
4.256382073148172740e-01
-3.760867358626001078e-01
3.855644900398491615e-02
2.716473658957097026e-01
4.189346854070103987e-01
8.555105318787807889e-01
-9.674958514823817080e-01
9.686353369586579998e-01
-3.619685921295516806e-01
-7.413659353964496823e-01
-4.786236330589774823e-01
6.985742067250924059e-01
6.739220753252326279e-01
-2.147459623720282540e-01
1.067242643325398976e-01
-2.775380862220266920e-01
-2.806280348593515050e-02
-9.854885523155432203e-01
4.674362419870596863e-01
2.913949896499048453e-01
-7.585181642036031846e-01
-3.485378427689913572e-01
-6.288597938400874998e-01
-8.541437056911016512e-03
2.383486099739942077e-01
-1.667937856879699865e-01
4.013453489837888188e-01
6.706659816026174781e-01
4.165375842136462836e-01
-7.754360095457024649e-01
7.446220792882929373e-01
9.790274119444033474e-01
2.207666329818644968e-01
1.223263865041390730e-01
-5.217534218398813817e-01
-7.098301183320712138e-01
-5.204065789896070715e-01
8.178138443256715018e-01
7.262545439835945693e-01
