
0 63.345477 9.171221 18.384915
1 76.581504 27.859249 22.795242
2 76.592454 38.980545 24.425462
3 76.592454 42.784721 28.417645
4 76.683615 54.893105 25.093301
5 86.232774 58.557341 25.925315
6 86.232774 56.273854 26.79198
7 86.232774 70.703403 16.752022
8 86.232774 72.457807 18.126876
9 86.232774 74.79638 16.240725
10 86.322774 73.521174 21.263542
11 86.322774 79.315202 14.000887
12 86.322774 78.619256 14.465554
13 86.322774 78.351515 12.580933
14 86.322774 78.511231 13.765283
15 86.783959 78.547095 14.298665
16 86.783959 78.608653 13.103702
17 87.142353 77.929343 14.616282
18 87.142353 76.663075 12.74512
19 87.142353 78.903925 8.854992