8.559382701780433589e-01
-9.736751254745514839e-01
4.638320533565316595e-01
-2.214911740946707841e-01
4.517195646719540658e-01
4.527680022529421144e-01
5.583421158370529547e-01
4.996364174950072012e-01
6.979768159259713833e-01
-2.761426830659527987e-01
-3.489501767420670753e-01
6.753593401616480030e-01
-2.665650260472751665e-01
-8.596994156572896895e-01
1.354593941320350048e-01
-8.903776752610303991e-01
-6.466495723835030685e-01
-9.892015112431902235e-01
-9.030307438116287333e-01
-5.302513690869126162e-01
5.206845667235595609e-01
-2.341292880837686496e-01
3.227446444859929375e-01
-8.275773026674422272e-01
-4.457511696811302659e-01
-4.278387450931735447e-01
5.535324670771113453e-02
3.167360715447997688e-01
7.346921163777968555e-01
8.547133617465751954e-01
8.148509522247913139e-01
-8.075937379110369463e-01
9.879528727794730791e-01
4.179147762811667999e-01
-9.479464774430412799e-01
3.581919656710379485e-01
1.568846469196263360e-01
3.497747204515300190e-01
-7.037353092773714902e-01
6.855504698245684647e-01
2.262750148587973076e-01
4.760881736086186589e-01
3.337583528921059806e-01
-7.919477503437124533e-01
2.120622176633866207e-01
-2.601284354622723782e-02
-7.149259219730281778e-01
4.724645427745699511e-01
4.815447833726449467e-01
-6.853909567957561233e-01
9.601332202718737552e-01
6.980756305268216444e-01
8.068027126900971790e-01
-7.956623366940780429e-01
-4.529930569752196323e-01
-7.904703190200339513e-01
5.210230141578737761e-01
6.256105574726558149e-01
9.979821500358541098e-01
-1.745466282654506429e-02
-6.142066475214149612e-01
7.672509049115470159e-01
9.784665201168920579e-01
-9.621650184163648145e-01
-3.353954459925168052e-01
1.948484949413140654e-01
-1.324487632871229614e-01
-5.649021728653005336e-01
9.558849798163819855e-01
2.013338661057684220e-02
-5.217582902976045656e-01
-6.071411895777667489e-02
6.812121215790423179e-01
2.958951061702763674e-02
5.130389037743949832e-01
-8.258085486742450243e-01
8.547011516023439448e-01
5.497668242028737051e-01
-2.834635470593400708e-01
-2.496479495182981623e-01
-7.244315410136432654e-01
5.331230191965152798e-01
5.058906375133749300e-01
1.044833533485478583e-02
7.244786948969719198e-01
-6.337366700871405190e-01
4.699041337417564357e-02
4.853731275914843213e-01
7.981746441308763540e-01
1.056905857136514193e-01
7.886539433194472704e-01
-1.498599152465103224e-01
7.445554081283178860e-02
-6.374606659351906846e-01
4.841032787323691355e-01
-3.136317322429116317e-01
4.204174775442168777e-01
-9.936586742341966261e-01
-2.014079844919345330e-01
-6.669156149549104740e-02
-7.274533162376237705e-01
-5.724273040388345724e-01
4.928391752270178117e-01
-6.041250628180443449e-01
1.823008354533097730e-01
-8.046564700487210953e-01
1.002196753833595189e-02
-7.989162426127103256e-01
8.365971945119488051e-01
-7.479802337048624405e-01
1.713982662539117463e-01
8.050122985555696609e-02
4.099153327039286587e-01
5.083478888562436016e-01
-7.361587901643509291e-01
-8.776085115892557909e-01
-8.865321478185206328e-01
8.466011449192500926e-01
1.096088656758942292e-02
2.587721243694522943e-01
-7.461247412574962823e-01
9.711667748846792847e-01
8.160954811416778476e-01
1.356418641091803323e-01
-6.685144689137669793e-01
-6.447834847417002191e-01
7.812364461221907863e-01
8.616646276266004545e-01
-7.032107809592436087e-01
1.535681739993892680e-01
5.385177164634236124e-01
-5.293060679638723620e-01
-2.622500274792218811e-01
7.966942871518065683e-01
-9.641609549225460540e-02
-4.145701348664942998e-02
-1.202355865639532784e-01
-8.674665496153275424e-01
-2.142241872844798944e-01
-9.717442360854144923e-03
-1.735790124123353095e-01
5.155366491445922961e-01
2.387200850072135339e-01
-8.754775446096041414e-01
-1.301187428800616441e-01
2.978912586212962843e-01
2.197534573834798444e-01
-3.606685900920496568e-01
7.134494197208574029e-01
-3.694006570988668248e-01
-6.694592130403842489e-01
9.825446834983579958e-01
3.182449542160006306e-01
5.027814489968918110e-01
2.268942073334032639e-01
3.864793092778664452e-01
-1.621664981083470458e-01
7.793986029815218597e-01
1.797258425384136160e-01
-7.291253182640533570e-01
-8.305077242834211226e-01
-6.018719057711290343e-01
2.631654764567969984e-02
1.698252108075557487e-01
6.235361425913192868e-01
-1.368499061141459361e-01
9.371030077781661305e-02
-9.787943768033755543e-01
1.147065508102105280e-01
2.040284511235279652e-01
-5.599422878290778449e-01
-4.177677210881090009e-01
-3.094362200325377898e-01
-3.437284061455554429e-01
3.769255545799043983e-01
-3.722032261561223354e-01
6.519420607357706565e-02
1.914335259367643260e-01
-9.618304615162232007e-01
9.300165147142924749e-01
-7.029488164338000278e-01
-1.659425760721731091e-01
3.262309597322825550e-01
9.343090896529335776e-01
-7.356619684557910155e-01
1.182231774565869475e-01
-2.761647857563582775e-01
4.574755183266219216e-01
-9.787868253118281459e-03
-2.589065530469614185e-01
-8.629905078630122350e-01
5.805597841922314206e-01
9.997387903171803814e-01
7.611706720753110833e-01
2.059343718132877754e-02
-1.680423112852396095e-01
-8.201741538483118266e-01
9.733503168273278661e-01
-4.768956536940938129e-01
1.887192126919998714e-01
2.327907267888502663e-01
6.970413862318352027e-01
2.972248777286847776e-01
8.349278394761288080e-01
-1.239817332476611522e-01
4.624488167883702427e-01
2.715718262108224312e-01
-9.074524492718027968e-01
6.094547097111657763e-01
3.054677070772491287e-01
1.009480727999925165e-01
7.144035356128131120e-01
8.139912718633945943e-02
9.333918854019720435e-01
8.307410575231402028e-01
-7.037368258484111294e-01
-3.050176440446079607e-01
-1.191625784124772380e-01
-9.508959604395883503e-02
-7.936205902917610189e-01
-1.737795534339543480e-01
3.481352054855113565e-02
-8.911909938317208457e-02
-3.633328021104507144e-01
1.189109284224705299e-01
5.691649160811571573e-01
-8.311826418662437987e-02
1.806569456900322113e-01
7.217057046354764527e-01
3.902291256500114436e-01
-8.188158051235223667e-01
1.376516049603528913e-01
-8.641398562460795851e-01
9.073274907693846814e-01
-4.440114617763923910e-01
5.818686924866522947e-01
2.867079823939993055e-01
-3.722205003123597589e-01
-4.797426755185618674e-02
2.418822833593885502e-01
3.752225127176500585e-01
-4.923854714990076875e-01
-9.364641814949914433e-02
8.297453201051283589e-01
-9.438814108526469848e-01
-8.504228315052373421e-01
-8.305133722624677972e-01
6.729173258469995922e-01
-1.598982730585820633e-01
-6.377067830919158631e-01
-7.103615907045475186e-01
4.077797771531392890e-01
-8.917742324371360496e-01
-1.045252535451368647e-01
9.464833905760288157e-01
-4.200196990668543240e-01
-4.852991260131687135e-01
6.286657823053813932e-01
-4.219021935256725975e-01
-8.357002388694647621e-01
-2.639326397691101889e-01
-1.808658825145130766e-01
3.757473446156709418e-01
9.273024910102973806e-01
-8.416466693717161718e-01
