
0 71.491242 16.654898 21.821566
1 71.491242 36.474817 18.543188
2 71.491242 45.012448 20.184755
3 71.491242 53.607596 19.533533
4 71.491242 56.243143 18.944779
5 77.505177 60.239622 16.150322
6 77.67068 66.389935 13.944708
7 77.67068 69.583895 11.087706
8 77.841798 69.551707 13.433151
9 77.678984 69.833733 14.370511
10 77.678984 71.308096 10.076799
11 77.678984 68.438412 14.823955
12 77.678984 69.897803 10.631566
13 77.678984 70.480576 13.364127
14 77.678984 73.448361 6.884074
15 77.678984 70.545051 13.414339
16 77.841798 70.089355 15.117681
17 77.841798 72.868881 6.579407
18 77.841798 72.48864 11.080906
19 77.841798 71.585451 15.189309