-1.288448270346931324e-01
1.061691974422305229e-01
-9.242482860323317784e-01
2.209098085534528799e-01
4.989823376481998807e-01
3.798157337617680263e-02
7.556748449307013615e-01
6.713985312461556720e-01
7.888078358512731203e-01
9.666171375427594636e-01
3.250927076409746430e-01
-5.947273505887027412e-01
9.225770955758432201e-01
7.122598553814398770e-01
2.448306627964933480e-01
1.763662759536614999e-01
9.399168199445249172e-01
6.176173390381334283e-01
-5.084006661484912204e-01
-3.067479276787006270e-01
-4.670356118534750856e-01
7.439883990550266724e-02
7.820263948365415718e-01
-1.693932247004208413e-01
-6.984675666924275994e-01
8.288263099563617509e-01
9.194817208422700894e-01
3.016068129951685606e-01
-6.215563136560644519e-01
9.728741320519092017e-01
3.748249665213161386e-01
-1.557158582126554336e-01
8.442129077363857981e-02
4.765917591080088833e-01
-8.811771552559308773e-01
-9.451784729266368146e-01
1.268193464683726734e-01
5.606817337962255454e-01
-3.999559290816239177e-01
2.425691127614149067e-02
3.744299718699939383e-01
-2.398255026333062645e-02
-2.519652235297671350e-01
4.269028804280634581e-01
8.983853002648909403e-01
-8.745040749764168009e-01
1.603946982717541214e-01
-3.058783234775863669e-02
3.107648204383783863e-02
-5.516649692107726821e-01
1.514937112647540829e-02
9.504293101739940131e-01
1.124179302043242235e-01
-4.079876021980715084e-01
1.024011751728568509e-01
-9.326932613609093536e-01
-4.670064047611526270e-01
8.786594576903827836e-02
-2.350361781830789809e-01
7.101089816536731991e-01
9.454760612585451085e-01
7.634417581859771484e-01
2.632130891850077425e-01
1.810289806725551287e-01
-6.118759336203292154e-01
2.241949976175638959e-02
7.127726761498491825e-01
-7.810035087757292160e-01
7.551539059642129459e-01
9.404068158336555960e-01
-7.627472686290324155e-01
9.824771071949134349e-01
-3.790372300098101555e-01
8.539913482615959506e-01
-5.281373730569902669e-01
-7.987635632939871222e-02
-1.953036423996845627e-01
8.811814036247720416e-01
8.470160026402082654e-01
3.923282692009157913e-01
3.141353535825162080e-01
3.125044423976190977e-01
5.844773054208867169e-01
-1.315294330539023004e-01
-8.551128715741871389e-01
-9.169173044103855474e-01
4.327206746338907450e-03
-6.412748783141459796e-01
2.963354870086132298e-01
4.803612526386262793e-01
5.708496910098199706e-01
8.510242979782212114e-01
-8.973342794650638332e-01
9.730979279611042809e-01
-2.511671876021575045e-01
9.578464371801560517e-01
8.317618590699011882e-01
3.333592891667722657e-01
-5.551640972483613545e-01
-8.044792469718833328e-01
-7.778183135719864971e-01
-5.536347000644348260e-01
-7.450710502151602910e-02
8.006953682602062639e-01
1.811632709759245508e-01
4.833087397240014571e-01
-3.246152590366802038e-02
9.058034655618154574e-01
-6.049193297990504981e-01
8.959085456948558956e-01
-3.481339351001451199e-01
6.000419585992047278e-01
8.654177858232148246e-01
-3.619557280506238151e-01
5.600470094090264084e-01
6.825303510745990287e-01
4.340949597062095933e-01
-9.483297824136023291e-01
6.038772651370831746e-01
-3.941243932555191787e-01
-3.125158622748764881e-01
3.311166258155795461e-01
-2.075963093510733160e-01
-4.847014178303457044e-01
-8.395846876178361118e-01
-3.140207612933232362e-01
-2.108833086972272675e-02
-7.972021879838941949e-01
3.839831327969056574e-03
4.949161199710243597e-01
5.337395194601317616e-01
-7.655336114957864702e-01
-2.247864538042483318e-01
1.885483283002999944e-01
-1.309090346735966026e-01
9.265906700672645879e-01
8.482410039743344399e-01
2.252120630090015396e-01
8.758464136909880349e-01
-3.632034970323168022e-01
-9.825966153749698950e-01
-8.735692890724378046e-01
9.861398164468411220e-01
-9.724064034376305177e-01
-6.151681664598822596e-01
2.515417204720296063e-01
-5.457211398220600529e-01
1.569077412100972069e-02
-1.460355625234166510e-02
-8.064026131002821618e-01
-5.930096600477030577e-01
-9.144672360490222474e-01
8.444595894186464058e-01
-1.629763733481408572e-01
-6.395510749761879055e-02
7.908644879962771768e-01
-8.806708252998947106e-01
2.194784504234768008e-01
-9.123095139427450651e-01
-4.345437213274312427e-01
8.953385757403140577e-01
-9.858392518294831763e-01
7.911000333017845776e-01
-2.072016463583850054e-01
6.331003131774919357e-01
-2.929368145752659913e-01
7.756740255042895438e-01
7.771628467837341514e-01
-3.793394938774008462e-01
-5.287311710502307083e-01
1.360879845070828154e-02
2.592104704929787395e-02
4.027214414038404744e-01
-9.951712457788277622e-01
-1.340198569937425255e-01
9.949319668252076809e-04
7.787052155777967055e-01
-4.319186150477456465e-01
-9.262934580731612133e-01
-1.721793973320799864e-01
9.646103777730641315e-01
-1.762709161723916562e-01
1.756776928962133777e-01
2.637248841827037893e-01
-3.095372273953471698e-01
-7.712123622149034130e-01
-6.989180434752049198e-01
9.046910663715439505e-01
9.317450145772936398e-01
-9.520046433349629300e-01
7.104812064418923878e-01
-9.488687237458335311e-01
-3.756534791187600142e-01
6.694328919013479151e-01
1.090559936508599392e-01
-2.696173017716829712e-01
-1.581890061316504337e-02
8.063031847205643921e-01
6.705840233822726315e-01
2.233482407944933357e-01
5.822049676083751457e-02
-5.911381493511802532e-01
7.286055076998538826e-01
2.291743028550841110e-02
2.601678913989657893e-02
-5.830930858999330280e-01
-9.122103289542733418e-01
1.525929870021855983e-01
-4.305800590908315240e-01
6.609257137390762704e-01
5.548875775058825788e-02
-8.565121144575678080e-01
2.900141757190539682e-01
5.552599333110357360e-01
-5.392189826798492458e-01
-5.085428603312585061e-01
2.880594785173438144e-01
3.454972949985888331e-01
3.149108776352511629e-01
5.962019975944663486e-01
-6.304529348072818173e-01
-9.920418084593267682e-01
7.852675415408811865e-01
-7.375870219926030646e-01
9.879497624484832041e-01
-8.947708838690333621e-01
7.116322305209346055e-01
5.287987927025639134e-01
-5.226287889955660848e-01
-2.038306860839749213e-01
-7.151745681449059866e-01
3.140552262189220123e-01
-7.126983759584812894e-01
1.063997088267494284e-01
8.562756768472330471e-01
-8.066581523027935852e-01
-5.087687920343937353e-01
2.577913484878768813e-01
-1.895825666407802146e-01
3.060297318772853270e-01
7.515591578635176795e-01
6.044195586138001453e-02
-6.719426962253631785e-01
-2.030444872313168503e-01
-3.805432351363382537e-01
-6.778539411054280706e-01
1.137560588067869638e-01
7.136337161573123034e-01
6.628984713249956862e-01
-2.370158054079452015e-01
2.644622744713445162e-01
-5.504790211127528199e-01
7.786162261304225840e-01
8.896103323961672693e-01
-5.855482530176328027e-01
-7.847393223049801136e-01
4.551473160615355784e-01
8.856988162604009229e-01
9.273981461811067195e-01
-7.379448779648494217e-01
4.554912140216309524e-01
-3.051462317870745622e-02
9.007679521055169669e-01
4.199988449074412156e-01
-3.722434811633446028e-01
