
0 38.712141 10.944933 13.923161
1 83.582222 19.394958 13.771806
2 86.333109 24.445259 16.786501
3 84.08034 27.195583 14.510218
4 84.08034 31.041951 14.809999
5 86.333109 35.96528 18.666261
6 86.333109 47.235801 26.767964
7 86.333109 55.52377 29.038738
8 86.642404 64.364197 29.572275
9 86.642404 73.263955 25.472901
10 88.782295 73.277271 26.373347
11 88.782295 67.857898 30.724871
12 88.782295 66.979055 30.602834
13 88.782295 62.805316 32.73509
14 88.782295 69.866291 30.890508
15 88.782295 60.276593 35.182797
16 88.782295 64.391458 33.269329
17 88.782295 62.764137 35.037689
18 88.782295 61.21705 35.699654
19 88.782295 68.115918 30.391055
20 88.782295 68.965796 27.75238
21 88.782295 64.81197 31.020467
22 88.782295 69.465561 26.563704
23 88.782295 75.274338 24.27616
24 88.782295 66.234948 29.521846