-1.349516422435763641e-01
-8.684076930308051168e-01
-4.199296585104035362e-01
5.164494753128683335e-01
5.898940193743762439e-01
8.905494787108763077e-01
-1.402046411063011533e-01
-1.534501998671604639e-01
-8.559099399166685274e-01
9.963544269519530872e-02
-7.047191224657245456e-03
7.447036996554303734e-01
1.218334902105331352e-01
4.975377299700365352e-01
8.014833413311046595e-01
-5.129068315921436749e-01
-5.702124866276307991e-01
9.381800519602996324e-01
9.471709376198949037e-01
5.965237826860956272e-01
-4.704444485196526138e-01
8.018480188801302422e-01
3.515258618442251848e-01
8.835523443410360223e-01
-2.552723771818761200e-01
-9.293258003412774304e-01
-5.046995260654854043e-01
-7.728610736604411002e-01
-9.646919480606164221e-02
2.116201739950465122e-01
-5.521931509916411240e-01
-8.465110893428899885e-01
1.410928049085757863e-01
-9.315553815169108631e-02
-1.059598752775714470e-01
7.424563567610888981e-01
-6.136317087701956829e-01
4.398988296736885406e-01
-7.779442786156571810e-01
-8.853250869617221852e-01
-9.143409138883238363e-01
9.156781320676212754e-01
-8.804040867297584505e-01
6.720384568470301190e-01
9.069388848331687569e-01
1.083790623943687859e-01
1.068182623050424329e-01
2.176260454436294012e-01
-2.251175559748710420e-01
1.135762120637238137e-01
-6.627983745832748408e-01
1.036363724499484995e-01
9.235229037332226554e-01
6.708297028503455994e-01
-5.122317352620187059e-01
-1.561852525341611564e-01
-5.573042718672671647e-01
-4.329036946347186721e-02
5.827554946142643466e-01
8.907804943765795791e-02
-2.831032551273644504e-01
-3.088045931743677031e-01
3.927752752904107858e-01
5.805223555690284254e-01
-3.366601195017591142e-01
4.248984402897013624e-01
8.790117907284020760e-01
8.107907247320644828e-02
6.539036355817902102e-01
2.318087169583371576e-01
6.987506802162046782e-01
-7.261551786815494403e-01
2.179591951458506038e-01
3.954922355185865879e-01
-2.330462501694032795e-01
1.691657653135787420e-01
-9.185712219230981468e-01
-5.212522099759395733e-01
7.583910557225910232e-01
3.844819266116883405e-01
-2.229852527581837052e-01
9.798377491523742044e-01
-3.687907313629175121e-01
-8.677147885606837363e-01
6.929554530204706797e-01
-2.790017331694469860e-01
-6.432166974320756569e-01
5.472445724024526115e-01
-2.437638545548985736e-01
-7.229297221575239352e-01
-5.215895170359774458e-01
-3.405908210332471153e-01
7.153385623440331464e-01
2.220947085671083343e-01
-7.796090187970470264e-01
-4.148694019679071143e-01
-4.433385996625116565e-01
-4.449576201780676143e-01
2.489267357306723660e-02
2.645988801935115209e-01
7.320571701134557241e-01
7.031938384818228194e-01
-3.398716875824516759e-01
-1.469081139621128962e-01
5.166954519908195653e-01
-2.176397862837455843e-01
8.058322028637852075e-01
-5.622319273021210151e-01
3.639121207712625594e-01
-3.354873095934962635e-01
4.462592069375468373e-01
-9.426376850618416459e-01
-5.395756020343502879e-01
-2.105121659364352915e-01
4.055647627380976061e-03
-2.484521576578020419e-01
-2.460097976276705012e-01
-8.570911757906165551e-01
-9.495579180077049486e-01
-8.834805894580126662e-01
-3.840369369989107273e-01
7.378366044792137313e-01
6.489741095045731267e-01
1.176160468478126830e-02
9.334800182546443281e-01
-5.328262993835388706e-01
-7.322896693629770137e-01
-6.241307917791507620e-01
-3.007002867814467795e-01
9.232060531077967980e-01
8.406175408596257004e-01
9.033186957607115541e-01
1.671298515985069066e-01
4.531327659761870130e-01
-4.045567483211074400e-01
3.297182156696889521e-01
-6.321027074463434481e-01
8.190016656592276068e-01
3.137607694017501281e-01
6.027151413214424380e-01
4.812962017151334315e-02
6.335941850036570511e-01
-1.562043212571828654e-02
2.631173771998966959e-01
9.121021605889678696e-02
3.720923173604309131e-01
4.563448407471484281e-01
-3.495928180290190923e-01
4.510565329555482617e-01
-1.720089094748005198e-01
9.414171912820632482e-01
1.947705436010727098e-01
9.688739570712847637e-01
6.518444581198166166e-01
-3.900985537158907501e-01
6.245571247449697161e-01
9.872311892214309381e-01
5.990974286950512262e-01
7.708140437952550883e-01
5.165406175884337259e-01
5.366710205333813377e-02
7.333162051567276851e-01
-5.257500064921090122e-01
-3.017844936707296810e-01
7.550243664890439188e-01
-7.300736918040717782e-02
-2.834782206809578486e-01
8.694850444741484274e-01
-5.941744107596331759e-01
-1.759372020677860693e-01
5.817259406441261937e-01
6.157367665791468880e-02
-9.489823072869194576e-01
-5.239949455589447691e-01
3.889754512828469402e-03
-5.752809924493873517e-01
4.297394778309735486e-01
-3.827164857383751340e-01
5.490159883583440870e-01
4.163113768526751635e-01
1.089408130765749938e-01
7.682523834110730476e-01
-1.350454222486818789e-01
-8.877981605708564761e-01
9.887810283365670028e-01
-9.057680532213052693e-01
8.831702512493011525e-02
-6.497480891379912027e-01
-6.846749924339128324e-01
7.802441115769023217e-01
4.227876082338595243e-01
8.005793271289032287e-01
1.808869356952149676e-01
-8.559331444772519948e-01
-1.712044606616351938e-01
-8.696583593205879925e-01
-6.669608144231018443e-01
-4.876449489621448308e-01
7.757094521243534935e-01
9.835000639337334594e-01
5.676672183562250229e-01
3.481691641158481954e-01
9.764444066551469792e-01
1.465236038628476845e-01
1.415691630716111593e-01
-6.134927423402134483e-01
7.590173058572378118e-01
7.610895676611229010e-01
-5.675553484054955966e-01
2.582911367940310399e-02
-5.858439038759073458e-01
6.857264398359073088e-01
1.651716411418797659e-01
7.665717902727002819e-01
-7.411443819939342870e-01
-4.234081279341792570e-01
-7.654298139692887748e-01
3.954621311362260805e-02
1.882842462664489069e-01
2.781389648464895892e-01
-5.752859861266315100e-01
-4.524783037998152402e-01
-5.838035721116652255e-02
-4.584349683837154465e-01
-3.561575583308889126e-01
-3.342361373831259641e-03
-3.690456743829650943e-01
-1.198537145666369597e-01
8.137565281235454862e-01
5.582120330202569036e-01
7.499450126731388444e-01
-9.104227680975343073e-01
-2.248535544254823826e-01
4.819467105511079374e-01
-5.241926924929192211e-01
8.790285880624744141e-01
2.338324776516518266e-01
5.641722825874433411e-01
9.835539140654747658e-01
-9.280472572427589384e-02
-8.822109114302583155e-01
5.767891243158340675e-01
-1.219467541905092656e-01
-2.323843789200528143e-01
-5.413775643222862310e-01
-9.180917812208628792e-01
-3.689873093207649557e-01
-4.636369424851429777e-01
-2.725714369728764463e-01
6.876877863462038665e-01
-8.159645844645400103e-01
-9.370550594145408141e-01
9.625366339391057124e-01
7.144505333604542763e-01
5.579012510946856906e-01
-7.479244708393772978e-01
-5.066439847297747878e-01
-2.259421892361652695e-01
-7.060209761634088643e-01
6.792955553895914100e-01
-4.124890079010619104e-01
-7.746813980759923446e-01
-1.151096363978940662e-01
-1.874577969150745815e-01
2.438340421519040735e-01
