
0 56.840905 5.267171 12.26228
1 84.08034 12.649785 15.74241
2 84.08034 19.852719 15.500643
3 86.333109 25.902438 18.668545
4 86.333109 35.819239 24.431285
5 86.904025 39.813454 30.786954
6 87.953109 54.502732 31.715322
7 87.953109 64.436027 30.537404
8 87.953109 75.031544 23.82182
9 87.953109 70.171135 26.199379
10 88.162265 71.495715 25.365309
11 88.162265 72.108274 24.331313
12 88.162265 71.627326 26.714107
13 88.162265 70.439856 26.207626
14 88.162265 71.353246 26.712116
15 88.219924 64.900568 30.504056
16 88.219924 65.301413 30.921904
17 88.219924 65.622294 30.992472
18 88.219924 68.220763 28.308229
19 88.219924 72.004335 27.018735
20 88.219924 70.017514 29.445453
21 88.219924 64.796425 30.362216
22 88.219924 67.169113 31.180344
23 88.219924 66.156035 32.252624
24 88.219924 63.847843 32.614124