7.644619931994534046e-01
1.013706818770028217e-01
6.439555929375808674e-01
-6.219726866211678917e-01
7.339459286182581366e-02
-2.654664912225503937e-01
7.756520861329778693e-01
-7.439773953625365976e-01
-1.301751293957489342e-01
7.712099473195357380e-01
5.273082247250335808e-01
-1.017312824089664502e-01
3.306833692699124860e-01
-7.580161949552399747e-01
-5.970006999579635654e-01
-8.129514004636312352e-01
-4.469545055555146362e-02
4.821687383592394016e-01
-4.159332306756214348e-01
7.763032392353854672e-01
-5.652172321605408722e-01
2.642600833481107969e-01
-5.900097342784214050e-01
-8.017452712532388004e-01
9.044030726192422431e-01
-3.296904711374846197e-01
-3.311506797908763122e-01
7.110006313346870499e-01
-7.702394886419465792e-01
1.268485737481326314e-01
2.157864304837795455e-01
3.916447831985059302e-02
3.471733556978895407e-02
-9.005231897402987684e-02
-4.449591847280465196e-01
-2.064805700881782169e-01
-7.437801357055122686e-01
7.071222498251863442e-01
-5.028013299151379289e-01
7.897648719338601353e-02
-3.726681091040804361e-01
-7.712310673407696271e-02
-1.795208435234352251e-01
-6.174219046505875497e-01
8.819468025730154981e-01
-8.743101287913006558e-01
-9.854830441629469640e-02
2.793753464699084699e-01
-3.857077383017193384e-02
7.376824468700793336e-01
-6.675214140568164201e-01
8.477587569161253445e-01
-5.289816020423119269e-01
-9.655250959021488555e-01
-6.297958315151186426e-02
9.609762790654045039e-01
5.337197283174728302e-01
-7.488773426505841435e-01
-5.990200573690027674e-01
8.161998273150072869e-02
-2.849920816564490700e-01
-9.264484625536906215e-02
-1.968601762768205088e-01
3.545783590288973386e-01
3.647356485021147066e-02
-9.858273016883740691e-01
-6.057338169125745519e-01
7.429521683622747341e-01
-4.025976851194716932e-01
-7.438393007812169611e-01
-2.956654819070267948e-01
-1.997575441355605719e-01
-5.723751719464620358e-02
9.772220137562505071e-01
2.030345402811004618e-01
5.524651406067928594e-01
4.538546648034191278e-01
-4.566164646327572907e-01
1.384200192517237582e-01
-8.356126296548624932e-01
-7.928681781582895827e-01
3.893441498812044710e-01
3.397667966378710158e-01
2.794853080565149472e-01
9.199569648511107811e-01
4.380690405383202979e-02
-8.044359620700636260e-01
-7.387827320819653210e-01
8.493052440587200991e-01
-7.686388962373655875e-01
1.490900631698321988e-03
7.692452214750187256e-01
-3.086722152070332098e-02
1.627225796417968162e-01
3.835836846031244196e-01
-5.421374896716275593e-01
-7.719445825288533403e-01
4.044463712747774914e-02
-7.241054891821405715e-01
-1.983695669114087234e-01
-7.779194119041421551e-01
4.868987185086119940e-01
-5.275402436281655394e-01
-7.307278414292828206e-01
-7.770063216752851609e-01
-8.379355084489437111e-01
-3.918207233899506647e-01
-3.351811930981849486e-01
3.008299623102765885e-01
9.798438046087413200e-01
-9.888630609295323559e-02
1.895944243575962140e-01
-6.131639939323529909e-02
-4.524660002795970470e-01
8.201541532758720443e-01
-6.870227647714706176e-01
-2.268760572671751352e-01
1.167193270810251704e-02
-5.719708526555456612e-02
-2.122998239197635972e-01
5.822022494242160562e-01
-1.755116607453630351e-01
3.719313398450645458e-01
-9.121490812032440054e-01
2.593807205801395011e-01
6.378456339638332029e-01
-1.492735561291445023e-01
-3.404942315722543356e-01
-1.181823554684018340e-01
-3.874198282134937443e-01
6.678148201603530953e-01
-6.120233235068555100e-01
1.663700470533657771e-02
1.957461983168677644e-01
-2.047098112258141089e-01
-3.672184796878432689e-01
3.204762393576245927e-01
-8.601005971505992775e-02
-6.054122687377387901e-01
3.942371601790488622e-01
4.035597491409594895e-01
4.234204236745848782e-01
-2.125324337338092562e-01
-8.185727623620973059e-01
2.731895677497810926e-01
5.410444334074981931e-02
-7.378345822658181064e-01
-1.872386759707456161e-01
-1.541635428194187973e-01
5.546657908909526924e-01
-5.558494845011574537e-01
-7.450378329900534391e-01
-2.565777351653106830e-01
-5.819557211911370320e-01
4.884072605929365429e-01
7.058575944986265061e-01
3.651690735796964127e-02
8.436098035162871156e-01
-6.283819924079534491e-01
-2.410985732032147055e-01
-1.792338359341449916e-03
6.016520644307510324e-01
7.042459836833774300e-01
-4.918211985198936986e-01
-2.263854719979760954e-01
-4.060474707199990263e-02
6.825270725482510681e-01
-8.421644795901400693e-01
1.052035205876527130e-01
2.298162469224005744e-01
-3.331418755125779008e-01
3.994741898069511521e-01
1.306605963991376296e-01
-6.014176904624186637e-01
9.990003364855273293e-01
4.871932357365891253e-01
5.540429151335615199e-01
3.869876939779914871e-01
2.343706304320494205e-01
5.763880656876998465e-01
-4.426454612448600390e-01
3.982493162973876899e-02
2.405758628149992084e-01
-8.088561307684064561e-01
1.854953278915001391e-01
-6.681562674209140518e-02
5.566855620377335612e-01
-9.208787247690903843e-01
-7.496378957526195208e-02
1.792243165006657257e-01
7.622021723689267336e-01
6.920015684856162252e-02
3.702094383656591159e-01
3.775844807227237698e-01
-7.332756328391183409e-01
-2.522572227373289788e-01
7.037246174488434036e-01
-4.020909557398339995e-01
-4.599514969609133641e-01
6.774037151984282357e-01
8.120611751863038297e-01
6.769949311103670153e-01
2.582695660384013436e-01
-7.983479776151524154e-01
-7.111282355206871575e-01
9.134223613853418300e-01
5.580631110324634214e-01
3.092576794172852139e-01
3.985705138835160533e-02
6.677622403673306728e-01
-3.464172699408152312e-01
-4.355504154382114912e-01
3.511110912001655926e-01
2.907512992208023395e-01
-4.068925135805228077e-01
-1.453945661112588938e-01
7.036056475907108698e-01
7.214905316523632095e-01
-6.961712492926213081e-01
4.223754128041683487e-01
-8.876678391927278478e-01
-3.323515991604659714e-01
-8.304967631497128799e-01
7.552249759224387571e-01
8.069171112091964027e-01
-8.113235700934158245e-01
-1.017813223941668177e-01
2.525485857701967873e-01
-8.032742049821228747e-01
7.852573318287792148e-02
2.704473354527374696e-01
8.499042868710615650e-01
-1.057822902196086101e-01
-9.924801249546497672e-01
1.967402122578609802e-01
6.336124652355581421e-01
-6.559603867579677505e-01
-2.916452262506816773e-01
9.032730821102297192e-01
6.486889107607138882e-01
6.585502714753355136e-02
2.944373443260190903e-01
9.209575996074192972e-02
-9.639581259687493020e-01
-7.074131998523318643e-01
8.403044363487874868e-01
-2.778714530901149615e-01
-6.758348022357809626e-01
8.547376542241535979e-02
-2.969175799332579233e-02
2.785314238473719506e-01
-1.572242700472754606e-01
-1.732735088522090461e-01
4.288686604184175355e-01
4.635609857750637164e-01
2.151149970460053407e-01
7.453971104100083345e-01
-2.971429135647947195e-01
-1.865381679060738040e-01
-5.504753300691056506e-01
-1.209233884352984845e-01
2.455561877006171567e-01
8.332318120231470004e-01
9.135345144883666446e-01
3.227847674072519268e-01
