6.440854908326798522e-02
8.645255570548049384e-02
-8.449853156719684399e-01
-5.956845997166220208e-01
-3.901171131659764146e-01
-4.596592250823277048e-01
1.609561878297089965e-01
-9.146542584710060098e-02
5.990688911158992269e-01
-2.393623093919727829e-01
-2.609280130376865348e-01
5.474468819953743903e-01
3.229853996427163310e-01
2.087974324484094257e-01
2.546105772280553570e-01
-2.504280351699201823e-01
-9.856430510108979970e-01
-5.978342915145105074e-01
1.878798267398540389e-01
1.813124280090294693e-01
5.183074654746482324e-01
7.137617060898782118e-01
4.313135604195355022e-01
9.531335281789199421e-01
2.768147040828397021e-01
-2.328999336025017186e-02
9.289876551066342802e-01
9.321883914319673003e-01
5.969847356996866861e-01
-3.803921032819805870e-01
9.946580240802447292e-01
-2.927597816574476486e-01
-5.044985016966463398e-02
1.303894351792331818e-01
1.685106218119392096e-02
2.181481147275210475e-01
-6.794339696537297080e-01
6.573964475360190018e-01
-7.291374003237427459e-02
-8.759614115617970764e-01
-4.483781744101775768e-01
-1.898778454980771802e-01
-9.103501168325016657e-01
8.035412311485758963e-01
8.204965758528999231e-01
7.265997750036070624e-01
6.164188040704998706e-02
9.258014581192617332e-01
-7.167843914383957848e-01
-4.845251695313566032e-01
8.826634313984300650e-01
-5.114136757698912739e-01
-6.453755277850694583e-01
-8.728610680483757100e-01
-4.674888262491370128e-01
5.180535994864368110e-01
-5.839137852303055709e-02
4.699189605390665658e-01
-6.099456330172707830e-01
-7.688330780330303593e-01
-7.134238816544247186e-02
8.815418591101371604e-01
4.869690241699058397e-01
-9.900654739280176919e-01
8.370628293917168339e-01
-1.700655575898646354e-02
8.847134800530565002e-01
8.931367744781872897e-01
-2.291348626761859908e-01
-2.959794466143876868e-01
-5.957057776392062909e-01
6.715155987458092390e-01
4.214615953247391467e-02
6.518594232122449927e-01
-7.964069850548878282e-01
-5.763097830467156513e-02
-3.610480630078261033e-01
-2.443487052709851781e-01
-8.514689615088135710e-01
-5.955989288156893213e-01
7.760837561173397070e-01
-8.529371912352261553e-01
2.815693356491171251e-01
4.097714798008411652e-01
1.474129119882121586e-01
4.062913391823002041e-01
8.649694589109415688e-01
-7.116383380319151186e-01
4.303349944030454566e-02
-1.813542774186269746e-01
-2.014965645213084855e-02
1.852373412377761319e-02
1.834922181028584287e-01
-3.000675484266805970e-01
6.755433796610581521e-01
-3.432100048251054414e-01
-1.319152705696606809e-01
1.121920400424272213e-01
2.113988753742690463e-01
-2.623099281363834301e-01
-8.988411184853755120e-01
1.797488702794256543e-01
-4.553493132819741440e-01
1.781784907476771096e-01
-2.830708087829230113e-01
8.227632467611236677e-01
-2.829796646345312805e-01
-1.663336964279074071e-01
-1.725421322599229867e-02
-7.560432756167265733e-01
-9.566992942838614677e-01
-7.131649700266444736e-01
-2.388958352538326224e-01
4.026856447179758547e-01
5.635258323343526055e-01
-2.181770447387323397e-01
8.757662896855946677e-01
8.506650774653183866e-01
-5.003864833712512450e-01
4.519160050703254772e-01
7.250812174365695029e-02
8.300823858448078685e-01
5.166041479592426988e-01
6.860571395691477115e-01
-8.660751450984669475e-01
6.395021429342018227e-01
-2.337499236219247045e-01
3.027666280962471035e-01
2.408018826173254912e-01
5.045836434739154885e-01
9.070281089127314456e-01
-2.618044076394203667e-01
-4.481885540272863011e-01
3.304192394886011908e-01
-8.067619432043966476e-01
2.703631891791307140e-01
1.139135877880881331e-01
-1.378920093470690222e-01
-3.797410043060134299e-02
7.393366666424094902e-03
-3.490060246547437295e-01
-3.402030471968793268e-01
3.928916133419848578e-01
-4.146927093155654553e-01
-7.966890624348383909e-01
-9.293569794118470284e-01
8.725931199352254808e-01
9.771581039608667751e-01
3.579203586489583255e-01
4.835372135293125595e-02
3.847402717360262070e-01
-5.160319680586789026e-01
-1.085245519708031292e-01
4.711833018198274825e-01
1.181951660071245414e-01
-9.370223640963692979e-01
5.902878863886640293e-01
2.879668071716054989e-01
-7.980176704600507875e-01
8.373537438694662605e-01
-9.032714002657726837e-02
9.687631782295711425e-01
1.730614357982740437e-01
3.583820969474145191e-01
6.446693387883606352e-01
3.777501952176904876e-01
-5.101244377496734206e-01
-9.375045105270156665e-01
8.443262323196374375e-01
1.071026439774189765e-01
8.261454888531110097e-01
-8.411864027412068179e-01
1.771632456054210714e-01
5.100398758676274458e-01
-4.278220365330356323e-01
7.991720752255757620e-01
-9.798435161180578667e-01
-5.398343010887023397e-01
-7.024876539305000556e-01
3.329688897499643030e-01
-2.331008242449394974e-01
-8.584887211910277038e-01
-1.928114471803272778e-01
-8.543658488389682670e-01
-9.831039825656398001e-01
-7.604501680334441183e-02
3.799194987354768127e-01
7.855227875791404024e-01
3.504389144709507686e-01
-1.645776529980942371e-01
-9.142873377649778366e-01
-3.014287761688081435e-01
-1.017600413249852842e-02
6.622567018282461415e-01
-5.382313676315271245e-01
-4.276947724840109988e-01
-6.083107605531825612e-01
-6.208417699632442499e-01
3.708565274792963162e-01
9.782750452270638775e-01
3.915749495895828325e-01
-8.919348897586742986e-02
-3.580286232238321098e-01
7.875773916702719646e-01
7.442289315593921817e-01
-3.158880150714415969e-01
-3.550546648184573773e-01
-5.229619305311812294e-01
-2.140047273951206641e-01
3.884353632820722879e-01
4.210457171291557277e-01
-3.971180237052800432e-01
2.529048543928025250e-01
7.653172622390700397e-01
3.773107074954997753e-01
2.886035932624611000e-01
-3.172386553813359988e-01
3.600616263897649105e-02
4.951280980039320934e-01
5.713066278270431120e-01
2.115949702006123534e-01
9.279379492981074673e-01
1.406993011028905283e-01
5.772666803325108287e-01
-2.171956706913718005e-01
-6.609820172167999441e-01
2.813681933085592224e-01
8.759861954692560460e-02
-5.149003162945731127e-02
8.566842566005310466e-01
1.426444536630850912e-01
4.481924939463446389e-01
-3.683325997867004098e-02
-1.526037234621895333e-01
-7.336610840634798514e-01
7.387510724327928102e-02
-9.103062688134935243e-01
-4.243061700525989632e-01
5.402994234216187408e-01
-5.335340389193246047e-01
-9.790819127611520845e-01
-4.606769386144049516e-01
6.921478514713053087e-02
9.394911848896458917e-01
-1.706434105786958089e-01
-9.077901469699307668e-01
-9.759424688066777875e-01
4.046630348109168107e-01
2.201537686546037875e-01
3.207975855325839731e-01
7.815546788291412028e-01
9.278290143917757860e-01
7.357055150025446633e-01
-6.274902455935909007e-01
1.245651375120959692e-01
-6.189865683960380505e-01
-7.663362746674216019e-01
9.638074272102339357e-01
7.915409810283240422e-01
6.938786856426373273e-01
-7.617482777575028674e-01
9.548334711948798237e-01
-1.746619116663497007e-01
-9.857646018836201396e-01
6.359331064008701961e-01
