
0 62.600531 41.777597 17.865677
1 62.600531 43.528065 21.997681
2 64.795719 52.659685 12.60031
3 73.978995 45.616134 19.576311
4 62.359636 49.482996 17.718138
5 73.373462 44.484569 23.856941
6 70.267831 53.587464 17.852752
7 70.544708 58.574755 10.496458
8 69.819298 58.826552 10.822161
9 67.61699 59.508935 10.470016
10 70.255435 56.652933 14.346633
11 70.513144 59.264492 9.871348
12 70.513144 58.599314 9.68318
13 85.370576 57.143705 15.897347
14 85.370576 59.391404 11.973182
15 85.370576 58.03091 14.2869
16 85.370576 58.042609 14.696638
17 85.370576 59.021171 10.060084
18 73.749998 55.433023 16.271448
19 73.981933 58.752233 11.703094