
0 61.746939 24.483118 25.164102
1 62.023947 33.036876 26.114348
2 62.023947 41.573511 22.4485
3 73.552396 52.092126 19.194684
4 73.552396 48.250882 24.898055
5 73.552396 53.191666 19.454157
6 73.552396 50.308316 25.220251
7 76.755078 59.97095 20.351549
8 82.573849 70.968878 7.107324
9 82.573849 72.541926 7.676933
10 82.573849 73.022959 11.853495
11 82.573849 75.059026 4.571471
12 82.679977 71.134501 17.520037
13 82.679977 71.41005 15.982972
14 82.679977 76.575818 5.721605
15 82.679977 74.893205 7.026071
16 82.818703 74.086042 13.399183
17 82.818703 74.761104 13.240953
18 82.818703 77.937028 6.893471
19 82.818703 76.663863 13.423033