
0 62.158076 36.799529 20.557379
1 62.158076 37.379526 20.786888
2 62.158076 39.371529 21.681204
3 62.158076 44.940316 16.535634
4 62.1243 41.641796 20.093171
5 62.1243 40.955321 19.99893
6 73.603747 42.002653 22.289457
7 67.601852 51.96972 15.333095
8 67.514526 47.520176 19.216634
9 67.514526 50.752801 17.112049
10 67.514526 53.824489 15.996252
11 74.045952 55.131315 12.168503
12 74.045952 48.180968 18.748237
13 74.045952 50.344059 18.58713
14 74.254536 55.185331 15.366275
15 74.045952 52.153793 17.580005
16 74.045952 50.485394 19.852984
17 74.385005 56.388491 13.79074
18 73.688977 53.992088 15.571344
19 73.688977 56.116819 11.721892