-8.865171308895032354e-01
3.846109141307814117e-01
-7.090117937383193514e-01
5.223308064697971265e-01
9.253763363311284795e-01
9.823125478450711601e-01
-6.161868537333989870e-01
5.350420105681921168e-01
-4.340774640787912197e-01
5.530374146209797726e-01
-5.604507344815621295e-01
8.539430553372300281e-01
-5.420567420651800639e-01
6.960049307979316868e-01
9.183030250844437248e-03
7.473946984965051943e-01
-7.474727208984359716e-01
9.671318741253196460e-01
1.836504448586773197e-01
9.427805826414277224e-01
-3.650705077302398571e-01
-2.606904591817722494e-01
-7.388975736709690878e-01
-2.481344416287347698e-01
5.640320455928211629e-01
6.901461478536516925e-01
-8.395902372278936099e-01
5.205250667434688783e-01
6.644301485350052605e-01
3.888475196358329722e-01
-8.035051585605472724e-01
8.017737666701971744e-01
2.369970807898484910e-01
4.035740411327968236e-01
8.553809014133197941e-01
5.401916111907851814e-01
-4.448135187656110379e-01
8.895773005822715795e-01
6.247794693537445099e-01
-6.876602895559682516e-01
-3.858160648018440497e-01
-3.439929977056790378e-01
-8.838899477063431043e-01
-4.426933669458026355e-01
6.301660378292339715e-02
-5.806872911215372746e-01
1.670774043382883267e-01
4.278300835264041702e-01
-1.603542763548959638e-01
3.007646933735725892e-01
-1.406905364783399559e-01
-6.406718706859912960e-01
2.938697718500971057e-01
-9.337417569489800950e-01
-9.169980157121078168e-01
3.247124629035995635e-01
4.253144479488553120e-01
-9.959433693936163845e-01
4.118848506653352004e-01
5.963674171205668451e-01
7.793751356483931136e-01
7.862939498939047755e-01
8.496841715047247501e-01
-2.323898473278469545e-01
7.151334786220640005e-01
-9.159103792339173822e-01
-3.613327220712381216e-01
6.031574793920073674e-01
9.102731491129196773e-01
5.219721223501541107e-01
-2.493199900326399376e-01
6.313040549986901340e-01
-6.064636210760647739e-01
4.346518737341098504e-01
9.998125072968797600e-01
-1.674758626594861077e-01
3.085817497389951036e-01
-4.709930699973721158e-01
-6.007802230789756059e-01
3.679189443424710770e-01
8.533761710903693398e-01
3.224170141067492779e-01
-4.895833214232687691e-01
-6.996847736740514634e-01
5.592824220656291700e-01
-8.066493169709989530e-01
6.748281007722380931e-01
5.129825892212525051e-01
8.771843646866659405e-01
-6.366289548466008696e-01
7.367023150359865991e-01
-9.728582174317379483e-01
-9.902184974982317645e-01
2.378179776161504222e-01
2.848318085796333055e-01
8.256472195161397298e-01
-6.165873830827957036e-01
-9.282396535564307882e-01
-8.053413535336562123e-01
8.440599556497871969e-01
-1.366716824821567755e-01
9.667759136989830804e-01
8.288132548018021239e-01
9.866178457955747660e-01
3.929175247680332106e-01
-3.131356019963635884e-01
-4.227440863927593995e-01
3.249111913996736156e-01
-2.322892084394847512e-01
3.541417184068964552e-01
8.672856635511718704e-01
4.890916704067587162e-01
2.791350111878321272e-01
-7.091612271881806429e-01
-4.336467321425283572e-01
-3.518313531868761945e-01
-8.372807966465920515e-01
-7.197519544838009153e-01
-2.516532517156222504e-02
-1.222981996782415148e-01
-2.862809609981664671e-01
-8.522548856563878505e-01
-4.023875932719689352e-02
-8.426214108156129257e-01
6.684002734358958087e-01
6.594740677889432412e-01
-2.486424806658598108e-01
4.250465570517936165e-01
3.803297153890077276e-01
3.737527535569229453e-01
-5.170314681178556082e-01
-6.568138011512445473e-01
4.303467857263387764e-02
-6.406235146641561240e-01
-4.946681808984432216e-01
6.549010849702872061e-01
1.322254973895649055e-01
-7.568915700162175408e-01
-7.066580948794836115e-01
9.331175512655363047e-01
-2.111510673167107388e-01
3.390475640633550114e-02
8.417877164778599930e-01
-9.799820130053864542e-01
4.675596707257461127e-01
-4.622145348022121958e-01
-3.543353938125954894e-01
5.127822689269707634e-01
8.722235094241768127e-01
3.494248648615883024e-01
-9.738899728237080389e-01
4.884708649838829242e-01
-4.547909046802836031e-01
9.324523397100819011e-01
-8.391775052013172864e-01
8.187752294089603033e-01
-4.174402703434663131e-01
2.413224036857064547e-02
-8.217566515363006197e-02
9.100573302139773890e-01
-7.227038614380147941e-01
-9.029721115606834658e-01
6.171744093613684701e-01
-5.596934567808664607e-01
-3.537704470721161343e-01
3.498255149431435118e-01
-4.676319016445962262e-01
1.651265819423943793e-01
-7.174231053738968633e-01
3.010945238613655928e-01
2.506357244047585642e-01
-4.521949978729413733e-01
9.942203304387886575e-02
-7.578690787730995027e-01
-4.894515692702166021e-01
8.926814971902823359e-01
8.528680683290448261e-01
8.399066359881088850e-01
-3.145819889102801081e-01
-9.754851128759109979e-01
-3.202860763499895125e-01
-2.406363249244591884e-03
5.830095599902389569e-01
-1.450737025208026498e-01
-9.309767928345491494e-01
-4.249972272439612730e-01
2.656922419929641510e-01
-2.249075519149368318e-01
6.591977319097863663e-02
7.606214867006961811e-01
5.420485368350178579e-01
6.729496536619354874e-01
-7.968920771359275790e-01
-1.946477235025181329e-01
-7.807765535300374982e-01
-9.171013242800170051e-01
-1.285097170066282768e-01
-3.926309437731689833e-02
5.468672930678042388e-01
2.102678896007081910e-01
-3.003205514055611314e-01
-9.964958622862876148e-01
8.572027097440615417e-01
8.634169749935864946e-01
1.721866870674002570e-01
7.478274804840809864e-01
4.474848545064680216e-01
-8.409494126834793359e-01
-4.978526769545204012e-01
-1.785344680083702507e-01
-6.837503346508946311e-01
8.111929158261832473e-01
9.583324478558703508e-01
-3.630490403976560643e-01
6.141649279311083287e-01
6.787934511879756272e-03
-8.209529937156496704e-01
-8.169371615158544930e-01
7.665873831970213548e-01
-6.195874912144017088e-01
-3.798937756814377842e-01
-9.604027373148316116e-02
-3.468921482977451731e-01
-7.572160072407110309e-01
-1.544616322863705538e-01
-5.490850697596487695e-01
-2.276757820100319130e-01
5.053698319462212041e-01
6.167024577541406760e-01
3.225183934862430046e-01
-2.831723735161832955e-01
-8.090477482386433383e-01
-3.999560446948913217e-01
-8.022434774963789206e-01
2.020336551040242679e-01
-5.159524280943939001e-01
-4.476190014070735579e-02
5.293856287594367327e-01
-6.875527764720312796e-02
-3.521726542996694853e-01
-5.872633975136307694e-01
3.279282137730399338e-01
4.471778684475957721e-01
7.619237762643491507e-01
-6.950352206425765011e-01
8.343921146520176801e-01
-3.238973210733231411e-02
-7.699166937896180229e-01
4.862395251398223817e-01
-1.484048621485432040e-01
-5.370890689134886209e-01
-7.428680525636994769e-01
3.174921667300800721e-01
2.104536387303272971e-01
-7.280537056593878731e-01
5.799969021669519886e-01
9.398526519529741829e-01
-1.670469222522230623e-01
9.087571137126970733e-01
-6.339448665947768902e-01
-1.418931035161676846e-01
-9.374919319333343548e-01
-1.530379429933184099e-01
9.869577849179975715e-01
-8.718935085066268353e-01
