
0 84.22339 14.49202 17.84591
1 86.333109 22.783338 17.993527
2 86.333109 30.1367 21.599451
3 86.333109 38.999627 27.867403
4 86.333109 46.573104 30.848408
5 86.333109 64.257515 30.569617
6 86.333109 77.187728 21.276684
7 86.333109 78.853922 20.398479
8 86.333109 76.31437 23.298335
9 86.333109 78.277483 21.212662
10 86.333109 79.266601 19.494701
11 86.333109 71.972109 26.802438
12 86.333109 80.497431 18.107849
13 86.333109 76.815589 22.287902
14 86.333109 80.418756 17.943711
15 86.333109 79.804885 18.540332
16 86.333109 76.290351 23.237457
17 86.333109 77.659277 21.627949
18 87.944813 81.627562 15.870829
19 87.944813 78.304065 21.241794
20 87.944813 72.842481 25.95487
21 87.944813 69.883039 28.38712
22 87.944813 77.15819 22.566123
23 87.944813 72.101385 26.961796
24 87.944813 75.58847 23.305299