-8.515753612102809900e-01
-3.804804495883173932e-01
-4.812386426800188133e-01
4.671555989018960631e-01
-1.295278458005575395e-01
5.786085853519133959e-01
-1.057339063070306118e-01
5.829245143278531938e-01
6.649100278318242907e-02
-6.573370693077844606e-01
-6.114048493159205400e-01
1.458904127899005587e-01
-1.039033727638922766e-01
-6.121289407914567438e-01
1.626851077148574465e-01
-1.953537781315766164e-01
-3.418037433012541815e-01
9.429145720310339041e-01
1.599113514003407399e-01
6.095994871273011650e-01
-1.121023562999741152e-01
4.028244701537442296e-01
-8.910382347445222617e-01
-3.152341773349016663e-01
2.356218541792525212e-01
8.613418928263356644e-01
9.158568837654432748e-01
8.793870166008888045e-01
6.397544830807493366e-01
-1.801004566064157153e-02
3.896645566650842607e-01
4.594946413474056968e-01
4.286515311759144797e-01
8.282348481600898538e-02
8.452263765662859640e-01
6.072016271116027486e-01
-2.233117851745773930e-01
3.623357581486430501e-01
-4.812391509263915790e-01
2.703870610412353326e-01
-2.922232968940643438e-01
5.170249245605402777e-01
4.362169450295849682e-01
8.689041802427897032e-01
8.527443007131489949e-01
-8.315565279078247496e-01
2.373474855585138155e-01
-2.060614650168597350e-01
4.141897879895415358e-01
-4.994515291476093743e-01
5.829684213219916700e-01
5.206564721898985226e-01
-1.148691140520077258e-01
7.452744014702628039e-01
-5.536957139505263026e-01
8.598163477692404300e-01
2.864327685659691092e-01
-4.148942094990630824e-01
8.188080055175042116e-01
-6.819924359084272858e-02
-3.930287849064573180e-02
4.436406375849728523e-01
6.111724929456023858e-01
7.402222847271611172e-02
7.340540032802698178e-01
5.379529373915548085e-01
-2.404111239102053599e-01
8.767582977627701446e-01
-7.281955118902880830e-01
-9.120146292093478380e-02
8.833710073868810131e-01
-9.144844638398585968e-01
-3.169834579512675887e-01
-8.575581043846840501e-01
-9.253214353271610459e-01
1.914594396811779564e-01
-8.958224442415765321e-01
5.370695995111343102e-01
2.298453183118829291e-01
6.272125709862133025e-01
-3.779667696891924056e-01
7.787987355198373596e-01
-8.877875767842107191e-01
4.741631377642518963e-02
6.035096686591305826e-01
2.367246103496167819e-02
-7.259423999238978631e-02
9.675847901814695895e-01
-2.488098916035106356e-01
3.759482896056729473e-01
7.529279227042549039e-01
3.022961439062776812e-01
-6.530691928092646759e-01
3.594751382568948106e-01
-7.932745947087334049e-01
-9.932104635245959656e-01
3.286226704479506822e-01
-9.094957643281058601e-01
1.355091857116750287e-01
1.037455288622464167e-01
2.334532182236921383e-01
2.319788597505700878e-02
7.303984553209423858e-01
-4.823160628073019929e-01
-3.858313988486259394e-01
8.850895090871064852e-01
6.059082273608187297e-01
-7.910295898125299097e-01
-9.857056155185623947e-01
9.716978407262044648e-01
1.856589201276217516e-01
-9.328539078633650838e-01
2.546396704484799045e-02
-7.445668253031469952e-01
-6.973995682437825749e-01
8.297892010737288881e-01
7.783746908245010587e-01
4.742646070121270263e-01
-6.163120928883254468e-01
-6.578523221503833618e-01
-4.463499432803015310e-01
-1.746033453193929219e-02
-1.725589496573867176e-01
-1.781034790912192634e-01
-7.047495121678422070e-01
5.607206223920577770e-01
-5.355773350199741767e-01
-6.742929576232377098e-01
-2.473812980383507387e-01
8.022112443483995214e-01
1.547513854314330750e-02
6.435506207490560016e-03
-9.379661813662152348e-01
-8.122870366457493052e-01
-5.715088294891645937e-01
-9.790358725467429579e-02
6.347988053445288159e-01
4.599230064277310959e-01
9.624813402395886452e-01
-9.706717024364730495e-01
7.906707502767804652e-01
-1.835012712246648636e-01
9.667640469933906910e-01
-7.712164484813930354e-01
7.231726406808840490e-01
-9.088470911407076080e-02
-5.633604749143541479e-01
-1.536338477242216172e-03
5.221934424213432457e-01
5.777038638762550526e-01
2.345682991590289923e-01
-1.317558385071628813e-01
9.969097343828803304e-01
5.148925866999516376e-01
-4.893966628207675473e-01
8.313191043041778805e-01
-4.176470582251123886e-01
6.231436689612999125e-01
6.941667703972085324e-01
-8.800461249348519033e-01
2.256093884970085117e-01
8.507808629279476342e-01
-4.659207285274937771e-01
1.961777485293176859e-01
2.436076160681712732e-01
-3.989096177952089484e-01
-5.246059747648081917e-01
-2.327562729282264264e-01
9.195015785252087515e-01
-6.195540441280962263e-01
-2.038173964396166049e-01
1.174394965387377532e-01
9.909511542563180786e-01
1.997339984293826642e-01
5.965597525211825403e-01
5.790640257352697162e-01
-3.809299233623300029e-01
-8.992639006307006078e-01
-9.867947403269685669e-01
3.552327432064417145e-02
6.924203515678677423e-01
-1.218735753012976097e-01
-8.692166051197203203e-02
-8.242661287223687072e-01
-2.390926959652486250e-01
4.171373795738260171e-01
3.170759290138731590e-01
-3.371078126399735808e-01
-8.707298672438064102e-01
-8.725499750493999063e-01
1.384389051052523634e-01
-1.835135492487902642e-01
-2.204480391974685816e-01
-5.566928524433043535e-01
-6.927155756805967179e-01
6.951676496306649078e-01
4.197651242061137822e-01
8.913594478956408107e-01
-7.577248394265452269e-01
7.606917638178625207e-01
4.654729676469304689e-01
-5.153816505779422741e-01
8.349919791739495167e-01
3.808443430167616217e-01
4.819061283791727934e-01
4.269490401346405228e-01
3.778952645769744212e-01
6.427525038423345105e-01
7.737417188625639319e-02
-3.657028114180786993e-01
1.179001061612019452e-01
-2.550458878729111589e-01
3.858548455738917138e-01
-4.406733158330611300e-01
-6.378039669238786402e-01
-6.181398714687769136e-02
-5.013440366326806785e-01
2.314950567596296693e-02
3.066221330304452763e-02
8.662598414489441900e-02
-9.055371718586258112e-01
-2.655581460819467221e-01
6.286696081368061684e-01
8.572192591901957037e-01
-4.302415461935422680e-01
-8.059056291867225941e-01
9.614297286761184225e-01
7.687733292249336881e-01
8.892548661695998113e-01
6.348365759601672931e-01
2.507081535521453741e-01
2.735632233516065437e-01
3.598638090479642226e-01
7.513242130269111030e-01
-4.185564488407849115e-01
-9.160545126616326250e-02
3.327311051524028951e-01
8.725595760204638562e-01
8.077737418419641546e-01
6.400906416928535680e-01
-4.318140264195478029e-01
5.173242065771632703e-01
6.283361807825864620e-01
6.238552154742964539e-01
4.556648645270642284e-01
9.641129753486898935e-02
-3.024440088181512554e-01
-2.052858814605598159e-01
6.272270101377919183e-02
-7.125895406911006980e-01
-4.985856578072171974e-01
-5.847110078682795642e-01
-6.646380876448281239e-01
1.470534256846707244e-01
3.028534947200296479e-01
5.686890547107092964e-01
-5.172346688801621184e-01
-1.891858809598578883e-01
-3.360607930451575687e-01
-9.383629687290571120e-01
-8.007972678587778059e-01
-9.238719629857610194e-01
5.692788857693455995e-01
3.654670824248356098e-01
9.088208174041247922e-01
