
0 93.812828 28.913845 39.551085
1 93.812828 47.972428 41.820595
2 94.042788 71.876308 34.191413
3 94.171026 86.822711 17.336979
4 94.171026 87.779289 18.144652
5 94.149651 85.070095 23.997035
6 94.254725 88.861705 18.326784
7 94.254725 90.117872 14.706888
8 94.254725 89.813915 16.336343
9 94.254725 88.463154 18.572553
10 94.301885 91.819949 8.674175
11 94.301885 88.774607 18.504025
12 94.301885 92.5114 6.486115
13 94.301885 91.877206 7.85226
14 94.301885 91.135042 12.391229
15 94.301885 93.213606 1.569771
16 94.261503 93.142908 1.651274
17 94.261503 92.744289 7.363253
18 94.261503 92.655226 6.923058
19 94.423266 93.211835 1.422543
20 94.283754 91.380921 9.791464
21 94.375993 91.558134 10.537821
22 94.375993 90.626643 11.672168
23 94.283754 91.711308 5.944458
24 94.363266 91.646038 9.804083