-5.449257826818509898e-01
5.207793621669378759e-01
-1.661889550431184803e-01
-9.526122898030704444e-01
-5.751086794554055581e-01
9.753574646232021639e-01
1.136925669298155972e+00
1.945482491096877098e-01
-2.821014272017123847e-01
-9.270636997394554601e-02
7.387150580476387063e-01
-4.276734572655046529e-01
-1.390487992987275712e-02
-9.398091640732562924e-02
-1.357829499227967140e+00
-5.290487991635490772e-01
1.152574355020704822e+00
5.944827417792948321e-01
4.959589563247398525e-01
-5.857934378378384377e-01
-1.767242678710075898e-01
-1.272421015815982104e-01
5.831420081839678859e-01
4.430307198259462176e-01
5.953559508059860228e-01
-1.143948716186072301e-01
-1.694960535211343045e+00
-4.398842236561306684e-01
-3.756856961270760298e-01
-4.779186308686420581e-01
8.571541930496400230e-01
1.583648363732931275e+00
3.800339293684877884e-01
-1.069520333953900837e-01
-1.010751256652963725e+00
-1.580932682616996487e+00
-1.757517322005063831e-01
6.347442203888009615e-01
-1.048930048132340254e+00
2.008478598976887880e-02
4.942649549654901664e-01
-5.666169353731895786e-01
8.763236337963075107e-01
7.833401148960317251e-01
-4.451308950369756157e-01
-6.287555279351899618e-01
-4.415334433732611141e-01
4.741764970960451464e-01
-7.714849735816443621e-01
-9.173918827625371364e-02
-1.280254175818668960e+00
-2.235338624595600010e-01
-6.178855679306325399e-01
4.951522019875882474e-01
-4.588157605666468575e-01
5.030352808812716958e-01
8.659433699615791680e-01
-9.994934552636174363e-01
5.643842761212705117e-01
9.140387799016889137e-01
-4.271176873383286110e-01
9.997879132081668452e-01
-7.171308982622465189e-01
-1.159329350686636895e+00
-4.573926938511307383e-01
7.823684849524172868e-01
4.683034265522282857e-01
2.589053920486685256e-01
-9.759363703137683421e-01
1.396773085410729420e+00
-2.942362295378461168e-01
6.145711869092309598e-01
-3.799028158339111672e-01
-9.232817259615755390e-01
5.880736145958117556e-01
-1.311160433019176619e+00
-6.209127278009892725e-01
4.256821325956974267e-01
1.286959284390805758e+00
-1.121108166091423941e+00
3.682014746721764542e-01
-1.634707083076783141e+00
8.328319132185135754e-01
-7.600127098413607118e-01
-5.486844769656236132e-01
-1.113733720294897145e-01
1.388233431986836131e-01
-9.055080465070342033e-02
-4.002449256170932945e-01
3.466235549027426588e-01
-4.138504367941746587e-01
9.661752521975780494e-02
2.738977648619059790e-01
2.373113612228089919e-01
-3.788753869383405526e-01
9.581883489784526198e-01
-1.517223440211405094e+00
-3.539466021830431353e-01
-6.136372260712506105e-02
-4.964360670875905823e-02
1.312238284518778109e+00
4.809414652333402485e-01
4.209717110904513393e-01
-4.475875349058522357e-02
2.338122542745490751e-01
2.360353022685733881e-01
3.947624079578659906e-01
7.675190473928716894e-01
1.195163515991608250e-02
5.938974065712030459e-01
2.689594782110824034e-01
2.727142762203521587e-02
-9.577528851336555293e-01
1.868199899643820105e-02
-3.351588561312235925e-01
-4.215142202604956201e-01
6.068286132009016454e-01
1.181388685378176984e+00
-7.706025839057446536e-01
-1.209644907165645655e-01
-4.186626041663787379e-01
1.254745172672501408e+00
8.698340913905486804e-01
-5.928265887855335148e-01
-5.092071983975755556e-01
4.869517100226069539e-01
-6.639205709317462789e-01
8.074442238619436996e-01
1.379720480657856019e+00
6.535400809933811228e-01
-4.406379149901868963e-01
-5.576198342926591556e-01
6.624638495829396900e-01
1.897915695170157846e-01
-7.144365707394182419e-01
-6.077766326424113297e-01
1.168975333836358432e-01
4.875691304525009429e-01
2.123914452157041610e-01
1.098330764948950433e-01
-2.740233325949709697e-01
1.325332959339525107e+00
1.466904682159241857e-01
1.871302051726675408e-01
1.087371220421368800e+00
-8.963245247502543700e-02
7.016722996434043846e-01
-7.985168347929713639e-02
1.032603689465042107e+00
6.867791765083802735e-01
-1.950103218719329567e-01
5.168867989506099186e-02
-9.748646062068903884e-02
6.305283503663290379e-01
-5.225897340161178573e-01
-1.810515772163742154e-01
9.902952558499424907e-01
7.198019056558740969e-02
-7.543316494146745654e-01
3.808968520778232003e-01
-1.246687706293782283e-01
3.305692247424816266e-01
1.462561450167073063e-01
-1.724646614528033250e+00
-1.416114748237087828e-01
-3.237600986766966948e-02
-5.516606537076198524e-01
-6.421493138301745951e-01
-3.445368700346717605e-01
7.027166672174572914e-01
4.758768633042787521e-01
3.698897236730804838e-01
-6.224548412386795571e-01
-2.246300207087457701e-01
2.898118077347077715e-01
5.476235088002254781e-01
5.755471253277505417e-01
1.113775257603040331e-01
2.688103561954730547e-01
1.541888706569865652e+00
-5.402327144683927163e-01
-8.443139560484834716e-01
-1.006634852148675097e-01
7.090447542036196205e-02
-2.246765485319399125e-01
-4.687919157602149500e-01
4.782564123778481058e-01
7.404378863857641324e-02
-6.650776651236784964e-01
2.138902336633732582e-01
9.661814624709127441e-01
-1.003263977824817577e+00
-7.262817116270568751e-02
4.926129779864065750e-01
6.975415453772959573e-01
-7.518001495146188207e-01
-2.590625359140844020e-01
3.581494924939677971e-02
-1.130495994578659680e+00
-4.015315152699198142e-01
-7.480859849840830744e-01
4.759875991111871540e-01
1.076653727675453309e+00
7.761048758996402785e-02
4.693842945910199627e-02
4.171834200212432009e-01
4.997109576586168389e-01
-4.684750172734576390e-01
3.589027943688234412e-01
2.150961515274613656e-01
-1.075714263094261991e+00
6.675046105067607982e-01
-4.538626983048561492e-01
-2.047539222515300239e-01
3.073952198321028284e-01
-6.435734036505358358e-01
-8.927204272157857057e-02
5.656102152557760387e-01
2.310891244525033472e-01
-2.961719340817757229e-01
2.379230996419385014e-01
-6.032139136297780535e-01
5.469212796033083857e-01
3.135107732854742202e-01
-8.568065324390328197e-01
-5.952175930660352776e-01
-3.161109674492216803e-01
7.085808721216302342e-01
1.110029564367003840e-01
2.360302984693975481e-01
1.046419188818474399e+00
1.088649570634358854e+00
-8.941280785503553652e-01
6.525337429345927642e-01
-3.545049071767564230e-01
-3.771027925944783199e-01
-1.152649321199492594e+00
-1.173215134786295799e+00
-7.147676260001125659e-01
2.113836108444308026e-01
-4.955299062652394060e-01
-6.029618848247431107e-01
1.509485840900872455e+00
9.620505950785291915e-01
-6.999760739781037966e-01
-2.054825103635413708e-01
4.294078427449172786e-01
-3.372208836945562727e-01
8.724801772054038285e-01
3.083756131448608939e-01
-2.374613695360116017e-01
1.583524184502717869e-01
-6.599395768120568384e-01
2.044101575566748263e-01
4.114591502979762783e-03
-4.295669584176948774e-01
-1.098408128230561331e+00
-3.816235483585007637e-01
-4.574180675367561788e-01
-1.540379815401723640e+00
8.623604539569140748e-01
-1.021938358853227702e-02
1.164663779035509439e+00
6.211720428268888705e-01
9.046214266451193531e-01
