
0 62.043947 17.156283 20.733764
1 62.273309 30.531868 18.726348
2 62.319384 44.537641 16.986615
3 62.273309 48.304209 20.830844
4 70.921133 54.109063 15.535877
5 70.921133 56.518684 16.528854
6 76.010692 57.798878 13.984683
7 76.010692 60.28424 11.054831
8 76.010692 56.901503 16.331866
9 76.010692 62.367328 11.293961
10 76.010692 63.382668 11.994645
11 82.683412 67.824913 8.800474
12 82.683412 68.796972 10.293026
13 82.683412 71.738584 8.037591
14 82.683412 70.955609 8.863654
15 82.683412 68.476623 18.133509
16 83.213676 72.174588 9.313582
17 83.213676 73.298698 12.596278
18 83.213676 76.758964 8.613076
19 83.213676 76.426628 8.622939