-4.343894537644832354e-03
-8.207039678878598199e-01
-4.079439146766206115e-02
-5.956779581863389517e-01
7.379016888517431205e-02
6.449626564588799571e-01
6.625945962304304881e-01
1.622924577423701109e-02
8.588186035246523353e-01
-9.241028784476024160e-01
4.065622706693228228e-01
1.106496089437842834e-01
-2.037591484530050234e-01
-5.067159990968659322e-01
-1.183181449277985742e-01
1.863839401000966234e-01
2.633653144009706626e-01
1.208948265372959963e-01
-7.681753346956385897e-01
-3.963753857633254274e-01
-9.352791497057550973e-01
8.271731018792249923e-01
-9.008688062583432021e-01
3.323641519139823863e-01
-6.406030556545694310e-01
4.404985411980544274e-01
8.108321464538681411e-02
9.967450316480037653e-01
2.632872903013649957e-01
2.259253923259878505e-01
2.535223684506537900e-01
4.283347099021383997e-01
5.229617946655458205e-01
6.374345339956548617e-01
-8.066063049727461021e-01
8.583887610549481018e-01
-4.699580974408781309e-01
-8.053365109750316719e-01
3.838806157205123526e-01
2.941507830001437451e-01
-4.985008647589743713e-01
7.202328684829615302e-01
-1.018021825364368027e-01
8.077964266965860229e-01
-6.962121201146254101e-02
1.447655862801893178e-01
7.240405815839430215e-01
4.032623469754539336e-01
2.119669010497309269e-01
-3.043245770400568873e-01
-1.181167902738700093e-01
-4.224165502162555708e-01
4.978822243328793196e-01
-4.764988065397519623e-01
-8.483106635521993066e-01
9.932193137137474981e-01
3.139181459809561314e-01
-9.075299468053839025e-01
-9.980959155334661048e-01
7.406363512350067069e-02
5.461441743194355158e-01
-6.442933181936321141e-01
4.366492021778776156e-01
-2.970240368179133394e-01
-1.538059097761159677e-01
2.305368045464772919e-01
5.179643988822846268e-02
1.953435013582403013e-01
-2.569233662545509222e-01
-6.024840869044232328e-01
5.630990006602254461e-02
1.181438414675755055e-01
5.115961518782539130e-01
-8.446323029954312389e-01
7.359703974330122911e-01
-4.038168885586519430e-01
-2.547654323375370122e-01
-9.616901392072869648e-01
-6.603706472377446346e-02
6.116582469705333924e-01
-3.325462905579956718e-01
6.400003521867514422e-01
8.492659456982201149e-01
-7.110757261725479950e-01
-3.805834580882669904e-01
8.125176845829173988e-01
-5.182930249425437008e-01
6.805715803750667092e-02
5.862695141006923905e-01
-3.273453320398429511e-01
2.552583875654144130e-01
7.860042595129796972e-01
7.637578198250358774e-01
9.845414376328411876e-01
8.174850690709563050e-01
-7.419997696621738470e-01
-4.833825887681215683e-01
3.958439159770774651e-01
-7.937299180518420094e-01
8.485617123546094209e-01
-8.169561635545408151e-01
-9.436491997059566206e-01
-9.618192059408861017e-01
1.044120633782781304e-01
4.739852941397602049e-01
2.357195273058660945e-01
-8.801402450208617445e-01
6.923034333449258337e-01
-3.787614499198581619e-01
-5.182671639051485979e-01
3.380198165705625701e-01
7.808008835009287996e-01
8.320525670409697483e-01
-8.354895624365363815e-01
-5.120420095451936326e-01
7.085088227828630902e-01
1.274715074598351539e-01
-9.269231788681351336e-01
7.204838716229953199e-01
7.410847404147244966e-01
8.847984126346388756e-01
-9.547309683276461456e-01
3.631768807689619294e-01
6.839073018248857938e-01
-5.611110050851753073e-01
8.185274337083974228e-01
2.065668267530882396e-01
-8.119363211499961430e-01
1.654187250353977845e-02
3.013401617061393090e-01
4.311305405191629969e-01
8.537736706518392893e-01
-9.688738683091591142e-02
-2.158649300673505245e-01
-5.141969361898992563e-01
2.297945418549554031e-01
8.642575666425216241e-01
2.705547838348498768e-01
4.016325124126274293e-01
-6.421864012138251976e-01
4.661678989537167972e-01
6.914112063328823332e-01
-5.540343085505692322e-01
-9.925996592516348471e-01
-7.987079152510667690e-01
5.933503953686483090e-01
-2.957848965764373617e-01
8.510186986157584066e-01
-4.529107545735349127e-01
-2.286128173442685263e-01
9.240319835924002412e-01
8.673317904938386835e-01
-7.498408641228855309e-01
-3.303665812954790226e-01
8.449098174396314498e-01
4.733658211296489782e-01
-6.353051468453325690e-01
2.904654065017426845e-01
-3.371466112830672213e-01
2.193324114479020537e-01
9.504169129914301628e-01
-9.145849058236388274e-02
-9.577987108488041912e-01
9.403631045395330901e-01
-3.343384645683604717e-01
1.050598829145881208e-01
-9.393904621213877704e-02
-3.993046754696560896e-01
7.587890853598238117e-01
1.781434929275822476e-01
4.751869491361346842e-01
-2.811388517357988892e-01
-8.224061399547255569e-02
2.105386012003043206e-01
7.623036502174949103e-01
-4.618643574661576157e-01
-1.145997816002453096e-01
-7.924666085560805318e-01
-5.917173311296235472e-01
2.290062965111361315e-02
-3.657153682367249026e-01
1.272759542147228196e-02
7.246900075797366725e-01
3.935988367296601176e-01
8.092603579297976690e-01
4.149088471673390011e-02
-9.319132698782497393e-01
5.465352448328475443e-01
3.652848443050487059e-01
2.167717703718603506e-01
-3.220575006603021428e-01
2.167819207932033532e-01
9.336042963539856743e-01
-9.248978292205578544e-01
-5.851725436251646872e-01
-7.428197834918444098e-01
-5.262829852001924547e-01
-1.283894378991026208e-01
5.146731337807421980e-01
-5.755977532545752950e-03
6.974389495532677952e-01
4.399565853635580837e-01
2.657792695799223726e-01
9.818489797238689754e-01
-5.262311252154616703e-01
-9.120715044868472621e-01
8.477644469148410966e-01
-3.724140574627972100e-01
5.147120630700032784e-01
6.739840577158482393e-01
4.410439742352123549e-01
-3.398989017995515116e-01
7.422757633893977136e-01
4.223984086040548647e-01
5.553007273529286802e-01
-9.184934999477918360e-01
-8.439119927532454657e-01
4.028417760865761199e-01
4.485997760770465970e-01
-6.183407815271035890e-01
1.496874580106584141e-01
-5.900961413150904722e-01
9.742736518370966881e-01
-8.956622420781767957e-02
5.934768608588736338e-01
5.855165595646871779e-02
-7.148487560119711759e-01
-8.357697777134742712e-01
-7.114968670394699046e-01
8.940185380641330060e-01
-5.593932308640834350e-01
-3.651225668776121314e-01
-5.641655146250208475e-01
-4.410621665772440636e-02
-6.114932487168978081e-01
4.571474704366187414e-01
-9.707626563226459115e-01
-4.714964069109539579e-03
5.336575568872723441e-01
-7.264497976543127233e-01
-9.857940647436107540e-01
-9.458598693372040067e-01
6.979207222590779747e-01
7.571044999149401100e-01
-1.769163772692470271e-01
-9.359009385178647111e-01
4.362554116161478923e-01
4.037046745759182986e-01
1.875737832456714216e-01
6.013383568721295536e-01
2.757708292363036939e-02
3.551616378647570738e-01
-2.399991496488929066e-01
-2.366202422151426621e-01
-8.623831361677991580e-01
4.720901873415519479e-01
1.800597355996775839e-01
6.505060004998142187e-01
8.593506792674829864e-01
-8.369156782749491708e-01
8.087111160334046200e-01
-9.239786571700703277e-01
-6.492998168329104924e-01
1.076527958640078886e-01
-9.382191301878370915e-01
