
0 30.610928 6.965158 12.527869
1 86.333109 17.432703 15.574535
2 86.333109 25.837848 17.807651
3 86.333109 30.842616 22.934513
4 86.818748 43.292621 29.02028
5 86.818748 49.303407 32.962272
6 86.818748 64.497291 30.375498
7 86.818748 66.803182 30.550331
8 86.818748 69.616411 27.301666
9 87.354949 75.171281 23.133203
10 87.354949 65.523725 32.133284
11 87.354949 66.626064 30.703751
12 87.354949 74.843021 24.414203
13 87.354949 66.475438 31.601337
14 87.354949 75.298137 25.057234
15 87.354949 74.710639 27.166783
16 87.354949 72.696852 27.18763
17 87.354949 72.619607 27.709624
18 87.354949 76.69194 24.821132
19 88.185883 71.021677 28.499889
20 88.185883 75.336304 25.450918
21 88.185883 75.340942 25.493837
22 88.185883 75.567174 25.112019
23 88.185883 67.738714 29.930228
24 88.185883 76.085255 23.305725