-8.871827465810351310e-01
2.873624151309683850e-01
5.447779467255340347e-01
8.190208164980383732e-01
-3.973625580400743651e-01
-8.190690787185721522e-01
-2.257662921317105109e-02
1.875501364832543594e-02
5.344610747203173418e-01
1.614444497237346177e-01
9.498153075272146584e-01
-8.353145767355263374e-01
-1.093444477568743523e-01
-9.426523853053914159e-01
6.808214237257523838e-01
1.851933768250428880e-01
7.782352691352929508e-01
-4.241288329358083864e-02
-5.575183615359591283e-01
-6.543375993394917600e-02
-4.951417784944256439e-02
-5.292859513368859403e-01
1.166326135068069814e-01
2.790883215156396702e-01
3.047775740247349319e-01
9.536547262393502145e-02
-1.799204151028344079e-01
9.045567786088017925e-01
-8.484042535846265665e-01
1.091345283414857370e-02
-6.319725113230638680e-01
-3.533199189185740607e-01
4.195377185828184086e-01
-4.069675110217414460e-01
-4.693658347263367503e-01
-8.221326378226736509e-01
4.858659764253787650e-01
-5.517680264994506700e-01
-7.137509106935098213e-01
-7.072085033596524628e-01
-8.829261434350366144e-02
-5.648195294015392331e-01
-9.778557527844304875e-01
5.058595753055608046e-01
8.024083998234339266e-01
-3.618395445532160970e-01
2.386869858209577089e-01
-9.843464196153710599e-01
7.459553352545709171e-01
-1.820975719573720841e-01
8.554425215142706929e-01
1.921058563459323576e-01
4.477988968033430606e-01
-4.838986252616317429e-01
9.017014851083948734e-01
9.069125375878748230e-01
-2.440673611289112532e-01
8.532693171392957687e-02
-4.244508784491827225e-01
-3.112480145031615297e-01
-3.304188231009985710e-01
2.270345080025433226e-01
4.127296150070869363e-01
-2.565762391195038905e-01
3.407738581700556768e-01
3.753652700903455930e-01
-2.810109480315348129e-01
1.757415639727537560e-01
4.720964791602508814e-01
-1.253486439911706274e-01
-4.081777225128211395e-01
-6.485475693849496182e-01
-1.380461310072056413e-01
-9.918948762978747613e-01
2.436196527482983321e-01
3.053099304017603544e-02
2.258963352093439347e-01
7.390196006804505835e-02
-8.522404061787491880e-01
-6.375515235920246049e-01
4.359905218524715576e-01
-4.947720730753317753e-01
-4.175335772776600507e-01
5.612171685718343461e-01
-7.650617038458888963e-01
-8.280902756473171866e-01
6.628084508458471635e-01
2.264478323021492656e-01
5.688645299048289417e-02
-1.084119305931017241e-01
5.951885078626657499e-01
3.147115504241573269e-01
5.032808102304271447e-01
9.255702126623721604e-02
8.688137405762410559e-01
-9.442494427204495278e-01
5.964822216276037814e-01
8.142015394089618940e-01
2.326121079313121509e-01
6.358441116661506243e-03
-9.222551126609535022e-01
4.639161294618581177e-01
5.527083042851699268e-02
1.642306330051257479e-01
8.104234915707668740e-01
-7.599141812252485639e-01
7.934090665736541759e-01
-5.159897200044980536e-01
4.805026590680125942e-01
7.529226778634106054e-01
3.988363711188966931e-01
-6.914116152688725148e-01
-3.198535022549719997e-01
8.023643624113783179e-01
2.709008793109017876e-01
9.680047113912984003e-01
-9.940978782275078363e-01
9.147273537958591216e-01
5.128758292764390436e-01
-7.742889019197591871e-01
6.324492574067954731e-01
-6.961576518032248639e-01
-5.874123645571394103e-01
5.557211534975103895e-01
-4.503514940363837482e-01
-9.256618114623504923e-02
-8.197180770338476918e-01
4.429657543048204360e-02
-3.845190143030488006e-01
-5.485681824949870666e-01
5.673857678720308773e-01
-8.688288508559500745e-01
-1.746721178333521252e-01
3.802716310743385897e-01
4.933363771810619358e-01
-3.538119364336618222e-01
3.457138531102410539e-02
-6.315525840915034994e-01
8.232889806447691861e-01
-6.266834894456823069e-01
-9.462188124603612138e-01
3.871031672615465880e-01
-9.903571411718352646e-01
8.430142478598110500e-01
-3.544667938640948535e-01
6.838525135358979323e-01
-8.848695731891176308e-02
-8.198486709142176476e-01
-2.149155114868637195e-01
5.686194162442710365e-01
-3.272854212753730785e-01
6.778751483062668282e-01
1.013380580365128569e-01
4.512068014579433406e-01
-3.907863721371780397e-01
5.720036033223834249e-01
5.470385082327913207e-01
1.421686815094322931e-01
9.921217801037316431e-01
-9.119152607893699081e-01
-9.395217354188303283e-01
-5.291165885020572279e-01
-6.647276937098738347e-01
4.341394758269749854e-01
4.730424068937832960e-01
5.586305108611648862e-01
4.942195358421286322e-02
-2.748188380307776679e-01
-8.659586735644213551e-01
-5.474586912834520369e-01
-2.192723696485852081e-01
5.984212719164792027e-01
-5.391170159704117282e-02
-9.693889777244002470e-01
-6.859432014250299581e-02
-3.230021028211149670e-02
-6.758829140703013216e-01
5.401557717563458816e-01
-2.278535298167592149e-01
-7.571250632170449801e-01
-2.416268446042479923e-01
5.086705194074370162e-02
6.715810641158730387e-01
7.003982752235378140e-01
9.466724811719322563e-01
-5.623696179114485716e-01
5.732195880679480382e-01
-4.397874877103855606e-01
-9.203114320562071349e-01
1.125101914320090213e-01
-3.057446705761832639e-01
5.585177702337040806e-02
7.708516051942917446e-01
3.153376598624968441e-01
6.248011231118553166e-01
4.196967968272484750e-01
4.570292876954447081e-01
-9.638234415407693767e-01
6.931895642125875945e-01
-3.531261523113087275e-01
8.810804358826651583e-01
-3.824335447641427077e-01
-6.592193921817419699e-01
5.345673103889478917e-01
5.755640637602923437e-01
5.036656200524662896e-01
-7.603926164175911495e-02
-2.328488826294763392e-01
-4.553206931913871269e-01
-6.022012329561992061e-01
3.678035363390239620e-01
1.288746528139952385e-01
-3.064412671292566781e-01
-2.522496564661487195e-01
-6.839114926962559515e-01
9.849752139151999319e-01
-1.717109338573445942e-01
-2.853524163050074058e-01
6.095726031139945267e-01
3.408969839265971746e-01
7.882126521929901930e-01
-9.343422017183475869e-01
-3.999371133032059156e-01
9.624374829552617694e-01
-1.868275833945547415e-01
-1.498094628943069662e-01
-5.337444995856777119e-01
2.409517365880600170e-01
-1.743083136825840374e-01
5.593866274828338536e-01
-7.171831445492531376e-01
4.606243992820389099e-01
-6.485040553862277957e-01
8.091852369781107335e-01
-1.743553255096805810e-01
-4.947002019540713835e-01
6.680502981600691115e-01
-7.924298983549245001e-01
-9.285058808312394163e-01
-4.571268817868978651e-02
-5.499211896804030442e-01
9.046061836357388586e-02
-4.168849399986565007e-01
9.015906057903340098e-01
3.454523026247340312e-01
5.135999347764861334e-01
9.225939056892602519e-01
4.864048314638469428e-02
7.288434264324905598e-01
-7.526641234249442647e-01
-6.447257666924945951e-01
-8.538558043754844729e-01
3.624631911587217203e-02
-8.320641808551543228e-02
8.568287682128941096e-01
7.815692237058389225e-01
-3.270123745438966445e-01
9.910819668760817436e-01
9.890529989236720443e-01
4.444078592009927942e-01
5.977417312711790220e-01
6.099962881848288720e-01
3.436150114604852313e-01
-7.913375669234068432e-02
9.787614124702472829e-01
