
0 73.754353 22.518039 24.620059
1 74.466215 36.863811 23.935553
2 74.466215 48.230858 22.2809
3 78.253536 59.784614 19.500669
4 82.228287 64.493892 17.234668
5 82.228287 67.428734 12.53863
6 82.228287 72.729441 8.500349
7 82.228287 69.293154 19.162414
8 82.228287 69.783566 12.190128
9 82.228287 66.618359 22.807153
10 82.441921 71.050935 14.183245
11 82.441921 71.946918 13.358707
12 82.464631 70.515814 17.51336
13 82.464631 75.034772 14.77735
14 82.496041 71.874788 15.303693
15 83.26205 72.150705 18.797306
16 83.26205 70.692148 15.024532
17 82.796385 72.755702 14.552793
18 82.796385 76.280488 12.014274
19 83.253274 73.803907 12.871208