
0 69.543104 33.269835 17.726513
1 69.543104 39.311717 16.739854
2 66.062502 39.90572 17.511688
3 66.062502 39.920907 19.494101
4 66.062502 39.050256 20.484188
5 66.062502 49.269853 15.207846
6 72.543472 47.449258 20.773079
7 62.547888 49.502155 18.073363
8 67.830001 51.360202 18.869846
9 62.36154 51.143625 15.932362
10 62.36154 53.875297 13.987863
11 62.36154 54.748153 13.091554
12 62.36433 52.55477 15.668292
13 62.761785 53.795283 13.527242
14 62.716223 54.754934 13.003813
15 71.766158 56.041425 10.557502
16 76.475397 55.290548 16.405576
17 76.475397 58.097365 13.965242
18 76.475397 56.757819 12.203288
19 79.530494 56.375827 13.602092