-1.049282313466515237e-01
9.916165573749431417e-01
6.140524644765406048e-01
-6.492809218936568261e-01
5.684933531959710518e-01
3.025371155780745003e-01
-8.557097063795657821e-01
9.359311397228786689e-03
-4.061157378507360693e-01
-8.766515744974572311e-01
6.961347464010745334e-01
6.884491160387242736e-01
1.358492257973356043e-01
-4.608682374505101986e-01
7.589711535170036161e-01
4.650032838143571823e-01
-6.775331113925737725e-01
6.087931950449962937e-01
-3.870252048298752356e-01
8.204216925832266138e-01
-8.592377110563220732e-02
-5.025907289192099725e-01
-9.977099222274892210e-01
3.298696781356695862e-01
2.432703669893678811e-01
-3.612089665615498824e-01
-2.486478558800355732e-01
-2.585946860574186434e-01
4.335528103701080660e-02
8.114212447560427144e-01
4.085907737307210574e-01
