6.440854908326798522e-02
8.645255570548049384e-02
-8.449853156719684399e-01
-5.956845997166220208e-01
-3.901171131659764146e-01
-4.596592250823277048e-01
1.609561878297089965e-01
-9.146542584710060098e-02
5.990688911158992269e-01
-2.393623093919727829e-01
-2.609280130376865348e-01
7.177765995689397993e-01
3.229853996427163310e-01
2.087974324484094257e-01
2.546105772280553570e-01
-2.504280351699201823e-01
-9.856430510108979970e-01
-5.978342915145105074e-01
1.878798267398540389e-01
1.813124280090294693e-01
5.183074654746482324e-01
7.137617060898782118e-01
4.313135604195355022e-01
9.531335281789199421e-01
2.768147040828397021e-01
-2.328999336025017186e-02
9.289876551066342802e-01
9.321883914319673003e-01
5.969847356996866861e-01
-3.803921032819805870e-01
9.946580240802447292e-01
5.259277074796058216e-01
8.698216839508781106e-01
-9.011301167482210772e-01
-1.488899556488230136e-01
-1.362608356565806478e-01
3.765523238011270202e-02
8.361987742566208137e-01
1.377820105914631110e-01
5.903933917804742304e-01
8.626543911521156183e-01
3.624767147361358521e-01
1.837877925993340877e-01
-3.182243726008044948e-01
-3.315382238614006383e-02
-4.940617168344423327e-01
9.885242354339027759e-01
6.542606294216402052e-01
-2.642361138341884352e-01
4.433787772589483644e-01
1.552437017240959616e-01
-6.775933278228329915e-01
-8.527635820106453934e-01
-1.537692369057768182e-01
-5.721679229136955591e-01
5.180535994864368110e-01
-5.839137852303055709e-02
4.699189605390665658e-01
-6.099456330172707830e-01
-7.688330780330303593e-01
-7.134238816544247186e-02
8.815418591101371604e-01
4.869690241699058397e-01
-9.900654739280176919e-01
8.370628293917168339e-01
-1.700655575898646354e-02
8.847134800530565002e-01
8.931367744781872897e-01
-2.291348626761859908e-01
-2.959794466143876868e-01
-5.957057776392062909e-01
6.715155987458092390e-01
9.447662525585507343e-01
6.518594232122449927e-01
-7.964069850548878282e-01
-5.763097830467156513e-02
-3.610480630078261033e-01
9.725794492633890176e-01
4.006014606536330014e-01
2.214897685887500245e-01
9.507424746238515301e-01
-5.670170420268845213e-01
2.726285810679356381e-01
9.836028337640372321e-01
-9.003922950355507382e-01
2.219545279562706863e-01
9.840654369700028159e-01
-9.253935197489266962e-01
-8.222764481474680309e-01
3.073453495758082799e-01
-6.817823974289916045e-01
2.456416853536784739e-01
-8.921590070113230020e-01
-7.778586676484986473e-01
-5.037141131113971326e-01
4.593340135266155144e-01
-9.392396321217659771e-01
1.882599741218069500e-01
-7.255237455114160738e-01
6.951326369325085963e-01
5.430647492662330489e-01
2.477200864092681254e-01
-4.487146424950720913e-01
-2.974185302980409951e-01
-9.226311267335787214e-01
-1.613564467870176600e-01
-7.942010304683160271e-01
-4.720634492578572594e-01
5.545454202131623322e-01
-9.544381395146623870e-01
-3.580776582326428148e-01
-3.282924489065972562e-01
-7.655766628580999988e-01
-5.474576043249910207e-01
9.257454571262517806e-01
6.471863230272467682e-02
-6.855948711104100646e-01
-7.429444007389087723e-01
9.499258359708397936e-01
8.686434452219082836e-02
-5.032589160546807605e-02
1.993117211981614290e-01
5.428024153856849665e-01
7.212726954591497375e-01
-2.774684951655459475e-01
1.267318140136892701e-01
-4.065814159089840008e-01
3.027666280962471035e-01
-9.336000596293094755e-01
5.045836434739154885e-01
9.070281089127314456e-01
-2.618044076394203667e-01
-4.481885540272863011e-01
3.304192394886011908e-01
-8.067619432043966476e-01
2.703631891791307140e-01
1.139135877880881331e-01
-1.378920093470690222e-01
-3.797410043060134299e-02
-7.153473084327246490e-01
-3.490060246547437295e-01
-3.402030471968793268e-01
3.928916133419848578e-01
9.771453805299201711e-01
8.373749683922238063e-01
7.205673294159768982e-01
6.473396554968022798e-01
8.841951637632083916e-02
8.673672853742497857e-02
4.918377901577231093e-01
9.793116303321935945e-01
-3.969497135265076526e-01
-3.540300722872038452e-01
7.797541468597417591e-01
9.277861163275900047e-01
-3.612900740222801943e-03
1.663836949718633385e-01
-2.797639017190793886e-01
2.567937642030160283e-01
9.642707201537259465e-02
-4.081675239652000631e-01
9.687631782295711425e-01
1.730614357982740437e-01
3.583820969474145191e-01
6.446693387883606352e-01
-3.985182707582408668e-01
-5.101244377496734206e-01
-9.375045105270156665e-01
8.443262323196374375e-01
1.071026439774189765e-01
8.261454888531110097e-01
-8.411864027412068179e-01
1.771632456054210714e-01
5.100398758676274458e-01
-4.278220365330356323e-01
7.991720752255757620e-01
-9.798435161180578667e-01
-5.398343010887023397e-01
-7.024876539305000556e-01
3.329688897499643030e-01
-2.331008242449394974e-01
-8.584887211910277038e-01
-1.928114471803272778e-01
-8.543658488389682670e-01
-9.831039825656398001e-01
-7.604501680334441183e-02
3.799194987354768127e-01
7.855227875791404024e-01
-7.385268899866528347e-01
-1.645776529980942371e-01
-9.142873377649778366e-01
-3.014287761688081435e-01
-1.017600413249852842e-02
6.622567018282461415e-01
-5.382313676315271245e-01
-4.276947724840109988e-01
-4.574262418922783180e-01
-6.208417699632442499e-01
3.708565274792963162e-01
9.782750452270638775e-01
3.915749495895828325e-01
-8.919348897586742986e-02
-3.580286232238321098e-01
7.875773916702719646e-01
7.442289315593921817e-01
-3.158880150714415969e-01
-3.550546648184573773e-01
6.407536267069533498e-01
-2.140047273951206641e-01
3.884353632820722879e-01
4.210457171291557277e-01
-3.971180237052800432e-01
2.529048543928025250e-01
7.653172622390700397e-01
3.773107074954997753e-01
2.886035932624611000e-01
-3.172386553813359988e-01
3.828225566249305878e-01
4.951280980039320934e-01
5.713066278270431120e-01
2.115949702006123534e-01
9.279379492981074673e-01
-4.632467959094561660e-01
5.772666803325108287e-01
-2.171956706913718005e-01
-6.609820172167999441e-01
2.813681933085592224e-01
8.759861954692560460e-02
-5.149003162945731127e-02
8.566842566005310466e-01
1.426444536630850912e-01
4.481924939463446389e-01
-3.683325997867004098e-02
-1.526037234621895333e-01
-8.548444409488100693e-01
7.387510724327928102e-02
-9.103062688134935243e-01
-4.243061700525989632e-01
5.402994234216187408e-01
-5.335340389193246047e-01
-9.790819127611520845e-01
-4.606769386144049516e-01
6.921478514713053087e-02
9.394911848896458917e-01
-1.706434105786958089e-01
-9.077901469699307668e-01
-9.759424688066777875e-01
4.046630348109168107e-01
2.201537686546037875e-01
3.207975855325839731e-01
7.815546788291412028e-01
-3.385937074801106395e-01
7.357055150025446633e-01
-6.274902455935909007e-01
1.245651375120959692e-01
-6.189865683960380505e-01
-7.663362746674216019e-01
9.638074272102339357e-01
7.915409810283240422e-01
6.938786856426373273e-01
-7.617482777575028674e-01
9.548334711948798237e-01
-1.746619116663497007e-01
-9.857646018836201396e-01
6.359331064008701961e-01
