1.921636070335062119e-01
-5.141216828765826641e-02
-3.144689022922613209e-01
-5.541680521708447493e-01
-9.395608390488585648e-02
-9.381876822615253797e-01
-9.948270457087438068e-02
-7.841135622589165965e-01
2.415330767720895722e-01
4.620017549539359170e-01
-2.309300292022578027e-01
1.652735623676959698e-02
-6.004167885518123526e-01
9.242230482910083200e-01
-5.401801304632880552e-01
-2.501980903234426457e-01
-6.457880709363215121e-01
5.772998751941651463e-01
7.693957779117521767e-02
6.584135297019810817e-01
4.353776506588959982e-01
7.519924311323702426e-01
8.134005065465406137e-01
3.639001990642525275e-01
-9.265271261270660030e-01
-3.208269123599636341e-01
6.640215903325199509e-01
-8.272429988507434828e-01
-8.790924030961022595e-01
1.091736773762286283e-02
-6.812498978831169616e-01
-7.815247980651407467e-01
3.926583039104758477e-02
-4.916529897295753848e-01
1.967665987571116659e-01
9.161308077777958747e-01
4.319399615969761186e-01
5.945174011846185991e-01
2.626107675049356160e-01
2.960606155423084473e-02
-6.965772989627048162e-01
5.735026583682949486e-01
-5.271699745565596729e-01
3.892536686799958900e-01
-6.035139614952269582e-01
-6.998836373230805652e-01
9.352501777010910899e-01
-8.193227473494328894e-01
-8.391349710904894010e-02
2.320528595262580929e-01
-8.476626729780543101e-01
4.964051812125345187e-01
-7.763934435799544342e-01
2.078407371076957944e-01
-4.700473252265682245e-01
-2.579205900271190899e-01
9.594533728317264920e-01
-9.758799895641767641e-02
-2.907510003993767356e-01
-2.730230993043918364e-01
-7.608464467970121881e-01
4.095860079114688190e-01
2.874842230807255206e-01
-3.305121648219184749e-01
7.560521997619651380e-02
4.397271939177997968e-01
-3.589121963580772512e-01
-2.211183281102835352e-01
-4.438210451586561689e-01
-3.369438784091853822e-01
-4.970224815998236512e-01
3.432697938205684363e-01
-1.126855137020377207e-02
-2.566960931520556599e-02
5.133667131133345940e-01
7.166621358834521782e-01
-5.294409926321936855e-01
3.613135155322120262e-01
-1.605700559542746486e-01
-5.506623773333314542e-01
-1.395886729187147957e-01
4.133468151250145883e-01
-3.457811193745663481e-02
-8.869077105645637449e-01
1.541262029338366091e-01
-1.359438555496441658e-01
-5.301543820177281319e-01
-3.435365729172867866e-01
5.562993278535306452e-01
9.069348542004855851e-01
-3.702853718989926879e-01
-8.904782390511869483e-01
-3.338753282529873800e-01
7.689200422762367815e-01
-4.418360875830806833e-01
-3.782534420758021376e-01
9.094662799997770275e-01
8.246258227235974125e-01
-7.426446070962955393e-01
1.365444728351636883e-01
-9.165520708954726370e-01
9.430141408276300208e-01
-4.208678967716337205e-01
-9.768712312208891468e-01
-7.026332347702572978e-01
-6.163481330563582716e-01
-4.407448886448714909e-01
-5.662170144143314765e-01
-5.026219349725695729e-01
9.194444654429756447e-01
9.458279972538818914e-01
7.215816224819526781e-01
1.011973902078537879e-01
9.740591233895186107e-01
7.190331582475169014e-01
-1.344268660196172860e-01
-4.592695334467085111e-01
-1.007766771381395365e-01
8.835432530988771571e-01
3.728561998120860643e-02
9.688851604753858648e-01
7.579338362411278673e-01
-6.048556562166469419e-01
-2.443813686793101514e-01
-7.634973847998034469e-01
6.413509692374330662e-02
7.733980364074493075e-01
-7.002567935710748426e-01
8.762701267057795285e-01
4.460990869936432013e-02
4.951303646545277548e-01
-2.496861628160564894e-01
9.346365752209444544e-01
3.900688358135295797e-01
-1.932967390686408660e-01
4.236727968494347074e-02
-1.163037989995230337e-01
6.088860322878395515e-01
-4.277009642452440641e-01
3.344533110365286444e-01
-6.318290531610899485e-01
4.534373562087781195e-01
5.584803148492820668e-01
3.767706717499319513e-01
6.087060417844429860e-01
-7.459093047681868427e-01
9.189825183920694585e-01
7.129106905851356757e-02
1.494646075283865283e-01
9.804133997007249413e-01
4.752323678388483685e-01
-9.017437621987092200e-01
-3.878678264634709549e-01
5.252151530869366702e-01
1.060200606107917221e-01
6.647843239532027493e-01
5.493654257963880294e-01
2.368024436693703105e-01
-1.766368907751938444e-01
-4.808645123491883666e-03
-6.828146781964545831e-01
-1.159195099219401115e-01
1.955622782921606628e-01
8.175057328053727534e-01
2.477164864179379755e-01
-4.779573094715194870e-01
1.385374917612107737e-01
-1.692678626120494023e-01
-6.816587152280086936e-01
1.344164783970549504e-01
6.766461501730141048e-01
2.841630891706039552e-01
7.185868378010498159e-01
4.142447849491914802e-02
8.648217123853851884e-01
-4.847286349930399751e-01
-8.521641746014412266e-01
-8.046279263509186208e-01
6.747369209884865882e-01
3.984507833840935653e-01
-1.842795864300650344e-01
-2.053818417711705813e-02
8.158973230360764273e-01
-1.055424490435559193e-01
2.414951788008510292e-01
1.453907095369499913e-01
-2.938523538890824849e-01
-7.715384933542128731e-01
2.489260834275557333e-01
6.660572208474320188e-01
-4.737614997674253203e-01
9.170933095541056179e-01
7.513751264011581110e-01
2.930843949599200027e-01
6.657907851820725753e-01
4.131510353983895989e-01
-8.826410566845708239e-01
2.564563637720311817e-01
-3.155344277359213301e-01
6.203109969672799817e-01
2.258193219588822132e-02
9.463383263361730968e-01
1.893579493061978702e-01
7.265483206433975827e-01
8.352258949695532397e-01
1.551100352829564155e-01
3.010469654246039628e-01
4.312749138150606676e-02
7.394309140332600006e-01
-9.073874080462873692e-01
1.819927411030541897e-02
-9.380416398242248377e-01
-5.427737325356529752e-01
9.204711040012669709e-01
2.069309150505294070e-04
3.794019883547290473e-01
4.610685927799917927e-02
1.180268328196401040e-01
9.194539230344189740e-01
-6.925324335480269600e-01
6.000877785571050449e-01
-4.026443470280798298e-01
-4.091691789529012802e-01
-9.457077195585248397e-01
1.647205716482200710e-01
-9.558038248786093760e-03
-7.880936734396464249e-01
2.231303784353739772e-01
-1.807775455109181806e-01
-1.089994602189021666e-01
-7.647955157335635246e-01
7.131119912396002292e-01
8.112538497383325886e-01
2.246661102542788502e-01
-6.630751558039738036e-01
2.356415556130655453e-01
6.673684203526701886e-01
-4.765755789136461029e-01
-1.035677795477085716e-02
3.895997128077075544e-01
2.232029965845987451e-01
-6.809909525073667425e-01
-7.532104556252505745e-01
5.686583748650682058e-01
-4.649334551283077488e-01
-7.841497729123900751e-01
-6.252191090021261832e-01
6.615437440180917950e-01
8.298950353193830232e-01
9.093272954711026923e-01
6.915056123551175382e-01
-1.444957449766421931e-01
9.217930053960898817e-01
-4.145967770382319451e-02
-4.688581864361758278e-01
1.842174969511900517e-01
2.550565945081681996e-01
-2.670406852713842483e-01
5.083410092873568153e-01
-6.552069014040751149e-02
-3.616411284139899873e-01
-3.498870502460931231e-01
9.711057781468059869e-01
1.977743792486545971e-01
-4.628135533615207464e-01
