
0 92.814668 18.476582 32.174594
1 93.261683 37.538266 38.754783
2 93.261683 59.232569 39.640293
3 93.261683 74.679181 32.577439
4 93.261683 76.216054 31.674278
5 93.876796 70.24724 37.090435
6 93.876796 70.835631 36.008214
7 93.876796 79.528972 28.830736
8 93.936796 69.941844 38.893702
9 93.936796 76.227151 34.126704
10 93.936796 76.355564 35.006087
11 93.936796 80.556936 31.041268
12 93.936796 78.920216 31.950719
13 93.936796 79.6028 31.059871
14 93.936796 86.092642 24.479518
15 93.936796 87.072143 22.674696
16 93.936796 91.160923 12.127296
17 93.936796 84.656929 26.889841
18 93.937666 89.130445 18.943557
19 93.937666 88.455001 20.206067
20 93.937666 87.9765 20.743738
21 93.937666 87.783638 21.809312
22 93.937666 92.090942 8.765826
23 94.258336 90.464686 15.048716
24 94.258336 90.52263 15.31895