3.299681915360945794e-01
-4.671032917228589154e-01
-7.938336641270256067e-01
-6.273693511079836416e-01
2.259350130800366507e+00
-2.342019862359953630e-01
-1.157701988659665560e+00
3.615862580901818557e-01
-3.365157384214706449e-01
-4.472963826171634516e-03
6.767945190848523307e-01
1.409945249083662810e+00
-3.803379765243646710e-02
-6.277408686780190372e-01
-4.753974611673544293e-01
-1.385151550903958584e-01
-8.647108249237335231e-01
-2.026596492251921511e+00
-2.676861815597516014e-01
-2.009593483228895305e-01
2.835778271410976589e-02
1.531044411292212248e-01
-9.012386546827700906e-01
9.949970081032666336e-02
-8.894078097088553569e-02
-1.650925024557015897e-01
8.480933875123143340e-01
7.776660338165755637e-02
2.912923673403544633e-01
-1.396265310519744784e-01
5.531822664568821768e-01
-8.261039118313853180e-01
-9.386975204912137438e-02
3.260062777616290486e-01
-2.026494282910938638e-02
2.323968916703205712e-01
7.440526652956707121e-01
5.336977052190909898e-01
7.479480178250864641e-01
-4.927043816495823014e-01
-1.106762449220586308e+00
-6.854372523120713656e-02
9.183216831682665671e-01
2.247716596180351079e-01
-1.486538415478232400e-01
3.171307457849382727e-01
-2.902729514231089936e-01
-4.304900828967701543e-01
4.436908070650630309e-01
3.432921670145949733e-01
2.896422200384360934e-01
2.201662583960188047e-01
-4.476709569022273016e-01
2.330030772786053153e-02
-7.399720039986573683e-01
-7.465324827901542726e-01
9.347832114478715759e-02
-4.169263677189598560e-01
-2.109272932313049076e-01
7.047785314198580509e-02
5.043612826304766372e-02
-7.897664627901675302e-04
-9.071679964872401136e-01
-7.752299068756035583e-01
3.810187742810636768e-01
-1.141501489375057243e+00
2.566839735726134109e-01
1.768251596734879694e-01
8.197016195411297446e-01
1.488889306203010410e+00
-8.230740589158382914e-01
1.569675936517354597e-01
6.924113604463524307e-01
4.524246871001828818e-02
-4.066309239619639304e-01
-9.849506919748958200e-01
1.726474799542435878e+00
-9.608662246108161664e-01
-8.239696374938676460e-01
1.679976632712083529e+00
-5.003422356804673177e-01
4.502450205518607751e-01
-3.955768627857183528e-01
5.751170238968869031e-01
9.850399435489626265e-01
-2.988969704471109434e-01
-2.387655053352981116e-01
-3.290551423913612994e-01
7.801967146242443363e-01
5.447554572780030080e-01
-3.731851021834217130e-01
-1.680246165918025114e-01
9.271973070229153624e-01
2.653305454385964102e-01
3.723573119284941391e-01
-1.199082526426975104e+00
-2.158062996389719101e-01
7.032875920553336435e-01
1.393872716383710131e+00
9.811518416168532042e-01
-7.222422716377164820e-01
-7.814289216218890388e-01
-1.253950043385071988e-01
4.134267915422049633e-01
3.489927454091333314e-01
3.328144375973259850e-01
2.479436385399603343e-02
-3.142793792012435299e-03
-4.393739913552083265e-01
1.408194889336839895e+00
5.001481808516792249e-01
2.402819118708989787e-01
2.289516023439198023e+00
1.664195770232189120e-01
-1.336430530464244759e+00
-1.348627676307395384e-01
3.255745139214813455e-01
-8.510230306903203701e-01
-1.833361830624398614e+00
-3.465104427475667048e-01
1.370450499380315712e+00
-1.078517058584089305e+00
-5.879116359655900403e-01
-3.323074009809513507e-01
-3.123808113865531033e-01
7.566512296767941015e-01
1.694641324980230568e-01
6.675870079007278912e-01
-4.910569555255282076e-02
-4.794731793987793145e-01
8.718761710719113989e-01
-7.677960390717424310e-01
6.502190652872279208e-02
8.206014275400850266e-01
-1.243666873253433058e+00
3.727910124375844458e-01
-1.054978210931605931e+00
4.525606869244310770e-01
6.968413852322902224e-01
-4.485888890474354351e-01
1.309183158769331584e-02
1.053856437475826580e+00
6.794222971772116981e-01
8.794122337451507621e-01
-2.916071864479606868e-01
-5.836029711227437300e-01
-6.933109599459743588e-01
-2.115825628427050020e+00
6.605900000141068373e-01
6.517073501010968162e-01
-3.707720894629771835e-01
2.453240662001537231e+00
9.429972721106275046e-02
1.512584288859007753e+00
-1.442368838473012393e-01
-3.164611660175633001e-01
-1.470896555000112960e-01
6.756250962976675378e-01
4.038960282073754682e-01
-4.766218092104411719e-01
-3.210049748568560152e-02
8.499464635350468811e-01
1.032872684982548916e+00
1.391318462864443162e-01
-2.679459651259043618e+00
-1.321917997887986251e+00
7.311914456004614538e-01
-2.947218071236539227e-01
1.186994086609747256e+00
-2.650051899003103006e-01
-9.073576953982483984e-01
-1.706345630321564943e+00
-3.511941419898229055e-02
3.999251143031856692e-01
-3.314000710134722139e-02
1.000519972146409198e-01
5.590019818022622378e-01
-6.200830316847775192e-01
7.208946889796508106e-01
-3.109192313704806088e-01
1.036978170148387779e+00
-7.925542598734815203e-02
6.703260940935850884e-03
-1.187144917654426174e-01
-1.943018243281927071e-01
7.574534783601029053e-01
3.575320448769733761e-02
-2.951895788089685668e-01
-2.338110448977628597e-01
2.632268777636516122e-01
3.008654120774924556e-01
9.323014617631650292e-02
-3.648035414580148017e-01
-7.571029265211053350e-01
-5.623153318420071045e-01
-7.389535453234871154e-01
-7.204603715646298867e-02
1.296293140068606187e-01
-7.801074850735794097e-01
4.673583502572213333e-01
-1.489942369205363437e-01
6.910254844652385930e-01
-3.621937003265631172e-01
-5.278249741054922284e-01
2.411433963878275022e-01
-1.071775047187779384e+00
-3.612782895692665530e-01
-1.373799259285823471e+00
5.519007854494055731e-01
1.530236394717532922e-01
-4.129142352141651484e-01
-1.222250973594681156e+00
1.062218914152869287e-01
1.592159398311435936e+00
1.697892172380162101e+00
-8.829208977851321638e-01
-9.487939069211129839e-01
-4.296149167746412534e-01
-4.507630954518841715e-02
-3.390850171519843026e-01
2.190424693984941662e+00
6.431759068684148595e-01
1.581776157667944827e-01
2.754596268231552236e-01
-1.975746370026037591e+00
-1.450425259830309788e+00
-1.029791972109958431e+00
2.364070602044834879e-02
-5.693904086827273892e-01
2.653140253655627556e-01
2.002559935449662321e-01
9.753107438786165484e-02
8.213312082001227310e-01
-4.288434783149431828e-01
7.471732674838740262e-01
-4.040169815704232614e-01
-6.404527028610967898e-02
-1.354745303611378571e+00
-9.236024145629798121e-02
9.818633178709235132e-02
1.141104259953169692e-01
5.472936996162718337e-01
1.340316289476286282e-01
-7.635395024073824422e-01
1.483411214933466060e-01
1.773558552147486492e-02
-2.645924780906405149e-01
1.960425379099458437e-02
-3.648940647053030006e-01
-7.482692102441073079e-01
-6.848277007127957505e-01
-4.153727436587602018e-01
-7.550338141773709211e-01
-3.219507598410868421e-01
2.346747415444735418e-01
-5.592549720862903806e-01
7.818896599311606077e-02
4.794432618230422272e-02
5.768433451962712288e-01
-2.537655521797439473e-01
-2.399518144614513626e-01
-1.456488568556067564e+00
1.175329956544524795e-01
8.743684397639951422e-01
-3.994481715784468090e-01
