3.363280332366611614e-01
-4.674817038590564633e-01
-7.836872310532236874e-01
-1.012461710903876932e+00
2.424960494464612371e+00
-2.836425517780252759e-01
-1.149424579892267095e+00
3.634138863517243911e-01
-2.276373312769118251e-01
2.343167849572800471e-02
7.232284153864032561e-01
1.297102851689202474e+00
-2.441287026768437091e-02
-6.167229959259570848e-02
-2.817661487908013629e-01
-7.231502894369386258e-02
-8.791818228014854908e-01
1.239439777244045610e-01
-3.506197287024007125e-02
-1.862716035579057294e-01
1.701347694348584183e-01
-1.151335217878246997e+00
-9.178970312491470107e-01
6.753280831411657970e-02
-9.636058694922945700e-02
-1.654354621378565371e-01
4.587463213014639773e-01
5.763257666841107296e-01
-1.266923540413598115e-01
8.102234933988274879e-01
1.699628770177464610e+00
-7.275439879423741818e-01
-5.046511647358094960e-02
-2.100974050782550284e-03
-1.638963214394178330e-02
2.905453592416982200e-01
7.274197685322991713e-01
4.906732723107490868e-01
1.338251569593489787e+00
1.017286161924042975e+00
-1.182535419670117660e+00
-2.566411711437860399e-02
8.919538881506621220e-01
3.042932673788436571e-01
-1.487553624780617034e-01
3.832581305186056331e-01
-7.998767146121241733e-01
-1.460616176449617720e+00
9.407337622575461245e-01
4.597998158889410325e-01
3.250603494150306472e-01
2.596903233952271295e-01
-1.631018762112785847e-01
-1.744994876595901134e-01
9.875153915267977922e-01
5.507012777518075497e-01
2.551029223253328815e-01
-3.921134084422669419e-01
6.377283547822097942e-01
2.261427852859317911e-01
6.363730083049692898e-02
6.716551340466922482e-02
-9.089666730598644495e-01
5.870684174562701418e-01
3.797657505291422431e-01
-1.175416050748786301e+00
2.188558584193594780e-01
6.682881167765009067e-01
8.515899013631815784e-01
1.920221316973901748e+00
-8.207454923086442422e-01
1.809575977264791247e-01
7.052472913831053791e-01
-1.097035036713699840e+00
-4.891373425051864787e-01
-1.142339294377285652e+00
2.515077536768849376e-01
2.025541013215660158e+00
3.151010614590137870e-01
2.924799636544321846e+00
-7.396236951838198737e-01
1.511124684738877288e+00
-7.928995170605643850e-01
5.622852418160581012e-01
9.571210552940583316e-01
-2.945279618817623901e-01
-7.476252593688171855e-01
1.684764468859178965e-03
-1.843115034744065572e-01
5.754371066703477533e-01
-4.340434153448985977e-01
-4.915883245524298450e-01
1.118134363388870733e+00
8.825223958549544001e-01
4.563892172349784948e-01
-7.884471703261177744e-01
-3.901101329898248871e-01
-4.121173017109700520e-01
1.706020302614336792e+00
1.666678109351162063e-01
-7.147198833204133628e-01
-1.684207913676138424e-01
5.324286000016956177e-03
4.092489542974080408e-01
2.964508105508073532e-01
3.832213362106989818e-01
-5.170396292223851109e-01
-5.785362037136389246e-02
-4.798652435808545835e-01
1.318967518389304150e+00
5.259607834138680937e-01
2.312064360812368380e-01
-1.975964372742333053e+00
1.405843387458213800e-01
-1.695233791645411214e+00
-4.995524190632715800e-01
4.377666972454388739e-01
-9.602056351426994096e-01
-2.027863249081507391e+00
-8.749325128354992209e-01
4.335837625962738473e-01
-1.269601402253773381e+00
-3.313231980357657092e-01
-3.094122558817300472e-01
4.209150716474796550e-01
8.062217174415228227e-01
1.306473740502702929e+00
-9.289321896365676512e-01
-5.175860838820674908e-02
-9.862589616448520502e-01
8.239813177008142864e-01
-7.420426773336683546e-01
5.205069571444708165e-01
8.079765484320178270e-01
-9.136336720966291569e-01
2.857902601322253044e-01
-6.504227461555067702e-01
1.377204624132032651e-01
4.717748970239973305e-01
-5.198910062108055286e-01
2.805686500379917653e-02
5.084528883836971769e-01
7.071573536724400366e-01
7.502489044596876155e-01
-5.233988710822551349e-01
-3.070809500061060793e-01
-3.312179547893019382e-01
-2.171800927345754584e+00
-5.579321981569569378e-01
6.770360652376608002e-01
-5.754932943083024277e-01
2.892084309669312181e-01
1.069106888495529456e-02
1.603914627127423609e+00
-1.269471673760733943e-01
-1.021852889881772253e+00
-1.212950806460423164e-01
1.150238261402729778e+00
4.032653746870282774e-01
-9.898084438592161804e-01
6.150080206545313621e-02
8.591500943300455218e-01
9.500534432420726372e-01
1.333042511420609866e-01
-2.583690987011880491e+00
-1.584134295650761803e+00
1.736345942649059060e+00
1.748345737913122644e+00
-1.422710616898362979e+00
-2.026775229514055088e-03
3.670284536840436873e-01
-1.387485742871591210e+00
-6.628553510654229264e-01
3.974494743331575819e-01
6.872846827551877258e-01
-5.839658165911908172e-02
7.845838213050747578e-01
-9.809783346481603106e-01
8.623731944791429571e-01
-2.995969552174663764e-01
9.575080037913008546e-01
2.107837664914809228e-02
3.052377242600089538e-03
-9.848555764360378273e-02
-1.140513157996120436e-01
4.288647887703996298e-01
4.018671976525245992e-01
-2.912943096084640304e-01
-2.426841935032442721e-01
3.056309421118873493e-01
1.696455460663738590e-01
7.018495260227607391e-01
-5.741315421426437249e-01
-1.113134899096379637e+00
1.601431191999943549e-01
-6.706010051259740923e-01
3.022185659516685163e-01
1.414105919887703455e-01
-4.314083794824393747e-01
3.657419197054604387e-01
-1.514318354936249889e-01
-4.002257231328174569e-01
3.958872671703894675e-01
-5.062008466112726257e-01
-5.963455250116374007e-01
-1.012019427314364339e+00
-3.964659954623860894e-01
-1.103093085119386751e+00
5.317323793256679698e-01
1.343613231464254043e-01
4.300874957296669798e-01
-1.245617502343264738e+00
4.337911629035190453e-01
1.074252550307469356e+00
1.521843391991321681e+00
-4.363488850159398247e-01
1.276654698717127667e+00
-3.843593883627510199e-01
6.165464303011387523e-03
-3.396772648136126560e-01
7.815084820378703778e-01
1.282299486418947199e+00
2.064190592102981836e-01
1.079662047247482021e-01
-1.540891464642803133e+00
-1.540525763321191954e+00
-1.213055444676924166e+00
8.580136190286752340e-02
-5.063587289488999943e-01
-2.672276381629072328e-01
1.053235781487594502e-01
-1.549986562445988536e-01
6.364031763502717709e-01
-6.042198330656485261e-01
6.846151739462303931e-01
-3.512538710579116152e-01
-4.095454279871905690e-01
-9.235534220656995696e-01
3.510088304267737214e-01
-8.890360820855377488e-01
-5.854266727772025058e-01
5.624807289329947224e-01
3.951841340021325921e-01
-1.130499812944284699e+00
-1.244134617341413063e-01
-3.171156172244461724e-02
8.254336532795086834e-01
-3.834626838182357556e-04
-4.459840312907086268e-01
-7.298472922293068876e-01
-7.817505408005741563e-01
-4.036491084596201540e-01
-4.961537219376835339e-01
-6.832353501065752122e-01
1.399091836971777525e-01
-1.533967617968693409e+00
3.189664644357880219e-01
1.330969655054971446e+00
5.769287933161290072e-01
-2.367689351373407636e-01
-2.956812604457645932e-01
-1.909864474424021852e+00
1.116035057453898943e-01
1.801493763840954276e+00
-2.159189698968791427e-01
