-5.110271481528403381e-01
1.772157986359041981e-01
-2.599814589621878280e-01
-5.289341840741874634e-01
-2.066891485405042417e-02
9.252801749715358071e-01
4.168371260442955695e-01
7.106284471909800615e-01
2.458315590208450807e-01
1.708031881583595979e-01
4.317128529785425606e-01
3.235084923863393858e-01
-9.704131916149099091e-01
8.799615005310841287e-01
5.050992091334751688e-01
4.451226916225874408e-01
-7.950172933535986086e-01
-7.183167355179436164e-01
-5.677312302325043802e-03
-9.085228031941736671e-01
-9.522916077903231802e-02
5.962768657040424802e-01
-2.308898392938789623e-01
3.713634353191777038e-01
-9.247976259290924261e-01
-6.936006288577758472e-01
-6.474026179216441079e-03
8.607816621967105952e-01
-3.052909126339875545e-01
-7.301378610840028038e-01
7.111951010200252554e-01
1.161186968822971455e-01
4.413895693720017999e-01
5.965910238926683817e-01
3.952579137220264549e-01
-4.462513543962498552e-02
1.682571644258876731e-01
3.706777396056137874e-01
-4.142406899425519207e-01
-5.566466578697986112e-01
2.818350078493407906e-01
-2.323098949793755974e-01
8.214226546207361590e-01
8.658670000688444279e-01
-1.255232558368035711e-02
-9.345391912874179141e-01
-4.876964351015886656e-01
-6.216413699877374466e-01
4.922351437803935692e-01
-7.722447979051560996e-01
9.362643971990936009e-02
-6.107142072042377468e-01
-3.285769437715642116e-01
8.757286243476145593e-01
-8.734331986255563507e-01
2.164042996572139721e-01
2.604768700331461240e-02
4.816630099901764162e-01
3.212008812394837598e-01
9.446497600178951348e-01
-4.779472384730643064e-01
9.695782498201750421e-01
-5.007132697120253439e-01
2.546170564997498609e-01
1.763686049398447420e-01
-7.405116301169862858e-01
-5.844612447766781571e-01
-8.526089814545112500e-01
6.584736090634517591e-01
-7.829836937649798934e-01
4.337056788713056221e-02
6.796121595936677195e-03
9.380373506125245786e-01
-7.254025170422395696e-01
4.556006546062878471e-01
-8.805350448907247607e-01
-6.920370839166680721e-01
4.379089930082160631e-01
2.468739245821800488e-01
-5.610834137186548887e-02
-8.037745903722761653e-01
5.051370740995662079e-01
-4.391892928942353613e-01
-4.342144807613066426e-01
1.438548659443972255e-01
-2.855964048818704359e-01
2.830043736769680685e-01
5.691537649802191901e-02
-3.773843484920338387e-01
3.393412899712420217e-01
-4.880588445899201044e-01
3.641990632544802597e-01
-8.600723847549713863e-01
2.887333894568056003e-01
7.086298901525271976e-01
-8.154256377347262053e-01
8.131398323110472504e-02
-2.957687138959166351e-01
-7.604449023175567923e-01
7.845365273150797236e-01
-1.750619141933993372e-01
-8.896838455980398130e-01
-2.390821328849985772e-01
-5.051664380152605105e-01
-4.582589899753584106e-01
-5.192250555966908543e-01
-8.366048034666384581e-01
-8.219822487377801412e-01
7.358824589407912953e-01
-8.581076497062558595e-01
6.749941563168380121e-01
8.559305826320682264e-01
-5.334451061193818955e-01
7.827598770167261133e-01
4.215399592508020099e-01
-7.777964028319490630e-01
-5.760034401440115026e-01
-9.260047648890445959e-01
-2.609885085357797063e-01
-3.704016311749906976e-01
6.343605290035123634e-01
-4.210521685401158454e-01
-2.856871299110799178e-01
-2.133887681821500237e-02
5.351194973822541723e-01
-7.450165234390517810e-01
4.320459018526816575e-01
-8.108750847653913851e-01
-1.449923297637289998e-01
4.817329947505795129e-01
2.362318520403037247e-01
-8.416765084381372386e-01
6.541358475427714314e-01
-8.403468902376687311e-01
3.131102124811586673e-01
-8.184993129053002026e-01
5.740821692897564166e-01
2.860402202160465812e-01
-3.790056295152814947e-01
7.995653357561229857e-01
9.074277042488507750e-01
-8.122969260521335499e-01
-2.338844511800886039e-03
6.569685983824076203e-01
9.501950719089704567e-01
4.258547754192898438e-01
-7.081537529513215468e-01
-9.532028834096630820e-01
5.824203709307165244e-01
-9.067593389033583584e-01
-5.267830826913459941e-01
-4.423401610697592634e-01
-2.663579255968369086e-01
7.046999617453946207e-01
7.623652149859161398e-02
4.466279413669291820e-01
-1.561007438236172717e-02
-7.123281776971903678e-01
-2.038868868346543906e-02
-5.234459806898603684e-01
-1.121938907692832110e-02
6.946781957680125963e-01
5.567060714583631498e-01
9.684867950148707827e-01
-3.615206189105690804e-01
8.848311759109774854e-01
-3.865292872331653751e-01
-5.422447098291955925e-01
6.612429409270959013e-01
-2.299289125186732008e-02
7.752872396327823434e-01
2.432198847118605123e-01
8.482214043260041247e-01
4.678068161710584594e-01
4.509573456642710365e-01
-6.252291644880032528e-01
-4.785426231981457779e-01
4.140604498918034615e-01
3.962130508433079346e-01
-4.947071601312753586e-01
4.187454109132682234e-03
-3.233577296863103800e-01
-3.170592569106147618e-01
-5.625101021022971270e-01
2.431255160432677087e-02
6.496753006185358448e-01
-7.330862155470876385e-01
9.243821490696690901e-03
5.605303636131011569e-01
1.155700814380740127e-01
3.242501871387195589e-01
9.654095513572542586e-01
-8.743610123553362534e-01
-6.245067325650568435e-01
7.160300246037061278e-01
9.447514340165370506e-01
4.344604097947666332e-01
-1.883793097094876856e-01
-9.948320646475328211e-01
-7.000774818566046775e-01
-5.004520636412095325e-01
5.605631002050732725e-01
3.934130780092812696e-01
2.205226256631585002e-01
4.424753849740645784e-01
6.596937664241055987e-01
-3.393659656674732350e-01
-2.974784145470665830e-01
6.366548519199035638e-01
2.484918275604417470e-01
-1.817089311872013280e-01
-9.441916238108973847e-01
-9.048120242503348010e-01
-7.843641327643213756e-01
3.906641483135870896e-01
-9.880446920772603114e-01
-1.285465489841253195e-01
-7.707859907533487487e-01
7.229496494754081848e-01
-9.334217644755447019e-01
-2.533923743973964804e-02
4.081936801483030397e-01
9.258449114812059566e-01
9.767539194076322318e-01
7.884279193384031714e-01
-9.466147651453560297e-01
4.842964745407130067e-03
-8.143081205898474728e-01
1.955114885320776708e-01
-3.043478190380117798e-01
7.510725904109718520e-01
2.709801799311457593e-01
2.328709699360713703e-01
4.323335344095937671e-01
-2.154046135350053959e-01
-6.684251977319313198e-01
8.218375234369552640e-01
1.010335626460778791e-01
-2.138429412107127892e-01
-1.765682842613296444e-01
-3.501168422737022112e-02
2.465825138085488977e-01
4.038454421311032938e-02
-3.471041324822792262e-01
-7.717873352994586433e-02
-6.886799138995347569e-02
7.813142690295087345e-01
7.605293413560718641e-01
-9.959575441608958801e-01
-4.284967418220595459e-01
2.526490489108870197e-01
-6.992195756814212348e-01
2.774509251084322781e-01
4.823880657109542724e-01
7.693747324077420124e-01
9.824820047411066959e-01
3.638379914405454052e-02
8.664057990523359454e-01
1.595179017784091879e-01
9.283781983020196193e-01
-5.465815864873544427e-01
3.357884390413352627e-01
9.104541242708148463e-01
4.250535185573387498e-01
-5.302666505944135800e-01
