
0 76.280895 18.338381 24.725456
1 76.280895 40.16695 25.404951
2 76.280895 47.684531 24.847277
3 76.568972 55.985438 22.975203
4 77.42549 52.310895 27.373125
5 77.42549 55.683027 27.062686
6 77.42549 63.400674 21.516239
7 77.42549 59.415159 26.907506
8 77.42549 62.46076 26.299499
9 77.42549 66.417768 21.225808
10 77.675814 63.971299 23.523557
11 77.675814 64.358744 24.625819
12 77.675814 67.147929 18.225425
13 77.675814 69.074261 17.895058
14 77.675814 67.835137 20.564583
15 77.675814 72.127495 12.940221
16 77.675814 66.656544 19.585019
17 77.675814 70.155686 15.269509
18 77.675814 71.345612 14.314133
19 81.022774 73.150919 12.039959