-6.467866861251234667e-01
-5.084158666121836312e-01
-8.854800073253432657e-01
8.927113389351661876e-01
9.144184247045206160e-01
9.122683653802836634e-01
-4.038116231021748881e-01
8.872962083263775668e-01
-4.897567476001716269e-01
6.835010910758709812e-02
-8.100280103269745791e-01
9.574155223790925540e-01
-2.198441909605284295e-01
8.668896376398071979e-01
6.633186563528381541e-01
2.412489478206250038e-01
2.292546423833379254e-01
5.578717893271911699e-02
-4.846591823126711329e-01
-5.682632778356799808e-01
2.302543251599058483e-01
-8.319050692565650440e-01
-9.749611166222327263e-01
8.933631253435989628e-01
7.490638275705532312e-01
7.409520477267499405e-01
5.748670515734732867e-01
-5.141817631751257611e-01
-5.092200506929960291e-01
7.452342268135299097e-01
1.470297299887304288e-01
8.416915680370051778e-01
8.201514149402635567e-01
-8.734880346935356421e-01
1.153217744752543794e-02
-1.336683969244045755e-01
6.350549206653928191e-01
-2.319592753335542046e-01
6.635398804827206121e-01
3.747164181719391252e-01
1.182138424126615295e-01
-3.636257827970927892e-01
3.164873132997179095e-01
1.835012178943975503e-01
-9.617780212509032811e-01
-1.486599559545118687e-01
1.848490962964914885e-01
-1.332401916204553061e-01
6.330620748744038018e-01
9.157048939583802838e-01
-2.931036566974853930e-01
-5.852272479042925912e-01
-6.973065260017827782e-01
4.674686916253210089e-01
6.084456272150517986e-01
-4.833397293330172761e-01
-2.704715016841681141e-01
5.765232594281477496e-01
3.162251700471303550e-01
8.435701174964873594e-01
-8.298618920319855707e-01
9.477894660036370045e-01
3.802639074108169481e-01
4.131823077618312912e-01
7.564963814764924521e-01
-5.514969351064769043e-03
1.760634315478732947e-01
-2.835094706013663313e-01
2.088017019730799007e-01
8.507322512157597938e-01
3.340651712900868375e-01
-8.209709646223048995e-01
6.485913166006644914e-01
6.560432329821193065e-01
-7.340257426207716929e-01
6.105979741261575722e-01
1.283432812068641127e-02
-1.419503565457080896e-01
-9.998632846077224468e-01
-7.122017334784220832e-01
-7.180565717429854278e-01
1.710699588548663108e-01
8.462995341789456560e-01
-9.443111007241984378e-01
7.742149125822024303e-01
5.568772680359821425e-01
-9.289273221489637855e-01
-7.597452805493531969e-01
3.296969569078918028e-01
9.513386261854419601e-01
4.120000959780467653e-02
-4.052511755485754819e-02
3.883105710218770490e-02
-2.784455672196231024e-01
-8.889980828497170418e-01
8.534071566799763531e-01
5.002919087326938019e-01
5.666853697294091941e-01
9.705266371160692351e-01
8.792037594738852935e-01
-7.835401702677002866e-02
-3.944878765721133718e-01
-7.731172063371791747e-01
1.949984679031178114e-01
-9.980369721619430923e-01
-2.153775566316993295e-01
2.371120414568039791e-02
7.976527363644019264e-01
1.356188419141624024e-01
-5.507771056595467396e-01
2.148792459152704115e-01
3.453256229994723370e-01
9.595798906223622637e-01
-3.890151479835350923e-01
-7.113246760963325421e-01
2.221828904170737307e-01
9.904662275860021126e-02
6.492253476997342787e-01
4.542161820000079064e-01
4.943686050382420927e-01
5.865940797494424430e-01
-8.124041529796761640e-01
-4.591198640931504205e-01
-6.711996880815276345e-01
-9.721319648743587116e-01
-5.302905309571326331e-01
-5.600318248770872476e-01
-8.077592384635636780e-01
-2.711588882571080994e-02
-4.608857996594439843e-01
-5.137942925256848703e-01
1.457691914283345547e-01
-5.316502065943806699e-01
8.940226094218186592e-01
-2.496251842347594341e-01
