-1.399681757256394932e-01
-8.924523974784364100e-01
-6.160112535478071694e-01
-9.116178142702202614e-02
9.322600062685959532e-01
-7.950540027192967152e-01
-1.351625316723671588e+00
-7.615973952325583163e-01
-3.593264441209204074e-01
-1.598745644127523624e+00
-3.014340387779082531e-01
-3.363225721852184935e-01
-5.155648219528317089e-01
-6.368946429504715456e-02
-7.474773170046425941e-01
-5.335339555164345660e-01
-5.096595668052448236e-01
-1.213491770065614483e+00
2.213836744513881516e-01
8.771113041715751235e-01
-1.849759517478931914e-01
7.005301675981964737e-02
-3.234059670386377205e-01
1.166723933994308515e+00
1.303841976470617059e+00
-7.639582761452066162e-01
1.154125871219237875e-01
-1.556869101373227759e-01
-6.050758834675273867e-02
8.691985742320029740e-01
-5.672116911572124831e-01
-6.556967419826162935e-01
-6.072274837171625084e-01
-5.729931376336483417e-03
-1.322834059686261998e+00
2.578902492677622726e-01
2.960831051496488620e-01
1.002906679510184418e+00
6.518658875510286999e-01
6.419959057116115808e-01
6.710178383151393922e-01
1.836158902139111593e+00
3.953281626022895345e-01
1.083492159191020154e-01
-1.921801465118991858e-01
1.308641811196405769e+00
-3.847759834939220580e-01
5.136637264335854880e-01
6.303735817139789477e-01
-8.495835493440188207e-03
2.668801338247823313e-02
1.049783648365417488e+00
2.262004912990664973e-01
-9.983591625192667074e-02
6.493160838088728459e-01
-2.408265636202293614e-01
-1.160141951478353972e+00
-6.478924070701618243e-01
-7.110069173355302308e-01
4.246667483894654427e-01
1.741839431017150330e+00
6.892171119933923062e-01
1.066562229589471805e-01
3.439867545881639677e-01
1.140409495996931089e+00
-6.546485121640059912e-01
9.110558375146926569e-01
2.639774581878843174e-01
-1.249447640915935659e-01
-1.363362114427225436e+00
-1.655055079616263747e+00
7.446141762701793398e-01
2.825088378030896075e-02
3.294643615755179500e-01
-4.686503147984754647e-01
-1.240821831137690179e+00
-1.020453840772083121e+00
7.790976584170307140e-01
-3.821456065786502099e-01
-4.513060604438511869e-01
6.179541541844746355e-01
1.582366283400503948e-01
4.974877029768666470e-02
-1.902377016503266349e-02
6.569368643529346907e-02
-1.905215838336430378e-01
3.764300379796959445e-02
-7.434118672053886545e-01
-6.918806064451084037e-01
8.291166178089476313e-02
-3.623895802659493071e-01
1.653555229783171265e-01
-8.947558094605787549e-01
-1.941889132908451721e-02
-8.751382399452972694e-03
-4.448327262350837974e-01
-6.007620087465561642e-01
-9.502814816646772966e-01
4.782973653381394907e-01
7.299276494585552610e-01
-1.608467259967430105e-02
1.301121791619531953e-01
-1.438788497622131901e+00
-8.437418224964823299e-01
7.026693404641617402e-01
4.114443477582901965e-01
8.447221174646023512e-01
1.098643125203883075e+00
8.236550211750319761e-01
4.552359866805828492e-01
-8.483599580080616875e-02
1.141399882431892998e-01
-3.289330983387861451e-01
8.341629884279985196e-01
1.039092082013025387e+00
-4.419208973407285357e-01
-1.189017803595471129e-01
-8.439860459247638946e-01
5.132620807071516245e-01
2.117991943049014836e+00
3.416630605623042216e-01
6.757712677562650871e-02
5.949352551533233502e-01
-9.207365215799169222e-01
1.551176612367184848e+00
8.318546386724081643e-01
-7.684293615776460751e-02
-9.902819466946294336e-02
5.905294112951187113e-01
-8.120494528435761028e-01
-9.988808339084261911e-01
6.730372658937483488e-01
2.908960939848977967e-01
4.292924674942634189e-01
3.392568882861707324e-01
6.618264201113590595e-01
-3.123128098609805892e-01
1.217751589737309903e+00
-9.766628600293379980e-01
1.657774634719091922e-01
1.729283520758950754e-01
-2.087631830059266669e-01
-8.072391931587153957e-01
-8.793245010078063473e-01
-5.451250105355851527e-01
4.593823628290340522e-01
-1.719230865514212447e-01
-8.908358967887541890e-01
-4.202477202681769719e-01
9.315193510954049572e-01
1.260734342880805325e+00
-6.782326475243313224e-01
-7.119060340210541238e-01
-8.014352551539399849e-02
-2.499368433878311480e-01
-3.941486008948684727e-01
1.101633893518011220e+00
1.514092076167656398e+00
-2.777582037257724790e-01
-4.717257565300465583e-01
3.975461179527958744e-02
-3.374511294996100363e-01
1.877093203721408032e-01
-5.106462295248819228e-01
3.957261749876240797e-01
4.669485080884549361e-02
-5.870729564795206246e-01
4.100410940405557203e-01
-1.941456398586373366e-01
2.200052386877499738e-02
-1.492136486194008960e+00
-1.737138636015587156e-01
1.020071569905324438e+00
-4.863217722692457223e-01
6.901210350732440713e-01
4.431830745729128940e-01
-1.390295297384541495e+00
1.025857420021236033e+00
-2.226963625001273095e-01
-5.099458526973518202e-01
6.951753299670746511e-01
1.502183349024233561e+00
7.957340547704974121e-01
-3.154729208899905157e-01
-2.148203346498289701e-01
9.102856777052754644e-01
-1.790952030512033832e-01
-4.287240790115187661e-01
5.451862117807055874e-01
9.505368142884865756e-01
-9.924039521191185820e-01
-1.292948366560282003e-01
8.132856005673431143e-01
-1.074408952205891943e+00
2.338126292272218465e-01
3.980126599913615809e-02
-4.754250333480898871e-01
1.418138788159314601e+00
4.138490361139367524e-01
1.478579846249805096e-01
6.423327175744584228e-01
-1.118865543768808424e+00
1.074549672930092736e+00
-1.008826071994188167e+00
7.080519956926956127e-01
2.145531719710042362e-01
3.123011133554486340e-01
2.176800987196305937e-01
2.546010091959191590e-01
-1.236821677149337884e+00
-2.203740069524559309e-01
-5.868587285532941289e-01
3.406108808828599011e-01
6.481103025922787531e-01
8.351452642318965003e-01
6.658831911842513218e-01
2.353614499012258721e-01
-6.737980758152100069e-01
3.657288395087347488e-01
8.256104756914049991e-01
5.338154760976890900e-01
2.500713682167005625e-01
1.094697573414338043e+00
3.792278257364498639e-01
-2.050136447110585680e-01
2.779610875063008579e-02
-6.333745819649776454e-01
-1.288333142026377720e+00
8.351698753907120520e-02
8.422693762250019756e-01
-4.184150783669099427e-01
-9.611506097851773012e-01
-7.880287116259753200e-01
4.221863503155242059e-01
-2.701723375950448869e-01
-2.085814710845608211e+00
-5.307154492506697130e-01
5.638454416797481494e-01
1.080995929919093435e+00
3.845040778655803848e-01
-1.144707877666128609e-01
6.627000587974142265e-01
6.173798140449282545e-01
-6.573887843236889683e-01
1.190734122243873649e+00
-2.218533533951877745e-01
-2.470694354444942786e-01
6.378663457485649335e-01
-5.039513604479581854e-01
-1.169461138862922134e+00
-3.230802035679438688e+00
6.824621191141694299e-01
4.341511619563362401e-01
-8.597056122438717640e-01
3.620858148971016766e-01
-1.797584411517766600e+00
6.222464046464369902e-01
1.077433495846575218e+00
1.477109269557849380e+00
5.934086411165901964e-01
-1.639745878702523474e-01
9.512834380966198045e-02
-2.454576114855001601e-01
-7.330104040072685234e-03
2.040800938667243880e+00
