
0 61.818441 12.893599 22.528408
1 61.818441 25.436078 23.090231
2 61.818441 41.742829 16.784461
3 62.24766 52.301758 13.900848
4 64.498021 58.820029 7.854407
5 64.737982 58.817646 10.911472
6 64.498021 56.291359 14.005671
7 67.534555 51.947779 19.822126
8 67.534555 59.312251 12.367647
9 78.136908 49.950783 23.677917
10 78.136908 61.672353 11.757377
11 79.67054 63.287489 14.177153
12 79.67054 63.55006 16.641293
13 79.67054 69.10361 10.470313
14 79.67054 69.682124 10.824443
15 79.67054 70.552898 12.098576
16 79.67054 74.703061 6.839817
17 79.67054 72.825632 14.683962
18 79.67054 71.021008 10.02282
19 79.67054 68.673622 13.165504