
0 62.297945 43.796496 17.175458
1 68.963344 49.270385 12.547746
2 62.194967 42.51398 18.945672
3 62.194967 47.787079 17.996857
4 62.28433 50.461444 18.665257
5 62.542891 53.156769 17.689886
6 62.542891 55.498956 16.696968
7 62.542891 58.034164 13.450672
8 62.499424 58.838089 11.088121
9 62.499424 59.122395 10.529882
10 62.439913 60.975035 1.943263
11 62.479384 59.999056 4.67215
12 62.479384 59.623881 5.893846
13 62.479384 55.985945 15.950352
14 62.298474 59.795914 9.446577
15 62.322891 59.872612 9.25138
16 62.288893 61.224709 1.325314
17 62.382891 55.961185 16.204067
18 62.602891 55.616611 17.319178
19 62.336446 60.957859 2.472868