-4.364680719940059461e-01
-1.110768061784075389e-01
-3.129411384731544121e-01
7.147222807882414042e-01
-4.865031040981135924e-01
4.598656118720434449e-01
1.171752303595996469e-01
-6.309053410278986362e-02
8.618314153761352792e-02
-4.579671939776301937e-01
-4.905829805935917332e-01
-9.110792831631406852e-01
-2.526219431276133243e-01
6.957669355317550597e-01
7.104176654998848317e-01
6.759517946840303271e-01
7.618073732878392068e-01
5.418192486702535504e-01
1.778087391984610743e-01
9.198305204394945367e-01
-6.206843717203991417e-02
1.308906624421508624e-01
-8.387398667415115749e-01
-8.931409763157818205e-01
-4.425837276380919505e-01
-4.013156080906414847e-01
7.424611244830756629e-01
-5.791955458988877758e-01
5.567648568456247116e-01
5.479469867483539591e-01
-1.158359896037286507e-01
-5.587575628630363500e-01
9.025734312714870367e-01
4.021787961603622286e-01
-3.451436661217708313e-01
-4.711613028192278563e-01
3.734800132039861609e-03
-7.271815966157058053e-01
-9.429816694245209963e-01
-1.006256165704639827e-01
-7.364662859505335391e-01
-8.477475290204503633e-01
-2.311777549515394714e-01
1.325852240374718605e-01
-7.655704955452360405e-01
5.833065821799814366e-01
1.837111176658119405e-01
9.838422482575357453e-01
4.199315936870109400e-01
-6.749165645229093791e-01
2.327233372700536762e-01
-9.336399141660933765e-02
-8.143330302277029809e-02
5.562625992245793238e-01
-4.167669659001340676e-01
7.223642754903321084e-01
4.865617253786580498e-01
-6.031261453823828500e-01
-9.912745889666765287e-01
5.263976736047273342e-01
-1.754000883622097717e-01
-4.136910323277467327e-01
-8.468568715491311405e-01
-5.163689769097907778e-01
-7.497704777951199606e-01
6.205644190741468336e-01
4.636680460094777523e-02
-5.409734751912176343e-02
6.469814663115003306e-01
-8.777223818148371937e-01
4.462668398263318625e-01
3.999837511664683376e-01
-4.228480088211401533e-01
2.982059273258546028e-01
4.697184390115196617e-01
-5.586785238710390011e-02
3.109125529080964956e-01
-8.231835587991984671e-01
-3.926224251603647186e-01
-2.118677013640222206e-01
1.504622105802386756e-01
-1.043278591628016283e-01
-4.185793453212880433e-01
6.651908364553891229e-01
-4.168085277033766189e-01
-6.900176632676877642e-01
-6.406192236682639596e-01
1.605360865711356055e-01
8.480863653110075617e-01
-6.479788559475263554e-02
-2.627048209198046269e-01
2.758986952920072788e-02
-1.258952566265318929e-01
-3.445374853717433350e-01
6.874475947695752875e-01
4.199941402783824440e-01
-6.386085880319758434e-01
-4.843140078143051142e-01
2.371055461455413571e-01
-7.813505809743963582e-01
9.293781227484665397e-01
-8.704639641969371677e-01
-6.138770531463197955e-01
-1.505663647731851906e-01
-5.111622555446098115e-01
3.347922496563815464e-02
-4.554365839390808191e-01
-2.857587964799823688e-01
2.148030921775572200e-01
5.244376619235917580e-01
-2.445105956144908443e-01
-4.706628578413718511e-01
-4.739418986943013667e-01
2.932845274669235724e-01
-8.576754113045172989e-01
-9.376247732676132873e-01
3.144069297380553962e-01
8.589361028367499262e-01
-9.737493963155035015e-01
3.945452270259486305e-01
2.881472917649527954e-01
4.332684032068434554e-01
1.505322348243021136e-01
7.629251426736272101e-01
-2.268941302395959259e-01
4.312977937800543948e-01
7.714970853848834853e-01
-5.054635203194322024e-01
-9.183924519051529511e-01
1.671008948600023469e-01
-8.334373802318282287e-01
6.777621889843201686e-01
-9.425799344494965037e-01
-3.362084632082611435e-01
4.484106327572416895e-01
-7.729299793893125159e-01
8.846873518618971755e-01
-6.864708684875209244e-01
3.050613521274723183e-01
-5.496068158491635991e-01
-3.147220264547618829e-01
3.284045977547638273e-01
4.753158514424391523e-01
5.363693970930825117e-01
-2.387769087947146929e-01
-8.478141800502669856e-01
-5.661634203114094266e-01
-6.581343274397255527e-01
-6.657097442845210100e-01
-4.115949892442645197e-01
1.352438141942364780e-01
-4.275400589733147072e-01
-3.878032346096884631e-01
9.614388067212720212e-01
6.263096395767926428e-01
-4.063779005193639549e-01
5.002125923501636873e-01
7.590791427168199768e-01
-5.877712340734881913e-01
7.401550383156767499e-01
5.771821290777967572e-01
-8.612508230267126308e-01
5.163315234904441997e-01
1.874308223485374736e-01
5.047789793109047629e-02
-3.477301208940428712e-01
1.733988836086515217e-01
6.658024757787919246e-01
9.997004161444533743e-01
4.382126147657305903e-01
-2.255054730558283538e-01
-2.288793064642351549e-01
-7.498862842236024839e-01
-9.220592799071705148e-01
3.928466653766449213e-04
8.041003868942366850e-01
5.540542960014518403e-01
3.355373568251220906e-01
8.568798022011263615e-01
4.623410055996426404e-01
-2.960261605927223538e-01
3.162246523319574010e-01
-9.989012020323684293e-01
6.056626612564461887e-01
6.589034388995462788e-01
-2.164311729875025847e-01
-1.143696367173610007e-01
-7.272558227369489980e-01
2.485604034243562577e-01
1.594007319946153522e-01
-8.592319208335756908e-01
7.708097830155775654e-01
-5.817277044734634472e-01
8.117228883086347047e-01
-9.481430198957900846e-01
-3.771189944352231205e-01
-8.513224101606775562e-01
-4.106299170180287561e-01
-7.483770502057978113e-01
-7.852798023469047539e-01
-2.817145813362098572e-01
-1.659334040946516264e-01
4.997456031152966993e-01
5.917829929221545271e-01
9.713721910645891633e-01
-6.088884184918281761e-01
5.012637179160284173e-01
-7.139633264033973248e-02
7.440905979314955676e-01
6.759703987251730606e-01
-5.750425902453573102e-01
-4.824556608027119609e-02
-3.788716638194657982e-01
-1.918457981177532634e-01
-4.012162961535785666e-01
-3.333600014958304492e-02
7.149168782007864209e-02
-9.456340510341842975e-01
5.542867395252195628e-01
7.019081672255977900e-01
-6.574688859002779662e-01
-9.313160700929987712e-01
-5.991938906316969238e-01
-4.724141156345709192e-01
-2.315506420175086344e-01
1.421135326356526285e-02
-3.621090900290138137e-01
-3.675034832261128148e-01
-3.334857475418506745e-01
9.819148576995306854e-01
-5.367597741227858599e-01
9.113328258385300362e-01
7.580889181459400383e-01
7.684031081656650386e-01
7.747670883376907014e-01
-6.592683361673181697e-01
-7.121238878669584604e-01
-3.151060840329800161e-01
1.046876204646678410e-01
8.583015925061232565e-02
-9.367987709989351597e-01
9.575281559174160240e-01
-6.134654772740444351e-01
-1.680821494700679430e-01
-1.317501303445594019e-01
-8.624744199777893972e-01
-3.589436178702374303e-01
-6.032011903532885633e-02
5.304503762896846109e-01
1.496910614559285868e-01
4.346020265028007756e-01
5.902565884045216649e-01
9.193864757302749879e-02
2.102239565980130731e-01
2.768101678716530234e-01
-9.586996333456467845e-01
3.930684314659225187e-01
7.961469575926141129e-01
9.647181306399223999e-01
-9.910657527907056341e-01
-3.311788909355262156e-01
3.635605281205980255e-01
4.304217682821083191e-01
8.572585664236636038e-01
5.567694940146201699e-01
