
0 76.338535 24.966912 28.832423
1 73.948947 38.684586 27.685407
2 76.988555 56.618296 17.423317
3 76.988555 59.811772 17.027109
4 76.988555 61.846845 17.18558
5 80.732909 58.481368 22.307873
6 80.732909 64.423008 16.315268
7 80.732909 63.734796 19.408827
8 80.732909 69.010129 15.774115
9 81.086606 67.09016 19.616209
10 81.086606 69.474093 16.769066
11 81.086606 72.858906 11.017664
12 81.086606 71.761045 12.727595
13 81.086606 73.378614 10.21124
14 81.086606 71.340302 17.051144
15 81.086606 70.669451 10.88857
16 81.086606 74.780349 9.047323
17 81.086606 75.990515 11.198902
18 81.086606 74.195084 9.977191
19 81.086606 73.121575 12.726089