-3.868597010704295514e-01
2.614626203606951194e-01
-7.672736566534761327e-01
4.914938103103312361e-01
-3.246442572025167728e-01
2.453583073490066546e-01
5.483886221113596360e-01
8.268284277872499644e-01
5.901671043532468186e-01
-7.309084798156495477e-01
-7.395132039742360330e-01
-2.509169712732612911e-01
-9.559757654977794061e-01
-7.442321846171229272e-01
7.176964401905903124e-01
-3.602142703964494874e-01
8.438855668791556131e-01
-7.308735758850826159e-03
-1.408990959719638170e-01
5.938168556232430451e-01
-2.802416533228897499e-01
5.254444855565667538e-01
-3.526761201823291891e-02
-9.163731175714628918e-01
-9.003556109550574504e-01
5.197909245106768772e-01
4.392819087065151784e-01
-9.984488395347490552e-03
1.475802161849952832e-01
-8.731833925650722694e-01
-5.259821606338865863e-02
1.697249396857904991e-01
2.698017585883354386e-01
-6.227606208159217616e-01
6.475084980229386389e-01
7.436151869331650843e-01
-3.780754929083252058e-01
-4.334932088601217703e-01
-9.748007508995351067e-01
6.177205429034402506e-01
7.221376818127236419e-01
-9.688851996988625537e-01
-9.491071834861311007e-01
4.146014909169810636e-01
-4.210014619044291084e-01
-5.394276087535483377e-01
-5.495119632875304916e-01
-7.151815416461491104e-01
-9.190186856774140711e-01
5.699967422309832887e-01
1.829106836516183332e-01
3.663052761361063059e-01
-7.501672710310898218e-01
-8.436915165345251211e-01
-4.324052265255491356e-01
-8.560115833532626617e-01
2.490081945491140480e-02
2.178373613387374341e-01
1.974591826054761246e-01
-7.033007126510781859e-03
-6.841742627651876685e-01
3.327319701968718402e-01
2.872395457487286752e-01
-7.029605216292049708e-01
5.969211466934727373e-01
7.672058546772819732e-02
-6.025841908622535659e-01
1.142402030201434826e-01
-2.837235320297735175e-01
7.565929663206827360e-01
5.263616097172374442e-01
-7.126815674021451663e-01
-7.933012635082252739e-01
-3.597031642688581776e-01
-8.987601701194660730e-01
-1.484104619119201995e-01
7.306183730133042342e-01
2.604224590455932464e-01
9.196725252901913894e-01
-5.677154176068672786e-01
-2.573997954183075976e-01
-1.883878110255012839e-01
-8.558037827545530440e-01
-4.610463931738377763e-01
6.178877427869711170e-02
-9.914629828904086839e-01
6.927645949013372384e-01
-8.530436265638514648e-01
-2.254146566949197794e-01
-9.742245395096542637e-01
-8.417275445464051931e-01
-1.346658858105149736e-01
9.303215368171251498e-01
-2.220146171063288598e-01
6.315727838185323240e-01
-1.050982594569425110e-01
-2.596489608855168107e-02
-3.473778744258382289e-01
5.506991973239219185e-01
6.083363023766155120e-01
-5.711101478993734215e-01
-3.819729085773142518e-01
1.197637496530792323e-01
-2.086525467777251563e-01
2.290765514627188804e-01
-7.601023844102379190e-01
6.711810480091473519e-01
1.143795660312221241e-01
-3.166745297280568749e-01
-1.099247225944055550e-01
-3.611345138657919840e-01
-1.127745692563533186e-01
7.445244382492961499e-01
-8.887432567509860881e-01
-7.464201767698659395e-01
-1.681191487477382562e-01
3.299595421011545238e-01
-7.050294969422303826e-01
-8.074179149781173237e-01
-7.540094555189762460e-01
-3.083219203791578433e-01
3.361915541933249152e-01
2.651140425604294748e-01
9.568691792733083901e-01
-3.395555958974982858e-01
5.150341876187789492e-01
1.715921743285946377e-01
3.651266303124578450e-01
-6.856993654826173401e-01
8.085698260632545598e-03
-1.934847880686725308e-01
-7.013351016489464129e-01
9.426647592844774604e-01
-2.107617037484146305e-01
8.334389143798581756e-01
5.317240407321155438e-01
3.110674823932202404e-01
7.771435571720712865e-01
-3.023615410854199048e-01
-4.392561292688026420e-01
9.747882169441783873e-01
-3.441192291961205907e-01
3.583598106391550076e-01
-6.443334107530227506e-01
2.875840688022557323e-01
1.614364976089779358e-01
-1.044380317674864500e-01
1.470712744039297526e-01
-2.912009114355835759e-01
-9.585665398693956618e-01
-9.249342511879548034e-01
7.024097959124333546e-01
7.759173474750897803e-01
4.828977667566045628e-01
5.333486729221248446e-02
4.464670288718461943e-01
3.606206991808731388e-01
4.960542978856841145e-01
-7.061178344856711142e-02
2.873044152346437841e-02
-6.306350593341147892e-01
7.207661091804709041e-01
-8.233688904881359960e-01
9.150308305160532729e-01
-7.212659125520419767e-01
-9.244564365110805593e-01
-6.145820358773028680e-01
3.423410134794859783e-01
-3.126467127525800471e-01
-2.111472149326947267e-01
-1.245807223387696006e-01
-3.735637250105139362e-01
-8.691355677429533078e-01
-4.617583996802125945e-01
-1.503210900510767445e-01
1.416649492086941020e-01
-5.702623366488115408e-01
-1.000962939155345399e-01
1.777388501747378946e-01
1.020764092419235158e-01
-8.255090836975966795e-01
-6.478428229992045928e-01
-2.143896131263731686e-01
-2.027503067241813728e-01
-8.628084868679453123e-01
-1.071767411212647403e-01
-4.363895319714123922e-01
8.615694320474236445e-01
-3.667982810581589259e-01
-7.044273487241070608e-01
-4.253297160235773866e-01
5.389760053085292935e-01
2.048934179558234980e-01
3.785000229815720374e-01
3.932684822433696326e-03
-4.789314469620116199e-01
8.962220665380720153e-01
8.618845402959243174e-01
-5.637771037266745555e-01
-8.559474153096138238e-01
1.386093615502395071e-01
-9.538594901308705687e-02
6.874414459861810656e-01
4.476000970378986032e-01
4.288037156088531088e-01
1.217810836008870190e-02
4.002772769609586057e-02
4.781279806940279542e-01
-9.670785304741769117e-01
-8.243002651041400064e-01
-6.333531762774879947e-01
-4.389996273595158094e-01
-9.103374976363955984e-01
7.861255349276592419e-01
5.741038252183705559e-02
4.596710159472110480e-01
6.500886623288879562e-01
7.668987847580854833e-03
-9.106371952424920924e-01
-1.860654208641017160e-01
2.704737620662156505e-01
-6.546123733659723332e-01
-7.698506470850929873e-01
-1.479634203510007406e-01
1.412425610860219560e-01
-5.284158749397231958e-01
-6.965275019913754750e-01
-3.914773760644467693e-01
-5.552843179011002217e-01
4.138324767640566559e-01
7.938413561518942174e-01
-3.198525747896965310e-01
7.042331149148828295e-01
-4.977296588303594671e-01
-1.884936498338114497e-01
7.799855832783686438e-01
-7.383602555354531471e-01
8.991559204513563941e-01
3.425989140482204043e-01
-8.552576953225068390e-01
7.114876520517174896e-01
-7.683206248343621425e-02
6.535399624930344764e-01
9.491283644251711227e-01
7.671863898572615081e-01
-2.623795040208680707e-01
4.107238197515890032e-01
8.789100580299478160e-01
-1.675689239795323804e-01
7.104456181871832143e-01
-4.079798436069890233e-01
8.145695599655191632e-01
3.375157132628558987e-01
-3.957431651225458147e-01
6.502289933039908654e-01
7.045269725266205540e-01
4.982398801466929594e-01
8.497311550904766975e-01
-2.949780012587972511e-01
1.550952401465621744e-01
-1.488983073423419956e-01
-6.480455463829142282e-01
-4.713241303184787512e-01
8.097122259595621596e-01
1.890659279555118033e-03
