
0 61.90129 24.130549 23.040314
1 61.90129 37.453128 17.143986
2 70.426367 44.484501 18.097702
3 67.563188 53.673577 12.990009
4 65.363682 58.958248 9.627025
5 65.363682 59.115129 10.62381
6 74.819975 61.167581 4.124571
7 65.363682 60.015101 5.799268
8 65.363682 60.34496 7.365295
9 62.553541 61.753227 1.232066
10 64.872513 58.101924 13.320825
11 65.770914 61.743916 2.863329
12 64.872513 61.733207 2.172397
13 64.872513 61.762913 2.508296
14 62.568971 60.765491 3.749875
15 62.568971 61.679119 3.473272
16 62.569831 61.089462 4.717586
17 62.569831 60.597892 6.999736
18 62.643057 59.874564 6.995115
19 62.643057 61.56248 1.910843