1.603239291566209701e-01
6.163039437590436265e-01
-8.703216639856410364e-01
9.554228646518168055e-01
2.954055602524479074e-01
9.129222060495398861e-01
-1.401783297841161513e-01
9.834878383668197444e-01
-6.556945390095720860e-01
2.459477465605632851e-01
-3.981429517294079456e-01
5.914731924928080531e-01
-3.500160351655561275e-01
-4.523789265106965551e-01
-9.640598110411848776e-01
8.682242730319122970e-02
-9.642252782816140844e-02
-9.129599148302929290e-01
-5.942017552708886985e-01
3.298899227155849267e-01
5.276502112581373805e-01
-9.540103216874509240e-01
-7.954240351230743578e-01
2.629760201604907088e-01
9.676552086332184111e-01
2.233889088096625564e-01
-7.979555441483199285e-01
-2.560754527190478580e-01
-8.613731510935700442e-01
9.957003831177786424e-01
6.314399574127971260e-01
