5.071331664621381297e-01
-8.568387192872632951e-01
2.365101644407181514e-01
5.688294844233527936e-01
5.199235437431464213e-01
6.700054313231962322e-01
-8.129544586201444822e-01
2.010553544009356930e-01
5.299894288380222473e-01
5.843944767639153159e-01
-7.696351452739724763e-01
5.240174499306526901e-01
1.577023858274908541e-01
-5.059586754820677434e-01
2.023956903387573725e-01
-1.211015301524160925e-01
-1.856743652293053604e-01
-3.823020615280865453e-01
-9.584084499330014495e-01
8.128240910616435499e-02
4.516540864124098942e-01
2.115699870275828953e-01
8.453405638609596817e-01
1.311663074378990324e-01
-4.012854263568244040e-01
1.282888383946190203e-02
-5.598223989634454334e-02
9.684415302845295059e-02
-9.809495563557704134e-01
-7.401630166054218307e-01
9.390189048320072285e-01
-7.621988405801822797e-01
5.919868660679561412e-01
-1.073378020015696155e-01
1.097086983167954166e-01
8.817931355444881270e-01
4.194328722963440725e-01
6.960747636589392773e-01
4.011963882405180648e-01
6.767986148431421878e-01
4.947960415158503267e-02
2.315571853937095081e-01
-9.159328196806799660e-01
-5.258059796229133109e-01
-4.216625292563200844e-01
5.744795271928904157e-01
1.926652742877303925e-01
5.142585352388506781e-01
-6.198947137484132064e-01
-6.936104171068637747e-01
1.178736994734759236e-01
9.774882704627625429e-01
6.752374121050028766e-01
-5.592127868446865602e-01
-1.383254264310840309e-01
-4.074329372938794158e-01
8.046045200628948457e-02
-6.727760994879661283e-02
4.211944131399156799e-01
1.196761330147622093e-01
-3.699429265777056663e-01
7.180495312702666055e-01
2.639579496871051756e-01
2.278411692517698928e-01
-7.073108932928549031e-01
7.520419489634253551e-01
-7.651448496771586782e-01
9.295866007550646071e-01
-5.825325165181860498e-02
-4.715247463087530733e-01
-2.351753993908116680e-01
-3.754151914759942255e-01
5.896693962642742814e-01
-9.550050010872641604e-01
-1.560008950073963341e-01
7.400344439939834373e-01
2.823265631477285265e-01
-1.510028793939057756e-01
-6.564679960729093988e-01
7.715969697469542421e-01
-2.358643079961102451e-01
4.400726395981999772e-01
-3.543123538238706072e-01
-6.528168379762744333e-01
-8.646418178031862745e-01
3.918597602680764513e-01
4.562932552793734775e-01
5.350996279816626622e-01
-5.502457068054278366e-02
6.737351686139769757e-01
-6.099481465405534042e-01
-9.257800387910974926e-02
-9.678703946584641393e-01
-9.149534610161063064e-01
-9.539689932367703129e-01
7.933163985053419687e-01
1.032344233428212910e-01
2.057418774548753770e-01
8.746472468353312379e-01
-5.105389400445481396e-01
-4.370975018782807808e-02
-5.703714095065808287e-01
-9.168350464605177219e-01
-8.088237305290988388e-01
-3.052508370947100147e-01
8.115941106399340299e-01
6.646796149155194122e-01
2.471693354948456545e-03
-6.084605433692247267e-02
-3.335009215035724672e-01
7.246066030066233843e-02
-6.762189784506389412e-01
5.555494538944751870e-01
-4.183535004124163681e-01
8.839827861559803601e-01
-2.364162182152580449e-01
8.172983744091464331e-01
9.369885482799689136e-01
9.373857647592094278e-01
-8.063908512143092011e-02
7.815595523480178830e-01
-4.467347328370312454e-01
-1.056522649768496525e-01
3.639476658237119633e-01
5.153679380557520950e-01
-9.187858434518787476e-01
4.704865399980184826e-02
6.890615125110257644e-01
4.874847903617409717e-01
2.594283101350329801e-01
-5.033359215923183250e-01
-8.642939861772820365e-01
4.331103932414048785e-02
5.013520201975820711e-01
-9.845638628992585684e-01
6.163950095646695271e-01
-7.080305608164103592e-01
-6.027346163206339646e-01
-2.903836762740121813e-01
3.701085608911607316e-01
-1.630280963988490761e-01
-1.510706986081280512e-01
2.011963443304456423e-01
-6.231295929659708133e-01
-3.706485043486817954e-01
-5.587482289086533882e-01
-7.425127260224795300e-02
2.281382519825003730e-01
-5.876190904148841376e-01
-9.430584281113389977e-01
-9.988579228996827819e-01
1.508243616568973877e-01
9.412276599968585344e-01
-3.770025313464262506e-01
3.023142305499304516e-01
7.720904713930605290e-01
9.656588667309489171e-01
-9.297934130223706184e-02
5.901379623043365719e-01
-4.484044154957671502e-01
-6.864154135358033759e-01
2.667290929348375972e-01
-9.742158425643481223e-01
7.780249962957497267e-01
-7.626430095660001740e-01
-5.701391777258519866e-01
-9.313286503270288286e-01
1.361547026051601605e-01
-7.154076607459021186e-01
-6.181367432940687578e-01
-2.813263651999184933e-01
2.019717245262362404e-01
5.840560096513762733e-01
2.604868275939500322e-01
-7.438428573203474947e-01
-8.591459971289536757e-01
5.765977537747435377e-01
-9.514941228609283819e-01
-7.118111061027041497e-01
-2.740341717270387001e-01
6.884546471875714335e-01
7.319452392530125806e-01
1.252563252022009799e-02
3.979982325809698906e-01
9.816901552299650557e-01
2.672587504577570439e-01
-2.733420006486868559e-01
-5.923455818630860570e-01
6.325759073715644387e-01
1.209401745522311611e-01
5.050477716717849397e-02
4.739901034253091172e-01
-2.111355093342865974e-01
7.944020415600103746e-01
-3.959454042865806489e-01
1.254394760497716810e-01
-7.461228293648771714e-01
-4.747607252885241991e-01
-5.823298107219303521e-01
-6.508455037238167762e-01
5.997649399350886146e-01
7.849825307446829381e-01
6.120297667725360657e-01
5.363926026315877227e-01
-9.296396690823494069e-02
-2.104044351217122522e-01
-4.758037303564259801e-01
9.167367685056726501e-02
4.725951939203758556e-01
-5.289826280487022192e-01
7.696478420484638150e-01
-2.865303380707060477e-01
2.950656743479482813e-01
4.904768485073551787e-02
4.158150277685037643e-01
-8.885996581684050266e-01
-1.453932659825813989e-01
1.376313407819806933e-02
-3.908252165528294242e-01
-7.353974067307600393e-02
-5.032916390544750485e-01
-5.109549465760911957e-01
9.250911583815129013e-01
-5.866998730680688112e-01
1.391352144491500020e-01
8.558704402505314945e-01
-7.883488045603814776e-01
-8.733134724586451014e-01
4.958545289732763095e-02
5.794504675249023684e-01
-2.400150876505353637e-01
2.209688382382235528e-01
5.866233521363219960e-01
-5.556209826059219647e-01
-2.816150779424428929e-01
6.772384277481613424e-03
-7.741595471031119668e-01
2.895493424559762996e-01
6.570550685752423181e-01
1.943809569239225432e-01
-2.897403043572470693e-01
6.626353053832563234e-01
-5.947393017485946842e-02
4.037917978804774766e-01
4.311001053043452824e-01
2.093319905540813597e-01
-7.040990276742804532e-01
4.594209398641888598e-01
-3.243535390025802378e-01
5.815561534844242431e-01
-9.308800873063500791e-01
-5.884665627778666863e-01
7.967601953286835847e-01
7.072684959322925735e-01
7.085961751857168256e-01
-9.488664059938114459e-01
2.972338937813485682e-01
5.634381529593763815e-01
9.042978123300520199e-01
-2.336052087156810231e-01
-5.490560195900147100e-01
-5.588721312354425486e-01
-4.883599777556919541e-01
9.196551023309647022e-01
3.777736992636366864e-01
