-9.266653226637167062e-01
7.180422586846775257e-01
-7.207721741144546002e-01
1.456604850697953424e-01
4.084714721655642311e-01
4.961466253229591672e-01
6.057588535989679723e-01
5.671508350770124718e-01
3.924643640125635713e-02
-2.898688748726816478e-01
9.191388048492992180e-01
-2.844070668958094128e-01
-9.426521344919556178e-01
9.338514570905864787e-01
-1.924216636757236643e-03
-3.340943357414949411e-02
2.694699225489209926e-01
5.980809322915912052e-01
5.396903796944179099e-01
9.914109994257795933e-01
-9.164888210527282197e-01
5.255061976382864319e-01
-5.169197493577764035e-01
-1.989662937604286252e-01
-4.029981908563069481e-01
9.070886492610701346e-01
-5.175085903720937353e-01
2.691090599305363540e-01
-3.631566098462981618e-01
8.145784395563360203e-01
-8.405571930513890955e-01
1.153493886007184166e-02
-5.509790962119216484e-01
4.738496062213786164e-01
-5.626854715467151102e-01
7.595906203574862570e-01
-6.313033835668702132e-01
-5.817493077263078405e-01
-8.110338927237608075e-01
-9.969769298287447512e-01
4.947960415158503267e-02
2.315571853937095081e-01
-9.159328196806799660e-01
-5.258059796229133109e-01
-4.216625292563200844e-01
5.744795271928904157e-01
1.926652742877303925e-01
5.142585352388506781e-01
-6.198947137484132064e-01
-6.936104171068637747e-01
1.178736994734759236e-01
-7.758945481762664631e-01
6.752374121050028766e-01
-5.592127868446865602e-01
-1.383254264310840309e-01
-3.558133877854532390e-01
8.046045200628948457e-02
7.671927276407695118e-01
9.451292003464972780e-02
-4.290488249246191543e-01
-3.699429265777056663e-01
7.180495312702666055e-01
2.639579496871051756e-01
2.278411692517698928e-01
6.081765263860559045e-01
7.520419489634253551e-01
-5.167051054624702822e-01
3.631373667831874208e-01
-3.481564199393860637e-01
-3.351845861657445358e-01
4.454059021351253200e-02
-6.126465556036151394e-01
-1.305650087897201050e-01
-2.328195053345836207e-01
-3.808413773586458717e-01
3.774844777653323380e-01
1.697514576569030265e-01
6.546844556906898926e-01
7.922915132994303722e-01
2.608611900256727623e-01
-1.018910319543853138e-01
8.921742165707491345e-02
-8.314764565087349180e-01
-1.125264534995245036e-01
-1.734513070088958830e-01
-7.118692435966886833e-01
7.414763774483672520e-01
-1.988364012747456666e-01
-6.443991902825108031e-01
-6.456650399734953361e-01
-3.033313562927753004e-01
2.899389609970781656e-02
4.982808188937954963e-01
-7.853119925855811534e-01
7.328102568990837451e-01
1.933074658943974011e-01
-9.563751309554846536e-01
-8.035782835696150261e-01
-5.828756912959625058e-01
-5.105389400445481396e-01
-4.370975018782807808e-02
-5.703714095065808287e-01
-9.168350464605177219e-01
-8.088237305290988388e-01
-3.052508370947100147e-01
8.115941106399340299e-01
6.646796149155194122e-01
6.413315669531405305e-02
-6.084605433692247267e-02
-3.335009215035724672e-01
7.246066030066233843e-02
-6.762189784506389412e-01
5.555494538944751870e-01
-4.183535004124163681e-01
8.839827861559803601e-01
-2.364162182152580449e-01
8.172983744091464331e-01
9.369885482799689136e-01
9.373857647592094278e-01
-9.396629202320190277e-01
7.815595523480178830e-01
-6.259251897221536076e-01
-1.056522649768496525e-01
3.639476658237119633e-01
5.153679380557520950e-01
-9.187858434518787476e-01
4.704865399980184826e-02
6.890615125110257644e-01
4.874847903617409717e-01
2.594283101350329801e-01
3.783917488494659143e-01
7.830337234364919130e-01
4.331103932414048785e-02
5.013520201975820711e-01
-9.845638628992585684e-01
6.163950095646695271e-01
-7.080305608164103592e-01
-6.027346163206339646e-01
-2.903836762740121813e-01
3.701085608911607316e-01
-1.630280963988490761e-01
-1.510706986081280512e-01
2.011963443304456423e-01
-6.231295929659708133e-01
-3.706485043486817954e-01
-5.587482289086533882e-01
-7.425127260224795300e-02
2.281382519825003730e-01
-5.876190904148841376e-01
-9.430584281113389977e-01
-9.988579228996827819e-01
1.508243616568973877e-01
9.412276599968585344e-01
-3.770025313464262506e-01
3.023142305499304516e-01
7.720904713930605290e-01
9.656588667309489171e-01
-9.297934130223706184e-02
5.901379623043365719e-01
7.435803669465830268e-01
-6.864154135358033759e-01
2.667290929348375972e-01
-9.742158425643481223e-01
7.780249962957497267e-01
-7.626430095660001740e-01
-5.701391777258519866e-01
-9.313286503270288286e-01
1.361547026051601605e-01
-7.154076607459021186e-01
-6.181367432940687578e-01
-2.813263651999184933e-01
2.019717245262362404e-01
5.840560096513762733e-01
2.604868275939500322e-01
-7.438428573203474947e-01
-8.591459971289536757e-01
5.765977537747435377e-01
-9.514941228609283819e-01
-7.118111061027041497e-01
-2.740341717270387001e-01
6.884546471875714335e-01
7.319452392530125806e-01
1.252563252022009799e-02
3.979982325809698906e-01
9.816901552299650557e-01
2.672587504577570439e-01
-2.733420006486868559e-01
-5.923455818630860570e-01
6.325759073715644387e-01
1.209401745522311611e-01
-1.606341464546350295e-01
-6.810123608653095850e-02
-4.118353175990012716e-01
-3.976922120822419249e-01
-2.183612878606735475e-01
-3.010042511386161745e-01
2.817293299563843334e-01
8.444186908640194389e-02
6.818869672917082791e-01
4.595367237163889840e-01
-3.013665869399506647e-02
4.560006105799310205e-01
6.626592214200124342e-01
9.864039441254028873e-01
9.785810353717661059e-02
-6.864364528365882734e-01
4.724244966968291770e-01
1.567107831416885144e-01
-9.217947664198837820e-01
-9.309548381232799485e-01
-7.101423250944109977e-01
1.731412033282735408e-01
-2.481074588650966639e-02
8.558764838677619391e-01
7.011538526538980687e-01
3.128369134601014512e-01
-9.137264762515333594e-01
-3.946563565370926341e-01
-8.242262220072464896e-01
4.074692654338076814e-01
3.761122358623743001e-01
6.243511915111763511e-01
5.521235369238253199e-01
6.831962461818672505e-01
6.298319840586994456e-01
-4.079274371734804561e-01
-5.141069544046279471e-01
5.851998644679969885e-01
-1.932503597048753630e-01
4.799354068023504727e-01
-2.027070751346933264e-01
-3.737638712106428063e-01
-9.869154029295870156e-01
4.087237913034553749e-01
1.246340044117366652e-02
-2.314757346677744909e-01
7.302962508097587957e-01
-7.153789684176672381e-01
4.138756521760791340e-01
-9.425488849642369438e-01
-9.659232653590337225e-01
1.581053107464633900e-01
8.333941779083684498e-01
-1.901571081108357486e-01
6.540154218111911000e-01
8.674984086722470344e-02
-2.256869479858685246e-01
6.887749365105506616e-01
-1.877604308895839402e-01
-7.400049785485207643e-01
1.381205808337733210e-01
-4.368489226138616566e-01
5.002135630361670415e-01
5.939775801685691636e-01
8.636032618124100946e-01
6.848940139608907796e-01
-6.521372490633914332e-01
-9.443644175396508356e-01
5.006554498096822403e-01
7.143335390714891098e-01
-8.621790433988856250e-01
-8.630397392552555669e-01
-9.658944806086169343e-01
5.837977930158582129e-01
-9.554973468780187940e-01
