
0 70.816997 43.106554 19.359998
1 62.058759 43.491681 21.24388
2 62.378623 49.168502 16.769724
3 62.463176 51.715428 18.82922
4 62.158076 50.993967 19.372592
5 62.328364 57.326023 13.262358
6 81.08172 53.146723 20.793714
7 76.205904 50.681203 22.798279
8 76.205904 53.939293 20.925117
9 76.205904 52.896728 21.184285
10 76.205904 57.496182 17.123652
11 73.568751 57.822881 14.88015
12 74.051504 56.795246 15.352688
13 74.051504 60.165745 7.542154
14 62.324965 58.202916 13.303788
15 62.324965 60.963122 5.320308
16 62.42433 58.385761 12.009282
17 66.714737 59.318705 9.951105
18 62.42433 60.831658 3.409337
19 62.517945 58.738217 10.506504