2.499598673770822010e-01
-2.663221432752413964e-01
-1.821537602867182581e-01
9.595161794825559642e-01
-8.977093714419193127e-02
-4.850407138520131944e-01
3.009693597005334009e-01
-6.042238439307383580e-01
7.563668131492229385e-02
-1.962130852450103546e-01
6.628829631215091833e-01
6.583242417932462232e-01
2.116919982195755168e-01
2.220610590407996465e-01
-3.267344441787567444e-01
-5.750121260833869208e-01
9.799580682574771107e-01
-7.983335360920005286e-01
-5.569357371033882842e-01
-1.579598317726182977e-01
-8.256273167333998408e-01
9.338543379311619042e-01
8.185715185881332623e-01
-5.313811039961009453e-01
-5.760991510135855531e-01
-4.582835234105193667e-01
-8.154524605774469137e-01
1.472507247889012216e-01
7.167487541271262419e-01
-1.005265975568438996e-01
4.590270211271083589e-01
7.784607026506304983e-01
-4.173391066047369424e-01
8.207139702597723296e-01
9.386420314440484525e-01
6.723454669918638160e-02
-3.281036640204333388e-01
-5.124141381564979447e-01
7.221938288031406472e-01
2.991033171019097381e-02
-2.031414945517440174e-02
-6.190685405670799391e-01
-1.109368919442843548e-01
7.513095535584355389e-01
8.040580517561131124e-01
-4.606159087028853794e-01
-4.520585013862483681e-01
-1.835363079610476955e-01
-3.636003294725842494e-01
-9.259048778838381288e-01
-9.453518018138244994e-01
1.289752831542960720e-01
-5.375401670612840466e-01
3.752556468876133700e-01
-3.144434734464431891e-01
5.009084657259768036e-01
-8.261875854655635898e-01
-8.406647339368884531e-01
2.892824075983693177e-01
5.446495489349723051e-02
-9.176094676905630632e-01
-4.481252345186375052e-01
-9.641610755924978626e-01
9.654920913965781004e-01
-6.986563963364558205e-01
-3.368322232337710442e-01
-9.221112158016075977e-01
-1.302680376893003977e-01
-6.733479255015570875e-01
4.361236436752240486e-01
-8.402706093294782796e-01
1.904311999358663243e-01
7.035722493933997956e-01
4.179885987008380432e-02
-6.363703301860168526e-01
4.092384922573681916e-01
1.156856437749638200e-01
8.846443285994165517e-01
1.855287381185743989e-01
-1.202193458571634288e-01
9.707717483464817221e-01
6.381362918340569568e-01
7.099759608223852325e-01
2.943956083903713772e-01
1.244908993006135223e-01
7.492266514135728084e-01
-8.264780375739884111e-01
1.430794301148978764e-01
-6.285238869536640127e-01
9.050644657888415878e-01
-7.451478736403376324e-01
2.639721021376217891e-03
9.028377646562892878e-01
-3.733949108483503032e-02
-2.433417772428869696e-02
-7.722486067482039473e-01
-9.287517844979220616e-01
-8.301762013188891398e-01
1.432139833246326432e-02
8.283075463084716983e-01
6.200376303675854128e-01
-7.683183704253311319e-01
4.869091122860154108e-01
-7.026560734361197991e-01
8.667947976477152761e-01
-1.003422637916671079e-01
6.306506267531013510e-01
-7.165997508510351111e-01
1.504604471725121684e-01
4.839597320570974137e-01
6.757145238104265150e-01
-9.660757618384347989e-01
4.982629132538896055e-01
-6.618432873713742115e-01
-4.407513922258206041e-01
3.195800309925582727e-01
5.911972208781592908e-01
-4.996022137559614773e-01
-8.295301058468100841e-01
3.434337420040824984e-01
-6.635494563773212118e-01
-2.087766295250628179e-01
-6.913360879609420362e-01
-1.135463145943642616e-01
4.908943155918521484e-02
-9.431393197609139190e-01
-8.060173730006083836e-01
4.631289287708941771e-01
-8.923082105643240780e-01
-1.684958901568101020e-01
1.401230210903128270e-01
-7.363407596583018133e-01
-7.693536144968351476e-01
2.712616577901756365e-01
-6.214890764107992016e-01
3.395067972888969887e-01
-1.858436767862856609e-01
-3.493856511163540013e-01
3.476222576245038276e-01
-8.289868489047180766e-01
-2.442420983376969446e-01
-4.041839624891387928e-01
1.853537230254662660e-01
-3.492077390217174226e-03
5.578794216955669238e-01
-2.062890475391232492e-01
-2.430693027253334471e-01
6.294571846854348784e-01
4.919255732831371297e-01
2.400585322159360935e-01
9.456946257020755198e-01
-5.605765779997144982e-01
-1.754602654733670164e-01
-4.086084738525470605e-01
2.943055483088832247e-01
-8.642304185881284351e-01
-1.808033435575833181e-01
9.018957427586178355e-01
-5.120715952529537596e-01
-7.895123312413172556e-01
6.865655427110237685e-01
1.891209475466417711e-01
8.524363906736023289e-01
-2.794822533701302181e-01
4.080585655259882927e-01
-3.115744871015864170e-01
4.307197011654497754e-01
-6.582544790872635332e-01
6.679838732571208304e-01
-4.690320899452915526e-02
-2.202554532513583130e-01
-1.309734295121081082e-01
1.445816441168341626e-01
-1.780100665334665155e-01
-4.540317887404170527e-01
-6.477371388678703212e-01
-2.878188400529335667e-01
2.442533856196882347e-01
-4.746930275672216482e-01
-7.657643613252673731e-01
-1.766950337780806013e-01
-3.660055469798408900e-01
8.708194785717084940e-01
6.691542857306276293e-01
-3.083819728724421783e-01
-3.821219612658219855e-01
-1.686628558837628411e-01
3.413642441609983091e-01
-9.432912420104320184e-01
-7.725754260744965851e-01
-2.197129667251889185e-01
5.918624147090365550e-01
-4.797061959547785914e-01
4.168066121533740009e-01
-3.680123612109453823e-02
-9.270866057786020242e-02
-9.833851370965156491e-01
-8.866417125937666732e-01
4.838693106329707838e-01
5.947836372358121793e-01
-3.031626756572500803e-01
-6.055045445535922610e-02
-7.190292875201720335e-01
7.559348592127481670e-01
1.207985750914002399e-01
-2.924370332963108776e-01
-8.747715859903080204e-01
2.484534072047814846e-01
-6.039863781509393625e-01
1.190492540283276668e-01
1.797822464546672272e-01
-2.520380927404362037e-01
7.094213715468153936e-01
7.668864451340517974e-02
-6.939300687427081282e-01
-4.183266510584076059e-01
-8.864247943879071112e-01
5.361780625596481720e-01
-3.716686470090986294e-01
3.507032148648236980e-01
2.729135793325632164e-01
9.207850614803567701e-01
7.455315896383876151e-01
-4.766240463367932279e-01
-8.444428540508921444e-01
-2.916210709569893034e-01
9.202234745821513684e-02
4.037969987085792134e-01
8.925435917270840847e-01
-8.916705096351096316e-02
-5.959222267011441421e-01
6.511342116980938233e-01
9.066937185585961512e-01
8.775096161592548238e-01
-1.407961378710740341e-01
8.666031452583358163e-01
-3.350388215748143494e-01
-9.076024093562624628e-01
2.044735184984158849e-02
-8.466392183128657045e-01
3.243368266943562617e-01
-3.692161795585260364e-01
-1.376755305939305618e-01
2.496557645613537435e-01
-2.341893842856614949e-01
9.765208098199253950e-01
4.915307886940676330e-01
5.763608723940587542e-01
-5.013519294418131711e-01
-5.235649642686581728e-01
1.003651369071489885e-01
7.810717038436560955e-01
6.666403046718085701e-01
9.997394736987477160e-01
-5.008912734985355719e-01
7.020717441511385992e-01
-1.014027483062303059e-01
1.608754128595279997e-01
-1.971116927187359646e-01
-9.081971110860755925e-01
-4.516339492174514803e-01
-5.396041770892554545e-01
3.823360891637723746e-01
1.818697827961239799e-01
1.413794662928571366e-01
