
0 47.216675 2.954297 11.931403
1 47.216675 9.800579 12.39384
2 87.952306 19.181106 16.559972
3 87.952306 26.574502 19.15433
4 87.952306 33.28514 24.546252
5 87.952306 38.82465 27.191609
6 87.952306 40.619205 32.657731
7 88.697119 51.74199 32.270214
8 88.697119 57.362789 34.280312
9 88.697119 60.842468 34.368157
10 88.697119 60.742127 33.882247
11 88.697119 65.393108 33.052118
12 88.697119 68.356483 28.698737
13 88.697119 66.622975 33.178591
14 88.697119 68.761756 29.934694
15 88.697119 61.031696 32.928551
16 88.810401 69.585142 25.103229
17 88.810401 72.485262 26.129722
18 88.877119 73.204484 23.959433
19 89.596197 68.289048 27.392487
20 90.315941 72.05632 25.241141
21 90.315941 68.089897 29.355996
22 90.315941 75.206534 24.185944
23 90.315941 74.500649 27.014779
24 90.741435 76.743155 26.722046