-3.528335348796982629e-01
-6.655299815336501723e-01
5.107556255571985560e-01
-4.029880485346619690e-01
2.052230987483412150e-01
-9.651556324237167139e-01
-4.254728495831210378e-01
1.601646585533365030e-01
-5.771611709619972608e-02
-1.776142109948999348e-01
-2.652310763148384432e-01
2.152582172546684269e-01
6.614040325229708639e-01
-6.708865670933334968e-01
-5.179966033389262758e-01
4.854173993459640624e-01
-8.907957005136510897e-01
4.174400569053211552e-01
-2.138048989247898213e-02
5.098663378178343031e-01
-6.413448366776191012e-01
-2.491398501156887324e-01
1.367435373285899036e-01
5.311663458432414053e-01
8.415424650024556641e-01
-6.304920633146238185e-01
8.073188943733997647e-01
7.444854313595032913e-01
4.578649594452746108e-01
-2.384755949790493545e-01
2.537399588955384644e-01
-5.856642560088447524e-01
2.221284886121943636e-02
-1.239150443670418156e-01
8.718504161504414540e-02
2.339205256560932256e-01
1.035991784010719119e-01
-4.659808971050771742e-01
7.595926995109572033e-01
2.815874353579863598e-01
-9.623732250761161122e-01
-9.383126864194899497e-01
9.695765079252216534e-01
-1.673139545822761587e-01
3.711644849868580565e-01
-7.017882141946238939e-01
4.295743911873288745e-01
2.773702982923429428e-01
4.791502521709403162e-01
-2.340067554449023479e-01
-2.666368544338304503e-02
2.212744602257044058e-02
9.164490350588201384e-01
9.756612433303484266e-01
-6.002698913186526042e-01
-5.238524013436598459e-01
-1.657612967040158480e-01
-5.627864687532690979e-02
-6.495821182662204762e-01
-6.376469820501931007e-01
-5.157775306693481721e-01
-8.897505126614284610e-01
-9.228043496748283836e-02
9.197997873012353498e-01
-9.831264036764979508e-01
-5.026743133559350429e-01
-7.112115268873790974e-01
-4.144646218094125700e-01
-2.135506974210230613e-01
6.097435800811854545e-01
6.408117023176245208e-01
-3.946853039389783824e-01
7.747107669596862145e-01
5.684982330861907407e-01
2.176798912882464965e-01
6.430709609844154073e-02
-5.491554507528924045e-01
-8.896614963997035996e-01
1.568725083271411691e-01
9.392391094063445856e-02
3.691603721347520572e-01
9.283093400131263717e-01
-8.599911575798653285e-01
-4.350962922370689157e-01
4.877499091323447278e-01
-4.149108119466335953e-01
-2.282865093991377492e-01
6.479908856779197368e-01
-4.792960151887677434e-01
-5.723340707293054219e-01
-4.649340588718606782e-01
-2.199679052747938179e-01
-4.786505692593296946e-01
3.366737064428302340e-01
-6.961423921385951896e-01
2.820791976073198093e-01
-9.911382597129425598e-02
-6.448534832872152567e-01
4.001621025928001618e-01
8.720535268957345654e-01
3.827782385979627833e-01
7.361009558139364195e-02
5.851185938790217644e-01
-2.374849074873039978e-01
-8.241074127043404030e-01
-9.446466583144053075e-01
5.464182837855713348e-01
6.935112120793356372e-01
-7.256589990579358496e-01
-3.006625647543579305e-01
-9.306309296317507584e-01
-2.101026031929631444e-03
3.460903444705696330e-01
4.417180104616853509e-01
4.216361132630179753e-01
-6.755673699068882598e-01
-1.937686537009821741e-01
9.318054473867278809e-01
8.387695539397190814e-01
-2.352851624718885759e-01
-5.083928078071733303e-01
4.593081476393789941e-02
5.996264967922115829e-01
-1.381335434997172928e-01
-2.885443182321290045e-02
-8.826543731032809870e-01
3.293986496124310381e-01
-7.421590684922882986e-01
8.777951699921675566e-01
-8.195605893012507526e-01
2.015570419972154692e-01
7.567855193465700125e-02
4.285087901581818848e-01
5.495477424353225615e-01
1.090093839488568417e-01
-8.967286559785281330e-01
-2.578793939041412742e-02
-4.683639459011168515e-01
-1.392868774550559685e-01
9.852316145737605169e-02
-5.321863031452394033e-01
3.568296862180713180e-01
-9.173570546593061703e-01
4.364535292819837764e-01
-1.194915560659339793e-01
8.981694743942945092e-01
3.684774740362950496e-01
6.991720837325599014e-01
2.083323820576217233e-01
-1.127285114555962586e-01
6.988774856270612013e-01
-4.017216691873781720e-02
9.552672974525633354e-01
-5.781980289648886995e-01
-9.101281150500195594e-02
2.598194548327732445e-01
-1.841174051766618636e-01
-8.622406960002952925e-01
-6.154294505838304730e-01
-9.511304135459119902e-01
-2.470651181977705502e-01
-6.621160199821267689e-01
-6.659983905470623355e-03
4.920096051768656498e-01
8.538991701346581031e-01
2.779076648588627574e-01
-6.073770343803468474e-01
5.041823221060404148e-01
8.466462946262027778e-01
-7.470146177081566918e-01
-3.284842617174701385e-01
4.476968116846791190e-01
-5.526866453430525628e-01
6.280460100452047723e-01
5.777595322259874155e-01
-5.151276387153900238e-01
-9.237336651103358331e-01
1.810893497326466761e-01
-5.687521578806113975e-01
-4.472735682740038854e-01
-9.054042709688627788e-01
3.097424088261870878e-01
8.149939562957129180e-01
5.381899814125730153e-01
-9.882855658636924279e-01
2.129286637193743559e-01
4.872475850099238226e-01
8.130684900057922881e-01
1.271124236017107112e-01
5.441697331655459546e-01
9.599137216945190509e-01
-7.629047825175825359e-01
-7.657008373573415128e-03
2.806385146297989408e-01
-9.211953702328032900e-01
1.386070039007354371e-01
-9.730048285698136290e-01
-3.090010173494739387e-01
-1.227148729845688457e-01
-9.618164821684520582e-01
-5.948776013412273578e-01
5.599751096622740398e-02
4.733027309516941727e-01
-3.103680746722603523e-01
-4.666701846054472913e-01
4.140318407077050455e-01
-1.003418840636047804e-01
-8.119029525666643377e-01
-9.503745968770924701e-01
-3.266952093181636485e-01
-2.591843506553852539e-01
-7.885277033559598969e-01
4.187789595492055206e-01
-2.549585917348826669e-01
7.229510645528423041e-01
8.386596120716560687e-01
-6.306378875261977601e-01
7.014842842741049189e-01
-5.950976455983914004e-01
9.536667049526015294e-01
3.970972679180517773e-01
-4.716792251171209038e-02
6.840718033166870438e-01
-2.786803541709128584e-01
-3.993406340413487854e-01
-9.077785459083644870e-01
4.645107751662647111e-01
4.862981899917782069e-01
-1.232271315143931290e-01
-6.125660352804989106e-01
5.744910469982333900e-02
-8.158502713467443712e-01
-8.398820980175540907e-01
6.893630596035720259e-01
6.586578169153984863e-01
8.941698358299829952e-01
9.328198164629162292e-01
6.048494876756329575e-01
2.679070951909978682e-01
-3.355304257501290355e-01
3.073551273818064811e-01
7.793310666475643522e-01
-8.786761529636861745e-01
-5.989284236763532387e-01
-5.066159748093950199e-01
-7.711029385121555002e-01
-3.665423950425683586e-03
-8.149927882952252567e-01
8.734118720431882643e-02
3.337575030692583322e-01
-9.617404556105133562e-01
5.656897949187260632e-01
3.500340287075227597e-01
2.304106480494692022e-01
-7.272220664799724510e-01
-5.049959898809290859e-01
6.436857527770913912e-01
-1.779780200833436243e-01
6.595876134841249794e-02
1.701161809144702275e-02
-2.008241475722474245e-01
1.837337287003997233e-01
-3.606215705101809554e-01
1.164774280186600119e-01
5.455257613852946275e-01
