9.815572568127426401e-01
-8.577372923966910534e-01
-5.400516760903064650e-01
9.208077071336826513e-01
9.541210249986933345e-01
2.597324254412016753e-01
8.339252201538951415e-01
-6.587196516059952156e-01
-8.491708939603608286e-01
-9.772140101358626207e-01
-9.369750728696488729e-01
9.943334410762227904e-02
-8.122097276248432252e-01
-4.871954581878052970e-01
-8.029901163477886072e-01
7.546684459654433574e-01
7.580517568553046814e-02
-3.344710777783974631e-01
7.000287406135590196e-01
9.323677419485891793e-01
-8.069658496877993858e-01
-9.575906631322563811e-01
-8.351334470245994623e-01
4.403622397521294030e-01
3.697329286744257537e-01
-2.976740397656154613e-01
-4.437002769770304056e-02
-9.115124716972013985e-01
7.186333738383350322e-01
-7.883423723115967618e-02
8.870729640864847276e-01
