
0 65.895718 17.399127 23.812703
1 65.895718 37.118362 23.286622
2 65.895718 44.247117 22.329147
3 70.954524 51.244031 20.61677
4 70.954524 52.667599 19.248675
5 78.512762 55.917096 21.581746
6 78.546964 59.70132 14.330145
7 78.546964 59.575586 15.604896
8 78.512762 62.172769 16.148774
9 78.512762 63.646732 12.417476
10 78.512762 62.29552 14.808022
11 75.67372 61.983143 14.023486
12 75.356861 61.199257 19.155289
13 78.349388 56.454928 13.626312
14 78.349388 58.807655 15.163352
15 78.349388 61.717687 14.227485
16 78.349388 61.762715 17.293578
17 78.349388 66.132151 12.177469
18 79.370414 61.927718 20.330914
19 79.370414 66.276672 18.622767