-3.999442598003222216e-03
4.213040948966111365e-01
-2.136417593421402472e-02
-1.086593565534865746e-02
8.848145883978955073e-01
2.049784906775953264e-01
1.560395662640501335e-01
-9.966754512490167972e-01
-1.834632324434071204e-01
2.687914503616481987e-01
5.145806900252167804e-01
3.691559154242995966e-01
-7.603242165926942242e-01
-2.522210916059206554e-01
-5.240164792226489343e-01
5.691740146989567872e-01
-9.707679646530007478e-01
6.557369661995353649e-01
-9.745543875695785729e-01
-3.117625745907355306e-01
-2.418804974235198024e-01
-4.577543491427626954e-01
-2.053437585805961696e-01
-8.548588590651131636e-01
-4.001788559502332809e-01
-5.532414227751902835e-02
8.681177154709218691e-01
-1.913045452559181125e-01
3.732559209602530625e-01
-6.968464355724748316e-01
-8.800476994422268273e-01
-4.121839029985259195e-01
1.267823352801744630e-01
9.936865125450728975e-01
2.785609492832308298e-02
2.165241757647384802e-01
2.540829523367031939e-01
1.032546157724667513e-01
1.910719680470984727e-01
-3.985100411668320852e-01
-2.430571690543508190e-01
4.823103540002346978e-01
-6.622710816349208773e-01
-4.567286438639197588e-01
-6.374600641291998659e-01
-9.811268715165710752e-01
2.459253079816470233e-02
-7.761604330043043731e-01
-4.716603671574122192e-01
6.341783664884947935e-01
-8.818958126296090327e-01
-5.745568390724908880e-01
-8.934002823739317645e-01
6.671479405915099470e-01
-2.362835998143655303e-01
4.945372577702937811e-01
-2.217176263358788812e-01
-4.252415070134480946e-01
3.789550925203997167e-01
-1.387084425526041720e-01
-8.463185634436136695e-01
4.011627697424668959e-02
6.267377980189261510e-01
-8.850259523559216301e-01
3.608241521516473149e-01
1.703296328890140376e-01
-3.800650750666794142e-01
-7.983532484170576815e-01
-7.128260139064090950e-01
-9.638091435016860054e-01
-7.857229141734050071e-01
1.951047735077195977e-01
5.269078964970019818e-01
9.809776048841589713e-03
-8.955345579705298320e-01
-4.621752474912856901e-01
8.708452555053405320e-01
3.696537626860478820e-01
-5.380341847418912415e-01
1.186246250124423085e-02
3.054081270642767798e-01
-2.658027295820630798e-02
-6.051447022184175406e-01
-4.762167473623546421e-01
-1.868749238004197011e-02
-8.810999538662755981e-02
-2.178271179018038683e-01
-3.015212180622364180e-01
8.090884781369025447e-01
-2.744995657111406473e-01
4.567191330167319485e-01
-4.754687984791310384e-01
9.494954039341068075e-01
-8.731813063171591782e-01
5.633095716573697231e-01
3.621040534964963253e-01
8.220867544648082781e-01
-6.276556413839045057e-01
6.954409024466898792e-01
2.217168530527273695e-01
-6.947760928639716838e-01
-4.944636229691792284e-01
-7.179215069514699454e-01
1.706785807378188302e-01
2.123639432188406673e-03
1.673754507825282456e-01
-4.732191005665171701e-01
-1.886890242160541575e-01
-5.399667956389726520e-01
2.253388037330272820e-01
-9.240770831720686029e-01
-3.343979283958615767e-01
-2.767572538110281144e-01
-3.119215064650222580e-01
-8.412681944678079837e-02
3.546501179836680784e-02
6.246117683347087723e-01
-9.557118788944762855e-02
-3.715842856217614898e-01
9.560292889979069564e-01
2.186250593556580135e-01
-4.281980611305502560e-01
-5.016185319894361783e-02
5.795779100584317334e-01
-4.767605265618410915e-01
-9.045494479879161442e-01
-3.755645777218381554e-01
-2.204279909010713467e-01
3.218796760007134328e-01
-5.575696022072773594e-02
-1.719308097653737821e-01
8.951101281570259527e-01
3.755756871012423392e-01
7.337178991734027989e-01
5.538151453888846554e-01
-4.043870837156493536e-01
-7.547290649994020661e-02
-3.914697443004158117e-01
-9.253667787006278900e-01
-2.982385332520787191e-01
-1.401384241307419565e-01
5.881656524711296186e-01
-3.417118654494808450e-01
-5.176876369972975844e-01
-5.261171488540514751e-01
1.698305129504877886e-01
7.117281844549585568e-01
7.216323457424993482e-01
3.511945401717335713e-01
5.399922692735619201e-01
-3.221256892800705707e-02
7.558894234257786948e-01
-4.557748971462922682e-01
5.780701584346910060e-01
4.562346456309260834e-01
-8.747418177492587432e-01
-9.749147858123057286e-01
-6.190556591394746899e-01
6.327941275719082270e-01
6.346303678817852845e-01
7.261825432585604645e-01
9.760144486462756230e-01
7.896262816942845042e-02
1.824514135752886013e-01
9.489449154373132966e-01
-4.189325180386505032e-01
8.325999948026778785e-01
8.664435089470143847e-01
-2.842408300144743105e-01
7.058005437446241981e-01
6.847772455105720635e-01
-9.736843467121094609e-01
1.590960215033452307e-01
5.238069454699942895e-01
-8.790566481891524120e-01
-8.241273005094029713e-03
-7.769556933112773400e-01
8.876596198601516274e-01
-3.853147487653030279e-01
-9.850564817627887049e-01
-9.174311247402622271e-02
-5.230023171457516273e-01
-7.490032443746514890e-01
-4.051519900641735727e-01
-3.413208932857605404e-01
4.569011815376144980e-01
-5.981059687829592963e-01
5.644380729475604319e-01
-6.401627796366646805e-01
1.691297498586719072e-01
1.104569310022092132e-01
-1.000086815875755875e-02
-4.757968718672611619e-01
-3.136189719439805845e-01
9.950610116930329596e-01
3.708932390552297509e-01
-1.770772711419164036e-01
9.618540524190948293e-01
2.167120964052655641e-01
4.892494205066766355e-03
5.446901427662900197e-01
-4.106948587098746550e-01
-3.932011768179504152e-01
-8.167371580325686331e-01
-4.925647692911245823e-01
2.366468137996651233e-01
-1.319621246044966334e-01
-2.496101866972391115e-01
7.815379966075968188e-01
-7.183005196181453389e-01
-1.818275832622364696e-01
3.585113380850772913e-01
6.740388945922597408e-01
-5.003738110301281239e-02
5.599329177165390803e-02
-8.403522003084258341e-01
-7.701553860660181883e-02
-4.369586702547183510e-01
9.821667851965993901e-01
2.901794843997118623e-01
8.248845822723274157e-01
-1.049191679611110040e-01
-4.562642933622758079e-01
-6.623665718537210534e-01
-6.618978946992584156e-01
-9.436165488679524316e-01
5.584877815155617764e-01
-9.096473628206018791e-01
1.297328859244959443e-01
-5.727272166857841906e-01
-3.033819789432954384e-01
3.113759314255901689e-01
-3.021964583841516561e-01
3.375218724526574121e-02
4.386384416394235597e-01
-1.684713260273713598e-01
6.668978797365898714e-02
6.930813201004526469e-01
7.577782201147373886e-01
-2.662029160330436905e-01
8.104673724948108227e-01
-6.534644109904621523e-01
-6.800789475059958455e-01
4.283839925057830733e-01
5.011051223925599984e-02
-5.310285482672119084e-01
-2.177401992857559421e-01
2.069437278692507487e-01
8.103426187570128558e-01
6.626870784132379288e-01
-5.872322358246868657e-01
-2.700319095738099584e-01
-1.955892449258067600e-02
3.605490744784400903e-02
8.797723257855294410e-01
2.643905898512974861e-01
-2.065507315177337322e-01
-7.779026369796573359e-01
-3.195700722416794370e-01
7.305383197345218793e-01
-2.557533890290262235e-01
-4.108558971802835913e-01
8.000378896905482318e-01
9.895551276442571265e-02
3.116144309625830111e-01
