-3.999442598003222216e-03
7.049658629483945838e-02
-2.136417593421402472e-02
-1.086593565534865746e-02
-2.915049764589097148e-01
-2.076828228629326034e-01
1.560395662640501335e-01
-9.966754512490167972e-01
2.624951786352012206e-01
2.687914503616481987e-01
-4.693579195844390650e-01
-7.662307199240858679e-02
4.544675044848922596e-02
1.782875265230410289e-01
3.081730822561212779e-01
5.691740146989567872e-01
-9.707679646530007478e-01
3.554448547872144371e-01
-1.235427058648557175e-01
-3.117625745907355306e-01
-2.418804974235198024e-01
1.273414256942206890e-02
-2.053437585805961696e-01
-4.429849232298683770e-01
-3.892638598910018732e-01
-5.532414227751902835e-02
-6.418747711451295856e-01
4.545809531416897808e-01
-5.357965951101004709e-01
-6.968464355724748316e-01
-8.800476994422268273e-01
-4.121839029985259195e-01
1.267823352801744630e-01
-5.390896742121045193e-01
4.629586533905900581e-01
3.863293530681404242e-01
5.350713150130337326e-02
1.032546157724667513e-01
1.910719680470984727e-01
-2.305530271934534969e-01
-2.430571690543508190e-01
4.823103540002346978e-01
-6.622710816349208773e-01
-4.567286438639197588e-01
-6.374600641291998659e-01
-9.811268715165710752e-01
2.459253079816470233e-02
-7.761604330043043731e-01
-4.716603671574122192e-01
6.341783664884947935e-01
-3.730683923705133687e-01
4.441374041924397442e-01
-9.929161701765487624e-01
6.671479405915099470e-01
4.857339771166340192e-01
4.945372577702937811e-01
2.742401860408520964e-01
-4.252415070134480946e-01
1.459538707465246610e-02
8.011433431905685687e-01
8.045791992761275324e-02
-7.869591316273512049e-01
6.938899027097618077e-01
7.085789724760134245e-01
3.608241521516473149e-01
1.703296328890140376e-01
-3.800650750666794142e-01
-6.312613142326635174e-01
-7.128260139064090950e-01
5.413296585116951221e-01
-7.857229141734050071e-01
-9.341525659910838719e-01
8.832466806586025676e-01
9.809776048841589713e-03
-8.955345579705298320e-01
-4.621752474912856901e-01
8.715004623199296141e-01
3.696537626860478820e-01
-2.306662012473601475e-01
1.186246250124423085e-02
3.054081270642767798e-01
-2.658027295820630798e-02
7.136840757161404536e-01
-4.762167473623546421e-01
7.123305914813538031e-02
-8.810999538662755981e-02
-2.178271179018038683e-01
-2.298308140227300900e-01
8.090884781369025447e-01
5.833082944458414243e-01
3.722570822440274263e-01
7.598665056360098813e-01
6.651699329187188425e-01
-9.520654247473439025e-01
-5.862320101921054682e-01
2.237747234770015581e-01
8.220867544648082781e-01
-6.276556413839045057e-01
6.954409024466898792e-01
2.217168530527273695e-01
-6.947760928639716838e-01
4.619857340597577355e-01
4.448748220940950127e-01
1.706785807378188302e-01
-1.769837494611792295e-02
1.673754507825282456e-01
9.636446678750492101e-01
-1.886890242160541575e-01
2.666156602856233349e-01
2.428438265545513897e-01
-9.240770831720686029e-01
-3.343979283958615767e-01
-2.767572538110281144e-01
7.284663760784435560e-01
-6.529977195782414867e-01
3.546501179836680784e-02
6.246117683347087723e-01
-9.557118788944762855e-02
-3.715842856217614898e-01
-6.597803967446913553e-01
8.240570799408544200e-01
-4.281980611305502560e-01
-5.016185319894361783e-02
8.069834099135997363e-02
-4.767605265618410915e-01
1.014697846835210804e-01
-3.755645777218381554e-01
-2.204279909010713467e-01
5.811924717337100255e-01
-5.575696022072773594e-02
-1.719308097653737821e-01
8.951101281570259527e-01
3.755756871012423392e-01
7.337178991734027989e-01
-9.273426555837831486e-01
-4.043870837156493536e-01
-6.864863739909672358e-01
-3.914697443004158117e-01
6.977141108454036900e-01
-2.982385332520787191e-01
-1.401384241307419565e-01
5.881656524711296186e-01
-3.417118654494808450e-01
3.108154281266375385e-01
-2.778767486648097140e-01
5.465585931059815383e-01
7.117281844549585568e-01
7.216323457424993482e-01
3.511945401717335713e-01
5.399922692735619201e-01
9.221878728208308118e-01
5.165023876167380568e-01
4.141069146070550655e-01
5.780701584346910060e-01
4.562346456309260834e-01
-8.747418177492587432e-01
-9.749147858123057286e-01
-6.190556591394746899e-01
6.327941275719082270e-01
1.582834582370165055e-01
-8.840891844068108352e-01
7.990411914322357312e-01
4.499620430057775788e-01
6.543461441960183311e-01
-8.815079897434512368e-01
-4.189325180386505032e-01
-2.522319734418336790e-01
8.664435089470143847e-01
-4.522804651845522272e-01
7.058005437446241981e-01
-5.395308493696111540e-01
-9.736843467121094609e-01
1.590960215033452307e-01
5.238069454699942895e-01
-8.790566481891524120e-01
-8.241273005094029713e-03
-9.726735336594589665e-01
9.497619449394516522e-01
-3.853147487653030279e-01
6.177007668357252790e-01
5.442590468202059828e-01
1.440867201992117597e-01
8.172198260715994866e-01
-4.051519900641735727e-01
-3.413208932857605404e-01
4.569011815376144980e-01
-9.081257007894147915e-01
9.733728508418542091e-01
-6.401627796366646805e-01
-6.685828369786235292e-01
1.104569310022092132e-01
-1.000086815875755875e-02
-4.757968718672611619e-01
-3.136189719439805845e-01
7.198977279313418798e-01
3.708932390552297509e-01
-1.770772711419164036e-01
9.618540524190948293e-01
2.167120964052655641e-01
-7.283049541630195467e-01
5.446901427662900197e-01
-4.106948587098746550e-01
-3.932011768179504152e-01
-8.167371580325686331e-01
-4.925647692911245823e-01
2.366468137996651233e-01
-1.319621246044966334e-01
7.708411997709430086e-01
7.815379966075968188e-01
-7.183005196181453389e-01
-1.391932046409618540e-01
-2.817988029419993268e-01
6.740388945922597408e-01
-5.003738110301281239e-02
9.367859006486971563e-01
-8.403522003084258341e-01
-7.701553860660181883e-02
5.041668685981859355e-01
9.821667851965993901e-01
2.901794843997118623e-01
5.400711383654310804e-01
-1.049191679611110040e-01
3.011966933938521329e-01
-6.108570270201545416e-01
4.789309260173191252e-01
-3.556967419755840965e-01
9.914513135126348242e-01
-9.096473628206018791e-01
1.297328859244959443e-01
-5.727272166857841906e-01
-3.033819789432954384e-01
3.113759314255901689e-01
-3.684483176965347440e-03
3.375218724526574121e-02
4.386384416394235597e-01
-1.684713260273713598e-01
6.668978797365898714e-02
6.930813201004526469e-01
7.577782201147373886e-01
-4.537298709750661185e-01
-7.815782925737073672e-01
-1.726675404536892611e-01
-6.800789475059958455e-01
4.283839925057830733e-01
5.011051223925599984e-02
-5.310285482672119084e-01
-2.177401992857559421e-01
7.073371482761188211e-01
8.103426187570128558e-01
1.818061751348025723e-01
-5.872322358246868657e-01
-2.700319095738099584e-01
6.640648898462386818e-01
8.479987338375511996e-01
8.797723257855294410e-01
2.643905898512974861e-01
-2.065507315177337322e-01
7.832223798366346745e-01
-1.037643946902975234e-01
7.305383197345218793e-01
-2.557533890290262235e-01
-4.108558971802835913e-01
-6.041469855690291269e-01
9.895551276442571265e-02
3.116144309625830111e-01
