
0 67.268316 39.884924 14.399604
1 69.921681 42.780001 15.356155
2 72.494352 45.740036 18.670095
3 69.921681 51.0588 16.045973
4 69.921681 55.445508 11.738356
5 73.032011 53.431716 17.902482
6 73.032011 56.980751 10.631791
7 73.032011 57.666092 9.059619
8 72.155378 57.477655 8.829864
9 72.155378 57.290208 11.725503
10 74.548588 54.655223 16.725763
11 76.961412 60.381539 7.606669
12 85.442239 61.634456 7.67524
13 74.548588 60.344058 6.366758
14 74.548588 57.78204 14.281623
15 74.548588 59.806606 7.573437
16 74.548588 60.527848 7.706115
17 76.555833 59.93675 9.922362
18 62.42433 56.795303 9.67993
19 62.493309 55.818228 10.978988