
0 65.731501 42.838848 14.28724
1 65.731501 41.478469 15.763269
2 65.332611 46.249043 17.36819
3 64.158717 46.319967 15.083768
4 64.158717 48.511306 12.680634
5 69.327699 43.563306 19.339978
6 81.807577 48.838291 14.952358
7 81.807577 49.149559 16.924257
8 66.626833 48.970981 15.735177
9 62.282493 48.51565 16.286977
10 62.282493 48.197926 18.959984
11 62.352757 53.012967 12.00196
12 62.282493 47.488964 19.684751
13 62.133529 50.927785 16.376144
14 62.138076 53.058501 14.211905
15 70.699535 54.992082 15.437414
16 69.356351 57.215362 11.126891
17 69.356351 53.566596 18.109264
18 70.120707 60.223965 5.325392
19 70.120707 58.255582 9.463509