8.555294135363058494e-01
1.396432559125895256e-01
-3.535663292903561405e-01
-6.255814135053467950e-01
-2.588790710272697027e-01
7.847584602347614791e-01
1.313844307724469918e-01
-1.502074742195356194e-01
1.566746087198658266e-01
-9.360411738786149627e-01
7.462754110914868733e-01
-9.271929150991300439e-01
6.749597557490267796e-01
7.248111034960489363e-01
1.367129137754625745e-01
5.125574882163457247e-01
8.942182537203595682e-01
-2.906621349431435242e-01
-9.086015927526742697e-01
-2.295479332627021751e-01
1.118541812849671579e-02
-1.034242311839284056e-01
-8.842384532352856041e-01
7.560506289930264412e-01
-9.825253688257484797e-01
-8.790554352199606569e-01
7.344443111404408420e-02
-5.373759881645232550e-01
-6.563231807562108777e-01
-4.168428164783994916e-01
3.610816932894012066e-01
4.424866666548603611e-01
-9.025716045023366441e-01
-9.718748581113207941e-01
1.226500780168466864e-01
5.162377112622644759e-01
5.635854021012278725e-01
3.691899466328165680e-01
-9.623776354183664061e-01
-1.265089598983593078e-02
7.970037811270929140e-01
-3.978331123005360848e-01
9.121639939898460447e-01
7.129276406963014345e-01
-1.164294538166614768e-01
2.838245430861336960e-01
8.634643455621859864e-02
-6.189558625838742500e-02
-3.785935321458966385e-01
4.479745836611228604e-01
1.758485309282200593e-01
5.098427513692560531e-02
-6.091930722791301100e-01
-6.975866288419982908e-01
-5.720945107145578579e-01
-3.442827663230279001e-01
-7.328171437668753452e-01
-2.514212158612758596e-01
-2.831403592901016175e-01
-9.212173765347608789e-01
6.125728294119592299e-02
7.250521204295923283e-01
1.095500901352666201e-01
-6.427540001038345441e-01
-7.221707281745581852e-01
-2.292017592198825060e-01
-4.760957766109894518e-01
-3.176738195278290267e-01
6.489096975396437816e-01
6.657322316989926492e-01
2.643897352755015806e-01
-3.791163293466435213e-01
-1.100342221847216972e-01
-6.674506397514443634e-01
-3.467672566726198724e-01
-8.113163210648099977e-02
-2.007428218373303874e-01
-3.898880100271413518e-01
-9.610575559859295680e-01
3.961818006743904608e-01
-9.191102773714352470e-01
9.418636785262279876e-01
-9.754830914602712344e-01
5.535150424171442207e-01
-8.416818037101365668e-01
9.767729143503700584e-01
2.083108019754198459e-02
3.812444038713485028e-01
-2.088640870655917858e-01
-9.428395769179267472e-01
3.504290945315151617e-01
-5.848934831711056770e-01
-9.077198197316245221e-01
8.810172277222005910e-02
6.584037695527800160e-01
3.007988036925257624e-01
-1.704326435807368423e-01
2.414700262439639644e-02
-5.138729613142256625e-01
-6.494823845460040435e-01
-6.039116466846177200e-01
-6.555360606518894073e-01
-1.886547044379844884e-01
3.885974208762592585e-01
9.150555250143856956e-01
-7.143204368832483109e-01
6.183905687966655407e-01
-4.556785309511917070e-01
1.007650158248798444e-01
-1.225177042754768131e-01
-3.192573637734930081e-01
-8.912744080372414501e-01
1.878604421737481989e-01
-6.190791530440906687e-01
-5.588402681861188714e-01
7.251100754448269736e-01
5.489026376929495576e-01
-9.255859981509237944e-01
-6.428421709291938235e-01
4.139441293849268622e-01
6.709949775491679258e-01
7.837276542348106112e-01
-7.669722435381414183e-01
-8.892994395970641452e-01
7.493692222127377178e-01
-6.028875049285187249e-01
3.265692136454063643e-01
-3.594896894295933620e-01
1.560084847639449102e-01
-5.275805287902675111e-01
5.275310045654735269e-01
-3.264229840492149926e-02
1.640316101659589076e-01
3.356576530569901351e-01
3.740484869019051750e-01
-8.462332045863913965e-01
-4.097628471300678310e-01
-1.804892225228960090e-01
3.539745097375419647e-01
-6.679937438502847602e-01
8.858273515167067735e-01
-2.292644213929695418e-01
-9.906581963404970104e-01
-8.590155583219301061e-01
-3.709865980805515662e-01
-9.236544650683253810e-01
6.683268938465425357e-01
-3.284429704843154774e-01
-1.164011908620166125e-02
6.281354628231734516e-01
9.470344362828644336e-01
-3.068066864172040997e-01
2.906693125224075747e-01
9.702786268440841688e-01
2.566672664765197176e-01
9.263574526752142990e-01
-7.266842881313035907e-01
-2.116086723210841569e-01
1.544895732374926833e-01
3.179117201441392648e-01
3.294896266883180491e-01
2.103610175089252188e-01
-6.668113730864289046e-01
-2.760179142710745825e-01
-7.841566159069550679e-01
-4.438165416406270047e-01
-2.441377365094796748e-01
-5.733506617028318875e-01
-6.967284990511517506e-01
3.890983973647537120e-01
-9.023526214779735710e-01
5.334835409730231959e-02
-3.464402673671433952e-01
5.407412217836145008e-01
5.334938232360411092e-01
4.861072415590466100e-01
-6.877990922637675641e-01
3.803528159240046058e-01
4.814163501330277484e-01
5.839542227140808173e-01
-4.731448958929767024e-01
6.145938045322973942e-02
3.134120711677663706e-01
-3.378502365762425796e-01
-2.307659939407569194e-01
-3.959665410749366732e-01
-7.887226792229349304e-01
-3.488188816881798715e-02
-9.956713514688988464e-01
-2.609335444883855715e-01
-9.220725878777908946e-01
-1.170796292530245086e-01
9.485592676072329699e-01
-2.832274445757414494e-01
-5.287846745316147068e-01
9.996716860662433479e-01
2.146102049604221573e-01
-8.311835752341119044e-01
4.454978914016876068e-01
2.236009303001382786e-01
8.263766263294503034e-04
1.041737063179137834e-01
5.758814901119493346e-01
-4.694307550946095198e-01
1.368843587617796231e-03
-3.687244659464932184e-01
6.686459067055987582e-01
-9.069132225631251210e-01
-2.251209333990278338e-01
8.375195005470124077e-01
-1.857153613819473303e-01
2.916965401091642374e-01
-1.578977882213397077e-01
9.813899529685270462e-01
5.800315485737084220e-01
9.443541976980522890e-01
7.704003989573728894e-01
1.619080636740164447e-01
-4.146152438938828233e-01
1.628350891741994211e-01
-7.251233480833700895e-01
-8.051879903812033668e-01
5.174884236120904646e-01
-7.056144361977951807e-01
-2.827939843681688270e-01
7.813964833981930092e-01
7.821958980454044585e-01
4.568672229554526787e-01
1.733046453669826459e-01
1.221889317960767052e-01
9.795358371532671971e-01
8.085099089990441801e-01
7.227808925835965681e-01
5.436390898020542206e-01
5.475227219073142138e-02
6.383135681369072056e-01
-6.707157146357318744e-01
9.800009966607228229e-01
1.975772872604550923e-01
-9.566047894695917098e-01
-9.248429110328935110e-01
5.413304702929582213e-01
4.120162339450506028e-01
2.894363314089440919e-01
-6.799051172574632762e-01
-5.694271505543833101e-01
-3.220693847813722588e-01
-3.406976223063409304e-01
5.576914020344156953e-01
-7.737200501618595183e-01
6.540427016303524965e-01
7.708443722155500222e-01
-9.762120948310948343e-01
1.103234219457776000e-01
-4.326019440509412117e-01
8.692594215539934943e-01
1.053983628145986895e-01
6.374766789593238059e-01
-3.501143891673175190e-02
-9.703430019607373058e-01
-3.315637432514750849e-01
7.710901489930159780e-01
1.316495917359159495e-01
1.296358479916028816e-01
5.525124808121930631e-01
