1.975631845484888682e-01
3.269326247323876000e-01
-1.929865364422556073e-01
-4.006261374584101365e-01
5.554319592433305530e-01
9.763376871434741311e-01
8.752328280236718605e-01
-3.930383998379507471e-01
-1.088698989734968592e-01
8.303325583696086198e-01
7.143212629464146257e-01
7.360840106384232140e-01
9.116748184204848116e-01
-6.488666309977153546e-02
6.564135217962221436e-01
-5.081801518649669003e-01
-2.020817910265149120e-01
9.483619936488703051e-01
4.159896283012558538e-01
3.098436934899151396e-01
-7.693216294408433686e-01
1.984146885506654634e-02
-8.337211219363593884e-01
-5.139700892877625549e-01
5.063713799175391106e-01
-8.756071565374821120e-01
6.312977259084304738e-01
-9.855725048123968879e-01
-1.150470598758728258e-01
3.054755549817782523e-01
-3.356777996013240450e-01
-1.460124369265598521e-01
2.782925621364520374e-01
4.906777336783543220e-01
-4.445253932616128889e-01
8.949926052233174723e-01
-5.938835516957221561e-01
4.251409438544366814e-01
-8.771636034094403289e-01
4.238097351067262597e-01
-7.852535616676965535e-01
-6.724187626224897851e-01
9.731590726100862732e-01
5.420005828906644396e-01
-8.422319190475413553e-01
6.028626518178441529e-01
1.225889997250158014e-01
6.246792578843016752e-01
4.017992480099592534e-01
1.256766705359879666e-02
3.157051347954642484e-01
8.450558369054572694e-02
9.980815526984396779e-01
8.605554795534084978e-01
7.954059551497156821e-01
-5.178005073385332224e-01
-4.625378605471515137e-01
2.405217207334184870e-01
6.920735355168521341e-01
-5.609834834313136565e-01
3.779849306913336537e-01
2.425655292124599960e-01
-3.781244580277471901e-01
-2.574964657766765086e-01
8.590190813619804633e-01
3.526814598392822298e-01
1.374367971530596755e-01
-2.632468144007051869e-01
7.648507775926960406e-01
-4.721764555693401810e-01
-4.253458137658057137e-01
-6.353269015747526893e-01
8.266144327447555451e-01
-8.240540592300449330e-01
6.913719878971340549e-01
-5.394286048289389512e-01
-2.375385520694814900e-01
3.181708672747152189e-01
6.938188355003145347e-01
-6.204544541379999334e-01
-1.982561637599435933e-01
7.748177894460228643e-02
-5.260712699375973411e-01
3.145839789300157729e-01
9.182571664363992081e-01
7.775421058348457315e-01
5.377141301150005770e-01
9.468530500446137310e-01
-9.995572306683846442e-01
-6.137379549491932540e-01
-2.594023702512280316e-01
4.407096378691539584e-01
-8.719882815587198799e-02
-1.944375630036256908e-01
-6.993513312686605587e-01
6.693267180010185058e-01
-6.132627514919850586e-01
7.303980490250501223e-01
-1.397893275972119653e-01
-1.590420319638978786e-01
4.861429212581225290e-01
8.670799014742014421e-02
-8.781375349060316360e-01
-9.314605395008703770e-01
4.884810022115828598e-01
9.189296051211965910e-01
-1.890187468155488659e-01
6.205938810149052021e-01
8.278527976480909434e-01
2.697553761643163295e-01
-1.899290793556345225e-01
-8.466752291668973029e-01
3.200161635514910952e-01
2.990844841931930009e-01
-8.877122543923394726e-01
-1.638625255414516424e-02
-5.207118962593417777e-01
4.097081909811797207e-01
-6.270607173234696852e-01
-6.048508348126246936e-02
-2.854305972487403142e-01
-4.133267733369359043e-01
-8.923825408557923833e-01
-7.516439020892202727e-01
9.497502525353660463e-01
5.502675888905488311e-01
-3.810025611667495760e-01
-4.898701810198256013e-01
-1.480850582337422949e-02
-4.092692015806964623e-01
-2.249780691552292211e-01
4.551617849946116845e-01
8.112186662636129419e-01
7.232339611751892328e-02
-1.192474778834224924e-01
-9.885554373264067163e-01
-4.905233582341046450e-01
-6.414168579569903272e-01
-2.222361850811995776e-01
1.112342702310711307e-01
6.045187531886284660e-01
-2.949886693188541464e-01
9.478740607532483153e-01
4.331504887309565177e-01
8.284032482155709864e-01
2.701945435559423014e-01
-4.714995445229241966e-02
4.500799266665200804e-01
6.142783746220796814e-01
8.500186550662320872e-01
1.697198188123596463e-01
7.677144509388977855e-01
-4.182891442180254327e-01
7.212361909232818391e-01
-9.935907373136303455e-01
-1.991118077205027426e-01
-2.474645317134598344e-01
-3.065094792846467797e-01
3.949731729516920975e-01
-6.963161181799948363e-01
-1.111299747767242607e-01
2.675905957147801661e-01
8.251935496426561212e-01
1.879266792161848887e-01
-1.378536616332872722e-01
2.775925174030011711e-01
1.241944438237252424e-01
2.080666190638746915e-01
-5.388979828911535375e-01
-5.752199140192169047e-01
-7.865664833584933291e-01
-9.845695163744636602e-01
5.524469660157873552e-01
3.964881985806911757e-03
8.754510361703662369e-01
-9.884098752538139632e-01
3.297246538014397821e-02
-1.787659055994579305e-01
1.040007691609707852e-01
-2.291147126035855131e-01
-9.610053084032232906e-01
8.451008863821207751e-01
-5.921561518452296280e-01
2.459546748200112098e-01
8.523883467952002579e-01
4.059673874295870455e-01
1.563830457845207800e-01
-6.432343447343757958e-02
-7.912049916099506142e-02
3.624671527854075315e-01
3.667236028642801848e-01
5.113366931740586097e-01
8.017905526264079707e-01
-9.959644181964013576e-01
6.359629957824544100e-01
2.309637043524017663e-01
-6.515036319685960642e-01
1.857435529478292935e-01
-4.264370300944044789e-01
-6.155161857131308256e-01
3.610296037312099582e-01
9.190947575202736974e-01
-7.336928692508188909e-01
-9.609434495922084540e-01
-5.145677319610082456e-01
-6.589254625886420413e-01
4.956501211384274352e-01
-8.274770110838782777e-01
8.346621360805377421e-01
5.944955431769469723e-01
-8.769214740680277842e-01
-8.732814851743799789e-01
7.051029900166656539e-01
8.168915506625009648e-01
-4.104079352628622335e-01
-9.234387781378667892e-01
5.026046523179747982e-01
-4.834175197740997465e-01
-9.328391192355220962e-01
8.677296121344224566e-01
-4.375498528483401373e-01
4.947120323823352983e-01
2.769906051361958887e-02
-3.559736504295372139e-01
-1.762598786102693715e-01
1.605027684465998306e-02
-6.676068585412964218e-01
-5.671889096467894742e-01
2.168116841070029110e-01
-7.509317688772165766e-01
-2.609558525170236898e-01
-9.375292679181239652e-01
1.258291867304708322e-01
-9.069918340070997065e-01
1.400787025060523661e-01
7.174562621403759444e-01
6.209155336072824660e-01
2.514059140192499431e-01
8.070033099774076568e-01
6.165097083571626779e-01
-6.269061462429785792e-01
8.947734834522869107e-02
-6.684609592590655680e-01
5.629587242978797423e-01
-4.782456187390882185e-02
-6.897994567479368566e-01
3.261874872355112753e-01
-2.367848127408112013e-02
4.788460294251335458e-01
4.106109695207653676e-01
-3.557991344257802613e-01
-7.764330761771853773e-03
-9.452568056837740151e-02
8.854859942329051936e-01
-4.010389299908938554e-01
-7.579464407088118971e-01
-5.726355704727654761e-01
7.177293064359715480e-01
-8.137458345435848450e-01
4.802141649848765681e-01
8.954622615377554329e-01
-2.514543577294263699e-01
3.920602139507929351e-01
-8.589128505607694919e-01
-3.577202925059654870e-01
