
0 93.641645 25.499939 36.556314
1 94.282788 49.901648 39.47389
2 94.282788 63.425393 38.554459
3 94.282788 77.861842 28.872761
4 94.282788 81.551935 26.800545
5 94.282788 79.500628 30.8696
6 94.282788 90.238495 15.006652
7 94.282788 92.444742 4.850117
8 94.282788 85.150124 25.119231
9 94.282788 90.804169 12.148788
10 94.282788 91.592243 9.375722
11 94.282788 92.917035 3.859963
12 94.282788 92.111739 9.508052
13 94.282788 92.16419 7.905821
14 94.282788 90.558324 13.800074
15 94.282788 91.041206 11.86409
16 94.282788 92.790219 3.864006
17 94.282788 93.296324 1.271845
18 94.282788 91.586251 9.838291
19 94.282788 92.556382 4.78842
20 94.282788 92.779148 4.685878
21 94.282788 91.911213 10.39
22 94.282788 92.398723 9.801518
23 94.282788 93.242213 1.41587
24 94.282788 92.679006 6.502058