5.911909954463612227e-01
1.527640099478413394e-01
-9.814114054026366052e-01
-6.432439487197090244e-01
7.334846959368557240e-01
6.778156185355548313e-01
-9.310674585449267848e-01
1.967155808475979928e-01
6.058456865621906218e-01
4.702288663267208957e-01
7.087261799038717669e-01
-4.929185444977441932e-01
-2.885456569876816424e-01
3.581414230401420706e-01
-6.640087787967257071e-01
7.440255941284454888e-01
-6.833030717056738368e-01
-9.358145179711376827e-01
6.130551166298419119e-01
3.754874944258919101e-01
-5.592308716816347669e-01
3.779892468672167993e-01
1.147154692062599679e-01
-3.650862855681482610e-01
-9.622786288462958915e-01
-9.390175714357056336e-01
-6.859512287590283641e-01
4.445724026933963735e-01
8.348909646266697848e-01
3.307451312355778050e-01
-6.132381892474754181e-01
3.416201240786060911e-01
-5.838498585606641811e-01
-8.862996440392219011e-01
-5.389339777023731681e-01
-8.795457149838847855e-02
3.582803981532531878e-01
3.973313967262945834e-01
6.784311848373112408e-01
-5.318383710295850886e-01
6.771397055528944886e-01
6.590562119322411760e-01
-8.339293124688431647e-01
6.248226199394550928e-01
-7.034725202384231046e-01
-6.987517727172600779e-01
9.950803320107337591e-02
-6.959721673283147947e-01
-3.009052667338165676e-01
1.239728823304657723e-01
-2.848247231845690841e-02
-8.358707763808268520e-01
3.283473235541092272e-01
6.961463040430277971e-01
-6.990055320981591880e-01
5.957451128101594051e-01
4.590409592543742701e-01
7.510348800578101613e-01
4.690628614398273388e-01
2.148969341903970154e-01
-6.192189459140555741e-01
-6.673535479613588173e-01
5.408097800537259303e-01
-3.284595909744614239e-02
-2.926347892541936169e-02
-9.144103871860322919e-01
-7.186733936470437456e-01
7.736986665307739042e-01
3.242243005006959500e-01
8.446494811340252706e-01
-1.812593450855324306e-01
-1.377772198916362711e-01
4.157849283569787779e-01
5.023038418541740935e-01
8.861844850280176100e-01
-3.267419418406027898e-01
-8.570316992407469581e-01
7.001589993644676824e-01
9.277535764092821324e-01
-9.832665195855245788e-01
8.291062930547763443e-01
3.566151712337273239e-02
-4.747185867585890229e-02
1.342591343138548332e-01
3.021915553220115846e-01
8.902675753760105337e-01
-4.585007808585861433e-01
6.016180099581194263e-01
5.148469536356721221e-01
3.849320468670700546e-01
3.708287470793945051e-01
-9.393219297973329773e-01
-5.370760927036308807e-01
-8.735585654774349340e-01
1.726857348208721277e-01
-4.923867904638730142e-01
9.492715804095663845e-01
5.417385779735777174e-01
5.062742297827282911e-02
3.349652017991737729e-01
4.542608491019706207e-01
-9.125458733716083071e-01
5.482628604664245842e-01
4.088501374374295949e-01
-9.903072641217933736e-01
-6.692914456599796669e-01
-6.639930543748326919e-01
6.877021984688422851e-01
5.364131731366714728e-01
5.676510783420709583e-01
2.464410647720061132e-01
3.866671782558182002e-01
9.852941459487201126e-01
-2.479548095469379376e-01
2.618532988364929981e-01
-6.433245524275421623e-01
9.765339748746268977e-01
-9.034309957647332912e-01
-6.575535239663532483e-01
5.967279945817220987e-01
-6.242958857339357959e-01
6.131933152584096991e-01
9.505641027898592554e-01
9.887969904753539652e-01
-8.691318746948073493e-01
1.215801067265300794e-01
4.429354351147194446e-01
-1.453370246202854155e-01
3.110381161038318076e-01
9.549536932240196840e-01
8.986829952331065741e-02
2.944207942058969518e-01
5.888165977104498072e-01
6.789209493055052835e-01
3.493293648665527495e-01
-2.491692779106289279e-01
2.073731587860128123e-02
-7.132179211720925949e-01
9.694816140424253881e-01
-2.146558830396840811e-01
5.898241330686382344e-01
-9.692006619696007519e-01
-5.909584719470672987e-01
-1.794444859774508849e-01
2.159181303051100898e-01
-3.528327279115608395e-01
-3.739271338977401271e-02
-6.116548620829520555e-01
-2.747491821526120148e-01
-5.133252576781988097e-03
7.368493214789015866e-01
1.240524859862179863e-01
7.816296051125124489e-01
-7.348663392062788624e-01
6.890553664752221419e-01
-5.701914106834944374e-01
2.290646029964726882e-01
3.311734809609956365e-02
-6.863707270928300908e-01
9.495528439329690151e-01
3.724965270183981936e-01
-2.401370799506641340e-02
4.779538643402267972e-01
-5.048250325171024233e-01
-3.234868097522021202e-01
-8.201788893875203712e-01
-3.320441369720876779e-01
8.858569216343183950e-01
6.752092813353915979e-02
3.120638889671818461e-01
4.208304736861800954e-02
6.688796428831789154e-01
7.550614189012747612e-01
7.098466421519202818e-01
-3.867846299392370124e-01
-5.215243404401628258e-01
8.775597475758523114e-01
7.804900870323314699e-01
-6.572559268837174784e-01
3.237328418916685102e-01
8.167256619178075994e-02
2.382010156977816262e-01
-1.677655609230006561e-01
3.103069345961602110e-01
9.666398670760742995e-01
1.161207851303227567e-01
2.553184071569489788e-01
-1.705094173682009107e-02
1.476071743882747533e-01
6.154335567546103114e-01
-7.658949161737824696e-01
-1.807042308841588785e-01
9.734407173787218426e-01
-1.803544558142355925e-01
-4.981865763764701249e-01
4.424395271277152819e-01
3.148785778430143178e-01
-6.257821864357966390e-01
-6.030643214382489514e-01
-4.685157790722884741e-01
7.664603265072389426e-01
-3.338722188851726003e-01
7.468007291992173613e-01
5.374795727897354602e-01
-7.234745789545549144e-01
4.771233873329454589e-01
1.895221856948889894e-01
8.872100521208496904e-01
5.719191216540231437e-01
-7.676835906439869461e-01
-9.964535360804527286e-01
-6.160097492406324537e-01
-9.090040070419544982e-01
-4.990921036452287129e-01
5.682824085751789767e-01
4.931456582927111754e-01
7.938291619163906354e-01
7.529551812026791247e-01
6.996459794191318693e-01
3.421375716468619821e-01
5.896662929768337058e-02
-8.192353692179139557e-01
-1.123609377213379279e-01
-9.344686893570106623e-01
-8.054709046723567134e-01
1.675428959443658883e-02
6.866040457831521504e-01
-6.578946361660611419e-01
8.541306256540543984e-01
-6.473753628863809784e-01
5.813918400175481782e-01
-1.375580845933888074e-01
-7.637156461343017622e-01
-3.926136299298450538e-01
2.502959878609083422e-01
5.035933449345582069e-01
-1.833131872166551268e-01
-4.865757628170579441e-01
-5.133782828632305062e-02
-8.139993770007465379e-01
-3.271096103098969365e-02
-8.524518346658518375e-01
8.650608355511275604e-01
2.185523913702074328e-01
-2.457032015454883034e-01
-4.479159956086586902e-02
7.622070843626724823e-01
-4.991491173788615843e-01
3.632524041752001054e-01
5.168927339477202842e-02
-8.722769964509575757e-01
5.193132924246588455e-01
1.082528127770718829e-01
5.580844482183604516e-01
-4.702803363209293597e-01
-8.168862815342388117e-01
-6.718987646739464914e-01
-8.796534343855986204e-01
-3.126898743734474184e-01
2.069782706196672262e-01
-9.251993457824108091e-01
-1.845137290384124551e-01
-9.168064935046524866e-01
4.128705696834646943e-01
-4.325498762427697486e-01
