
0 72.085325 13.43256 25.117182
1 76.495325 28.226177 25.425405
2 76.831058 47.173446 19.821819
3 76.831058 54.333849 18.857094
4 76.831058 57.786109 24.273491
5 76.836969 57.72215 24.468396
6 81.129457 58.483965 26.392384
7 81.129457 70.61887 14.600492
8 81.129457 69.457666 16.209686
9 77.012531 72.943869 13.902038
10 77.012531 75.579918 3.311951
11 77.012531 73.832269 9.360117
12 77.012531 75.68876 3.524646
13 77.012531 75.782634 2.856332
14 80.842871 75.056839 9.84033
15 80.842871 75.376242 6.099057
16 80.842871 73.382062 12.859317
17 81.347867 75.442324 6.232915
18 81.529339 75.05876 8.209524
19 81.529339 76.758335 4.178101