-9.016481591323310951e-01
-9.883706606062194755e-01
8.031439292740971680e-02
9.936553819117583952e-01
-8.205679703074584275e-01
5.427246101777618570e-01
-3.021282510725018522e-01
-7.497905247390956873e-02
-6.072752009120245820e-01
-5.898072407728112143e-01
9.308072106337654805e-01
2.870856918092141719e-01
-8.039608492988679078e-01
-3.940751293832471802e-01
-5.020961121712075315e-01
3.805049066529282431e-01
4.773044789721925252e-01
8.085427954621022817e-01
-5.917189011832835188e-01
-4.679520149937452800e-01
5.681251869261181309e-01
-5.369136012626720689e-01
-5.025754135723883298e-01
-5.304911955109941069e-01
-8.603977136572253936e-01
4.108207868947597596e-01
-8.735154448455473286e-01
1.471671632420521458e-01
8.749065434803231511e-01
-7.589512245052014716e-01
9.811811563913017675e-01
-7.470691817590500161e-01
6.635790673679229368e-01
-8.119031903854867505e-01
4.168346475946353991e-01
5.016478646184150403e-01
9.042327503199671934e-01
2.615206186112708497e-01
-3.859567861192345628e-01
-6.087542382482014069e-01
-4.475190480593775888e-01
9.736376333268201844e-01
-3.744332133857237732e-01
9.899969682948228655e-01
4.991000999965184981e-01
4.031241509999368144e-01
-9.037660128084266109e-01
1.686485878122656601e-02
-2.927558566310217714e-01
2.995876250254634332e-01
-4.347331520656860793e-01
-9.245485579904944018e-01
-3.074074389935885776e-01
-3.251744056917416081e-02
-8.788900018963197169e-01
1.177321705119283024e-02
-5.822429522350747177e-02
-5.943751519711160114e-02
-3.565379362012057740e-01
3.065720785509098434e-01
-6.734879725348179580e-01
-4.016420993429739017e-01
-5.185946987418807996e-01
-1.090971940355918157e-01
4.973778672150408475e-01
6.734311244803508067e-01
-3.626712193742056556e-01
4.497174013821250149e-01
-2.526388950370654918e-01
-4.284317523427259022e-01
-2.649849430849910981e-01
2.593080376428291700e-02
6.121847582408326272e-01
-3.960449557152947442e-01
-7.067969835297922554e-01
7.878567415922672623e-01
-2.314699861331419584e-01
4.556260505224121182e-01
1.668315191527038888e-01
-1.319133590073506834e-01
4.026364471956742630e-01
-6.585484695172549863e-02
5.576725183573845168e-01
-2.090263241145833284e-01
2.250037184203503848e-01
-7.522484427550300001e-01
7.694256682711124729e-01
7.143201712688556082e-01
-4.759401242387399922e-01
2.918871730578627144e-01
8.203288081048882852e-01
-4.827940673042949715e-01
9.119877848594049041e-01
8.853037825988883114e-01
-5.815098888846383929e-01
5.901708847412865389e-01
-4.341054026305510849e-01
-7.118813227964948531e-02
-1.914767699128319123e-01
-9.389644840143196447e-02
-1.341295673528275501e-01
2.241058118217380546e-01
-7.783578028998956455e-01
-3.217542470062462190e-01
-9.739509748156927049e-01
-1.486657253903169718e-01
-7.701073832531106778e-01
1.559285888065280457e-01
3.163874368845325247e-01
8.635551330197570596e-01
3.041738098750401686e-01
-2.024972779692240099e-01
3.516905113217354550e-01
6.827150992314925393e-01
6.291949070552420586e-01
7.399488609976665465e-01
-8.642600968716163123e-01
1.861325887565394854e-01
-7.858078778347112880e-01
-6.501551250363888368e-01
-4.584441544919060085e-02
1.665397306249898346e-01
7.656135704851056989e-01
-6.967797452499988609e-01
-6.610598940923759770e-01
-5.399039405440009265e-01
-4.563137082702390934e-01
5.756159012472790160e-01
2.594514015004298901e-01
1.394027231472352302e-01
-3.733702101519582595e-01
4.950579036112519038e-01
1.546538553764866819e-01
-3.749202320562037283e-01
5.198504521493523267e-01
6.216479710314835039e-01
-9.866006698684726128e-01
-7.156784728035294751e-01
-2.185262936185177196e-01
1.211722738494072082e-01
-6.876638663552476771e-01
1.110344324356948853e-01
-4.853423936799188265e-01
8.000521346031141956e-01
-5.009347215799964115e-01
6.760866988780538378e-01
-6.714546164590651234e-01
-1.684851464974619351e-01
8.506278817113990254e-01
-9.980855804224317840e-01
7.440792292879083725e-01
7.256863162613471641e-01
-7.659218434012826648e-02
-8.116112805081909798e-01
-9.339153023268313980e-01
-1.040376797225182059e-01
6.642158949969838577e-01
-6.423527996658047190e-01
8.325113695924402091e-01
-3.117420374436652430e-01
-4.308915708041594073e-02
8.646334800946884336e-01
5.978119427237134076e-01
-8.521836885321263377e-01
7.893987710816117165e-01
-5.530564135442359586e-01
-9.781659041902615037e-01
-5.664093004607428927e-01
6.290188676557626479e-01
-1.363016616625549737e-01
-1.283469358509314873e-03
8.570889861137873655e-01
8.552918598244390047e-01
8.406540829904021184e-01
-8.349487675366553674e-01
2.567761917542481509e-01
-5.606990809165079970e-01
-9.083349693643960610e-01
6.680377055554305166e-01
5.938836688093269700e-01
6.688525703534842215e-02
-3.185755097598568231e-01
-1.299145681513487194e-01
9.231252081828076328e-01
-8.053409714703032574e-01
-1.847297417068887171e-01
-1.964846785441318744e-01
-7.370003452999627225e-01
1.445677398887732501e-01
3.676065958580014836e-01
1.239169026764530557e-01
8.248089923140866642e-01
-1.306557632263420921e-01
-3.457542291851389837e-01
7.449814517768802435e-01
-7.508263896461084830e-01
-5.412539392522781601e-01
-9.990384550685837972e-02
-2.850427370709369690e-01
8.717149924211218259e-01
7.341671222535133268e-01
-3.997102960759775225e-01
3.010655293951249867e-01
-8.419802457121683403e-02
-4.914319366496453512e-01
9.240507212602038223e-01
-5.064615444472884143e-01
-1.656384517285949265e-01
7.998349743261525813e-01
-5.881947387129891069e-01
-5.078724384326467334e-01
-2.814933535082038141e-01
-9.616554402558301629e-01
-9.875308577027088752e-01
3.705456506875588474e-01
-8.767215745907486202e-01
-7.199290860507947531e-01
7.176297279320205114e-01
9.111293030368892154e-01
-7.336592063226170524e-01
5.508480922530627488e-01
-6.006326291891814773e-01
9.363612312941436144e-01
-7.889265429855476519e-01
7.176932267785969266e-01
5.689221594087190415e-01
-8.373025909140250356e-01
-3.008379688210882641e-02
4.699786599943929222e-01
7.858572453128671587e-01
6.366563883160663018e-01
2.515960696680028530e-01
4.057562975658843829e-01
-5.864843232481857793e-01
-2.445116841158787580e-01
7.527693350942974426e-01
7.155946672359536631e-01
-5.109781727112583383e-02
-6.716136418448777068e-01
-3.956322375974665739e-01
-1.780694227250889661e-01
7.305405852274571288e-01
5.660289812383587638e-01
8.934893356290150024e-01
2.902825613387947090e-01
-1.461645485900826547e-01
-9.380732477622706345e-01
2.091449582191284851e-01
1.881939169922297594e-01
2.602405278028583346e-01
-9.726880297409019605e-01
1.621344315376838097e-02
-2.251061217510379464e-01
7.381077251046350707e-01
-9.461205974836914834e-01
-4.028635754308853567e-01
-9.688505026008598087e-02
-3.997637416402934907e-01
1.245679152730225780e-01
5.198744900141891723e-01
-2.385307006596246726e-01
-4.223796949629090580e-01
1.259277762549120272e-01
3.193121427731251405e-01
-2.559099679333196597e-01
