1.742337863230836170e-02
-7.309068895318562298e-01
9.716219337366081010e-01
-9.575994088243524605e-01
-9.821485634694946398e-01
8.465656600371107565e-01
-3.021282510725018522e-01
2.993030754294079276e-01
-6.072752009120245820e-01
-6.025381620374172797e-01
8.231729903973608042e-01
-7.167596992963907176e-01
-8.039608492988679078e-01
1.971787869837444696e-01
1.426001872635176415e-01
-5.544137233357131489e-01
9.219241405449187798e-01
3.877425397140996655e-01
5.611719555383496427e-01
-3.423493586451147319e-01
5.534038616409870937e-01
-8.754693098350907476e-01
4.992189087938236902e-01
-9.125211425302275359e-01
-7.914987130237967072e-01
-3.756689063120648431e-01
-8.735154448455473286e-01
3.559762129883936588e-01
8.749065434803231511e-01
-2.841901740223833350e-01
6.754155446493586012e-01
-8.226288676952742129e-02
-9.043801296620530561e-01
-3.454853866642981775e-01
8.211091203243001679e-01
2.135813909484030049e-01
-1.272982143863750082e-01
9.666262806990750800e-01
8.584448672929030355e-01
-6.088339409666694291e-01
7.225865416529870799e-01
-5.351133088477506572e-01
8.836374622942635426e-01
9.772207414022691108e-01
4.991000999965184981e-01
8.523846891930519920e-01
4.125347781274213421e-01
-9.761493768158551187e-01
-4.937716137400169902e-01
-4.462253964903029058e-02
6.848985050618774384e-01
5.125271079877840030e-01
-1.042899694130958732e-01
-6.165683229383229769e-01
-1.678003412879469636e-01
9.062208233251978218e-01
4.221318072427830970e-01
-4.664910026909718788e-01
-4.690607434874285442e-01
-7.874801548150833774e-01
7.497739988420146773e-01
8.679822668717911416e-01
-4.692854081519770570e-01
-3.526946210573989049e-02
5.498839819057472766e-01
1.508015265826783136e-01
5.359553838792319169e-01
-1.789794592475550949e-01
9.949324640293490951e-01
-2.209120446719370356e-02
3.228783345461834209e-01
7.759850124949421168e-01
-4.217984059832109445e-01
-6.374558515405648329e-02
-1.246075186348933883e-01
6.778451825637297201e-01
-4.175769095381784979e-01
3.217753154479527922e-01
-3.143131863689752059e-01
-2.522746808013869302e-01
7.384457310270595709e-01
-2.600030033305806842e-01
-1.583844250162207423e-01
1.742650945588986033e-02
-7.203992749120609052e-01
9.134463957267584533e-01
-2.570944299269930511e-01
-7.143441537840016231e-01
-8.546472130420668112e-01
-6.531332293965896874e-02
-8.978727888309889771e-02
-9.898919518506845705e-01
9.119877848594049041e-01
3.841384116562074347e-02
-5.815098888846383929e-01
-7.989627786398796339e-01
-3.323651906467997019e-01
7.896992691479722826e-01
1.577072358669697749e-01
-2.951994034830327518e-01
-9.203090386127454892e-02
7.217371444614275600e-01
7.012189695456694238e-02
-9.093668591185084527e-01
-1.769759556741703488e-01
3.108595956192221621e-01
1.428553553097005047e-01
8.590821413641682724e-01
-5.923560256584035066e-01
-7.768360461126100347e-02
6.253975504674578190e-01
-8.697250887139653663e-01
2.340675539256786841e-01
-6.390806447685202230e-01
6.291949070552420586e-01
-9.965996077946683851e-01
-8.479921098069165275e-01
-9.422089750005691045e-03
7.234009150726230519e-01
-7.738431402933696468e-01
-4.584441544919060085e-02
-9.055527241530545446e-01
9.176461976075471760e-01
-5.912159056274572944e-01
-7.560678207462372402e-01
-1.853036207084246545e-01
2.045526407059401475e-01
7.277372950714469102e-01
2.454015710771928482e-01
-3.770083927587661865e-01
-2.809973944728734185e-01
-4.831186564058009836e-03
4.934023015375146315e-01
-2.311430424401692552e-01
-9.096708242614504059e-01
5.025082488762477873e-01
9.812159665377317985e-02
-4.429185626306986201e-01
-6.043532608722075317e-01
-3.402864427536300695e-02
-1.494976373466392339e-01
5.113926439972005245e-01
-2.508036116257779113e-01
4.664827641864954799e-01
-6.588848937223350521e-01
-2.798591232262439554e-01
8.142489059426807341e-01
-9.393639843958665470e-01
-3.088179855411719021e-01
-3.048484679960485888e-01
-9.214468929809018771e-01
8.123928514503839793e-01
-7.659218434012826648e-02
-3.551542140550456583e-01
-9.889869906873727246e-01
-3.753166964822927110e-01
-8.836729219807293312e-02
-9.957094690568391027e-01
-6.119202059137378580e-01
7.795481727621196288e-01
5.445325449106552806e-01
-2.896465168640449672e-01
-8.762628041872546625e-01
6.037363157410515768e-01
4.773750952801718572e-01
6.143476732066830426e-01
-6.089989199139889120e-01
-2.707716432735740586e-01
-2.650412395958163803e-01
8.485135635520051345e-01
-5.536685384179778069e-01
-7.661470564475423295e-01
-2.848957363841546631e-01
7.190956496796374608e-01
5.154899682308666797e-02
-1.166167611290955808e-01
1.430675805470342787e-01
-6.016130733203592929e-01
2.070400570692347841e-01
5.242894268124078661e-01
-8.596944705695783728e-01
-2.832341184569295844e-01
7.258327452842689986e-01
-9.016695379410673006e-01
-3.168787570539062237e-01
-8.336501682013719439e-01
1.458427421341277341e-01
-3.239976076156227958e-01
1.445677398887732501e-01
-5.268431284098995526e-02
2.601264893065782235e-01
9.601558904964244689e-01
-2.655697675343675623e-01
-3.078282255614110952e-01
-1.523327214647529626e-01
-2.980729363290159917e-01
9.383529639133874056e-01
8.904851799836754900e-01
-6.234190137004764765e-01
8.717149924211218259e-01
-6.016968461473086727e-01
-2.713739881029160195e-01
3.546079865010707266e-01
-8.533673064809963460e-01
7.259827847019684199e-02
-3.612696285239889171e-01
-7.946908800318264188e-01
-4.876585847132084428e-01
-8.955561725378078375e-01
-5.375080533783742620e-01
6.270711871770358048e-01
6.270287931199858278e-02
8.324201688307535374e-01
6.660014355148633491e-01
6.525400525980238342e-01
-3.892146008975359006e-01
5.395794244387421834e-01
-4.093974605415451329e-01
-5.596838126748076014e-01
-2.687678832611501978e-01
9.507917122250182373e-01
6.002717035074314200e-01
8.669999773097589735e-01
4.538774505727700692e-01
7.176932267785969266e-01
-6.534214999911567290e-01
-2.171771647492366508e-01
1.857031694234507757e-01
7.009272926615215393e-01
6.974671771717302349e-01
4.421507293170701125e-02
4.003825790839310450e-01
-4.292463051237571658e-01
-5.864843232481857793e-01
8.036791737010768877e-01
2.302645402711067657e-01
-3.523950617700155608e-01
-3.821340500496033243e-01
-2.307382788300595955e-01
-3.030561009716947751e-01
-1.780694227250889661e-01
3.914297466357437028e-01
9.263194394312996849e-01
-8.276843171558219137e-01
8.643008400467961927e-01
5.033753496942365846e-01
-1.305880049261449738e-01
2.022994055898572618e-01
-1.840483374587524867e-01
2.189050397874419129e-01
-2.911960263713588848e-01
6.378800937410691319e-01
-3.290228843449971574e-01
2.722431440439621042e-02
3.159977043353354720e-01
3.717948901885217428e-01
-4.120510683825795439e-03
-4.637651857055291593e-02
-3.480398177199739429e-02
-6.143961483388369338e-01
-8.334435927743479855e-01
1.770864088772416967e-01
-7.880133434329723574e-01
-4.786197361479003209e-01
4.053890643833162333e-01
