-8.806818086203860307e-01
8.106095370228993957e-02
-8.282962142736074451e-01
4.142502816898874229e-03
-8.570455062831483506e-01
6.593910687383262026e-01
4.919361434806770461e-01
4.219621645313873515e-01
4.159018097628670585e-01
2.980164057297607361e-01
5.011655063730047210e-01
-4.890665498872581729e-02
8.632244661334533831e-01
5.669026844896016826e-01
6.070009737478661016e-01
4.415505490719868753e-01
6.548021407903565905e-01
-3.854256336164074703e-01
7.966109335941928826e-02
4.011780684848413880e-01
4.071351136970027262e-01
-7.299346512378512841e-03
-2.490130948781483777e-01
5.653593321662837567e-01
2.861062926236168646e-01
-5.372316454529257879e-01
-8.389117263790886181e-01
-4.268383611064889838e-01
-7.505273788327970763e-01
-7.570749607532485381e-01
1.741271894198392900e-02
-1.553208092762679016e-01
-3.541615762369207943e-01
7.119790802674206276e-01
6.167769663736317742e-01
5.574661848618891469e-01
5.724830819166721874e-01
3.068200122177602296e-01
2.572663128977570324e-02
4.365246704151304336e-01
-7.863894451092714455e-01
9.069984797881254224e-01
7.412808044013812214e-01
-7.826777710013019806e-01
4.970018121484394147e-01
9.840066608756159461e-02
-5.445906953478263368e-02
6.386360017459258298e-01
-7.085576322351465617e-01
2.028500259103576120e-01
-1.452623246955770941e-01
-4.088258391155510374e-01
8.371504575084904864e-01
3.979924703181669798e-01
4.109459415279390626e-01
9.965932938417234599e-01
-1.947031788896873561e-01
8.834896256173665474e-01
6.127562763643557009e-01
7.546343727659263756e-01
-7.544749953014151522e-01
-4.262136170548689318e-01
9.104409468567247199e-01
9.225758068512062149e-01
8.745199729992467752e-01
-1.794090011604283497e-01
-4.546047556264400935e-01
6.706915994507929302e-01
7.106746990566517042e-01
9.609392364712885382e-01
-2.478099650444141044e-01
-5.661709414676170393e-01
2.780472662195707656e-01
-3.105502300013629480e-02
-9.209827716909544382e-01
3.753281858224388756e-02
-3.057441954683073337e-01
8.774009889800771234e-02
6.621946539911327534e-02
-5.437677120766113426e-01
5.341758311595143915e-01
-5.982042767313622278e-02
7.211453921020281044e-01
-4.729620116773878280e-01
5.104786008423110033e-01
2.078582790727523388e-02
-2.968893919911419488e-01
8.861121719064086744e-01
3.650099860669642204e-01
-6.020192946408986501e-02
3.503562166156095614e-01
5.990317320036593340e-01
-3.159832860370277441e-01
9.350359561065348935e-01
-2.181731700848861255e-01
-7.379802967902393540e-01
6.372534228070692031e-02
9.459402769629841057e-01
8.827879779946568028e-02
-6.472426966610447252e-01
6.403871241457013141e-01
-1.384570593437164376e-01
-4.142353495740167535e-01
-4.753386953303853080e-01
-6.487830704851051955e-01
-6.627379801073225440e-01
7.082036229266299721e-01
-3.935267640064643579e-01
8.480882076527205271e-01
-1.973272830596348726e-01
9.928294344527237580e-01
2.407140905163425160e-01
-3.911893959543821797e-01
1.466352245570634594e-02
-2.914302745915930970e-02
-5.962877445148573319e-01
7.839863949131737897e-01
-5.681956824196885414e-01
-8.135962444901352342e-01
-5.977661728706655797e-01
5.805828748721222343e-01
-1.883364973458658831e-01
6.823852669441123897e-01
4.660645680090080845e-01
8.456590637387575438e-01
4.047831317298846709e-01
-4.880447548423498816e-01
1.367081838473278577e-01
-5.319809296207886895e-01
-6.879361079760304420e-02
-4.603946375970591198e-02
-3.434354480372443508e-01
-7.591225317642884551e-01
-6.902087525658435752e-01
4.378953075171079234e-01
4.535335313126456214e-01
1.432979309146877878e-01
6.595902331522056627e-01
-4.315629521963781912e-01
2.549178835116749919e-01
-2.093127954452445039e-01
2.152565829487578242e-01
-7.705880919481113978e-01
8.807939251632526112e-01
8.231798565851033977e-01
-9.945191120413123809e-01
5.387076040148541800e-02
-8.767181574943005984e-02
9.885663686710315368e-01
6.979373847179073387e-01
-6.273124520698729611e-01
1.567974225491319817e-01
-8.927752358275469202e-01
-1.533960657205586386e-01
1.753697893468408875e-01
1.319704292469183748e-01
-9.575353252619562827e-01
-3.721277449175186547e-02
2.462849374623776733e-01
-7.462159096699005900e-03
2.241224497421967499e-01
-6.764311424418216756e-01
5.963384663841646560e-01
2.511055442566096918e-01
1.253934248980295152e-01
6.162588052949569128e-01
2.524154464099981343e-01
3.998940501146974746e-02
-8.680114978664608127e-01
5.458927845900518605e-02
-2.181607077501006575e-01
7.635954927974828443e-01
1.381669973618502301e-01
-2.525240920039288905e-01
6.739810841349542780e-01
-5.933033747777793909e-01
6.822362738775313851e-01
2.607769384556817283e-01
2.561196131734306825e-01
-1.405387555858572668e-01
8.222338490453522386e-01
-6.395953586772880062e-01
8.481590553479407824e-01
4.834814776143150361e-01
3.634308567066806273e-01
-8.457660176942054520e-01
-4.958053262837602837e-02
-7.033617589057259423e-01
6.093678728828126889e-01
5.679825279531496296e-01
1.989376779432556752e-01
7.822938799696679268e-01
8.365335491076948404e-01
-7.015676668311938702e-01
-4.762903344909608094e-02
-9.889400138801451856e-01
-7.971454334041290224e-01
9.391993428011580214e-02
-7.994920629172939108e-01
9.211730025687900891e-01
3.311958340210250373e-01
3.444905947973146976e-01
9.717686752833412100e-01
-2.016892730703716552e-01
4.899752797029548468e-01
-1.724712559827512592e-02
3.185511429116480997e-01
7.130044668623292115e-01
-4.762899207348731956e-01
-7.257631928597749749e-01
6.817694756966163894e-02
-6.670210905443738625e-01
-2.683275462419494328e-01
5.586133552972321059e-01
7.873065668702314834e-01
6.536577509524987839e-02
3.849064051055774982e-01
3.407768173196001893e-01
6.928768883878733131e-01
3.946442197429991250e-01
3.597488544604774408e-01
4.715361230560133343e-01
5.396419008649737670e-01
8.146319657425373784e-01
5.044303619765553304e-01
-1.615631341763039686e-01
7.214421580027345904e-01
5.982973061640395329e-02
-9.465133756523085307e-01
-8.517251025913712414e-01
6.165918889587846952e-01
-4.111230590978287580e-01
8.261429685666017431e-01
-4.828662180814458083e-01
9.199081297877265140e-01
-9.738493587784735617e-02
7.578869986458089958e-01
2.532084268975818286e-01
3.972193965515782299e-01
6.502518388223006429e-01
5.262745112801152647e-01
6.050080924282172923e-01
2.983176997946985765e-01
-6.231214790092982625e-01
4.020308035438453498e-01
1.445900841564935480e-01
-9.772336754646908652e-01
2.437902726553311528e-01
6.422543284037289801e-01
4.061023746113612276e-04
-8.692896926589896989e-01
-5.960826081091703532e-01
2.559565869690754170e-01
-2.060056660571472076e-01
-5.022704152278500978e-01
-6.309666026384208593e-01
7.728720130899144891e-01
-1.125223099270118432e-01
7.675722062473071539e-01
7.811988073675220079e-01
-1.652290516198744452e-01
4.994972042009109270e-01
7.151351307785731581e-01
4.159147717226234775e-01
2.858390090718829768e-01
