
0 61.618257 16.586629 19.831141
1 71.319589 31.838163 18.910231
2 71.319589 43.936682 18.496943
3 71.319589 52.897078 18.883401
4 75.916754 59.706085 13.823556
5 76.668557 63.671867 11.797204
6 80.12907 66.650674 13.655779
7 84.931724 70.376901 8.142787
8 84.380953 74.549292 8.105125
9 84.380953 73.937849 15.35158
10 84.380953 76.617203 9.879653
11 84.380953 78.100911 8.338179
12 84.380953 78.035218 13.470724
13 84.404774 78.036589 14.323312
14 84.404774 77.537689 11.609839
15 84.404774 65.565776 27.560433
16 84.679362 72.932343 17.318927
17 84.679362 75.432821 15.59039
18 84.679362 77.662286 11.445917
19 84.679362 74.915596 17.664009