-1.767624044817746043e-01
-6.318720955035852516e-01
7.172979292575547561e-01
7.379819017509896550e-01
-6.527737114185412359e-01
-1.730222741379461304e-01
-4.012008292364801498e-01
6.108221884196227691e-01
-4.569199371761778483e-01
2.600396077876323542e-01
-2.785376622803243940e-01
-4.321981536039796179e-01
9.560439433535488085e-01
6.599710926485728990e-01
-8.924631492229844199e-01
5.328972177741619909e-02
4.616340925609574430e-01
-4.692505038725287569e-01
-6.021650711199717509e-01
6.134522902143786371e-01
3.200090232946617430e-01
9.286998490339568590e-01
-6.709371329698499142e-01
2.002927076800968820e-01
4.040915255956460950e-01
-6.726801042209820114e-01
2.574043319182117706e-02
-4.802790809826973373e-02
-4.457525678580021022e-01
9.570091893674019801e-01
-6.246888424331100698e-01
-2.056049133485515767e-01
-7.849103812511004641e-02
7.646931909867673571e-01
-2.851305656690823476e-01
-4.421910172452236942e-02
-8.422754611535716585e-01
-1.897869447537356979e-01
-7.209777165858870518e-01
6.096453107862673804e-01
-4.445800408270939030e-02
8.137463227887482553e-01
7.514051105118799700e-01
-6.297271111182920489e-01
-7.403328405386766509e-01
2.473787964858242816e-02
-4.430042848639468289e-01
5.475566030524128269e-01
7.531678191037798342e-01
-4.856268076388103871e-02
7.673936677410941876e-01
5.979199096544112191e-01
1.710417984796350765e-01
-9.199994936463875561e-01
2.903440583952674459e-01
8.222367269174082338e-01
6.889503563605294811e-01
-5.666397568617349556e-01
-5.022814405002344884e-01
-8.147571053518209983e-01
8.593684010981459398e-01
2.713573474247299444e-02
-7.237795123377748219e-01
-6.133042711463041474e-01
-6.189681594225602268e-01
-6.337776889865143204e-03
4.135706253358328865e-02
-7.536141827619531330e-01
8.636084104158348040e-02
-2.622868450914657146e-01
-5.051969130110323114e-01
-1.943988547644674991e-01
3.473440984995290748e-02
4.240583871126557547e-01
-8.722418096896769057e-01
6.286378820062088479e-01
-2.681047188913678880e-01
6.254394899258197693e-01
7.410764986819462496e-01
-6.062125021390452062e-02
-6.757214501177708499e-01
3.590225636928923159e-01
1.307202729104683936e-01
-1.918439220633196829e-01
-2.537072658253944901e-01
-1.273041971493138469e-01
-2.758533384690906587e-01
4.316883831555797801e-01
-4.246693296381238714e-01
8.170354150393333015e-02
4.374295132192538293e-01
-4.657918394619842140e-02
-9.346429029541529765e-01
2.866678950484153887e-01
7.455666119602326614e-01
8.586397716739637698e-01
8.898078645726765767e-01
4.038081068437555654e-01
-4.508646753300427079e-01
-6.371477548798598622e-01
8.774679021423255065e-01
6.207040221079065390e-01
7.753050861479184874e-01
4.443504894341165912e-01
-1.797125943192821040e-01
7.744150900648623104e-01
4.640463167933761568e-01
4.040546612255875303e-01
6.148231013486715746e-02
-5.906911624032904484e-01
3.053083786426322721e-01
4.067432982736005620e-01
-2.475217155331586039e-01
5.348883486854305591e-01
4.887516964000766517e-01
4.796718943453228690e-01
-1.144876563494490185e-01
6.441059223494398633e-01
5.529706020368085895e-01
4.151706363158642610e-01
-8.548429868936850973e-01
-1.425783124333981355e-01
2.094209587671942430e-01
9.347324141273516407e-01
-3.349627336119100907e-01
8.241737683205041520e-02
-7.845592591547889683e-01
-5.552036482416078389e-01
-3.421066348661028211e-01
6.778204889663466126e-01
-8.588088938801963224e-02
-4.555828168854105797e-01
2.858701875266334014e-01
-5.216273770264936438e-01
5.160606986379487893e-01
4.028864855910305742e-01
-4.829471655339039327e-01
2.497122192896334969e-01
-3.997863159384249521e-01
7.059295286029660943e-01
9.795684559921884471e-01
-5.570154900605241988e-01
5.016761388551325140e-01
2.988802059942567979e-01
6.878950318986718493e-01
2.479748362364215808e-01
-4.621997935808754843e-01
-7.595496742779561661e-01
-7.787648591692564182e-01
-3.368968408233043998e-01
-1.775108746292679562e-01
-4.054864262929467333e-01
3.284960131267584682e-01
-5.885730215530919907e-01
-5.917254869320656141e-01
7.015243812638454202e-01
3.567700351414626603e-02
-4.076404860122340157e-01
7.972269876675057709e-01
-7.993224747482399195e-01
9.998538640187575322e-01
7.890020070964860466e-01
8.520480144875919315e-01
-1.441223549509280666e-01
-3.552823003579284045e-01
2.326537886521065079e-01
-6.511840563526656300e-01
5.353337711836814172e-01
-7.842343429647007369e-01
-6.845791471649305127e-01
4.721558061747757051e-01
-2.918053325463170200e-01
-6.974271661036612890e-02
-3.409413232300049224e-01
-4.678602268815523768e-01
-6.820754816560750111e-01
-1.699360825368476657e-01
6.017506479610288395e-01
-1.976800235567552910e-01
-7.455278069341408909e-01
-7.161207576738390923e-01
-7.240556666108466377e-01
8.425657457170365738e-01
6.290493348680856744e-01
-1.416469280334238245e-01
-3.266152293311164190e-01
-6.801040526644617223e-01
8.857355877809296452e-01
9.850003859724101307e-01
-4.704597631178164541e-02
-8.790978848454022998e-01
4.959215991332364126e-01
-8.285569722108712121e-01
-4.235118326995142013e-01
6.414751961736220309e-02
-6.075686824102004557e-01
3.004564187937837083e-01
-1.658878928786022833e-02
7.555465145600925858e-02
2.630970191514681034e-01
-1.257405777364160038e-01
3.207304541827213917e-01
9.019918897825340842e-02
-9.588949684256853345e-02
-8.951548724229945186e-01
7.647282804869559580e-01
8.095343378263342160e-02
-6.564895051333143883e-01
-6.222601398529659100e-02
-8.950035062326020530e-01
-6.066456055278979242e-01
-8.231331289331955681e-01
-2.692552731443178526e-01
5.241389866943815257e-01
-1.211983429175325089e-01
-1.588655363291944234e-01
9.132908285622676203e-01
-6.286758856494674141e-01
-3.193608088954218438e-01
2.047939702490992886e-01
-9.807656741960841806e-01
2.982156894116645418e-01
-7.166531129094997343e-01
3.273745116479813699e-01
-6.428910100507057024e-03
1.977524913343304824e-01
2.079797041461108886e-01
-2.784073406287232988e-01
2.175281477215267323e-01
8.077191589461472088e-01
-9.400376059287871566e-01
5.485831803266583151e-02
3.130086425272449180e-01
-8.398033455691324978e-01
-1.049905913706077332e-01
9.318968813442745081e-01
4.069076627737435725e-01
2.391583800774799151e-02
-3.817258398660057228e-01
-4.020166729560279428e-01
1.235770575982759745e-01
-1.513350908273607409e-01
1.953433058923677024e-01
-9.156099084530289201e-01
-9.876140375021402740e-02
7.516038079454010479e-01
-4.105709169485491916e-01
8.487617418950801351e-01
5.459169641360310798e-01
3.554770896188632623e-01
-3.416498871831519235e-01
2.418612685900849435e-01
2.580128485792856363e-01
8.619281634247062396e-01
-4.699378888571701385e-01
7.357905036636358531e-02
1.490495064960328797e-01
9.387140385767953621e-01
8.680564612679051439e-01
4.732616480181615071e-01
-6.756446937907538697e-01
-5.785916950836158534e-01
-4.322278899818590148e-01
6.653679797411118368e-01
7.009458377021271502e-03
