
0 75.871419 15.846643 24.303853
1 75.871419 33.984553 27.813029
2 76.66862 43.795334 27.875096
3 76.66862 49.047557 27.694254
4 76.768791 59.118338 25.937735
5 76.768791 60.841752 21.729172
6 76.768791 63.670886 20.280834
7 76.768791 67.82741 16.733316
8 76.768791 67.845465 19.225673
9 80.833259 67.654981 16.615412
10 76.880185 66.700026 18.783089
11 76.880185 72.976988 9.585263
12 76.880185 72.839991 10.036626
13 76.880185 69.591217 15.053495
14 76.880185 71.946976 11.206669
15 76.880185 67.822448 17.414091
16 81.337763 61.41257 21.382183
17 81.337763 61.841255 22.017254
18 81.337763 65.224042 21.483853
19 81.337763 61.040122 23.052177