-1.403330545414702701e-01
-3.004239859996971074e-01
2.701994695011862291e-01
-6.594855870692029054e-01
-3.813549381530554339e-01
-2.617389038148416613e-01
8.266456432270425925e-01
-2.001379648744465722e-01
3.106044367218734337e-01
2.663833785383484809e-01
-5.903455295957265037e-01
-4.660510811759632777e-01
8.664688473710671079e-01
-6.907976155281019270e-01
-1.186018384191673825e-01
4.054102596957731564e-01
5.336635738176600530e-01
5.066074617622084997e-01
6.770375963471786385e-02
7.984680666139221117e-02
7.718567754141298920e-01
-9.984009478019091333e-01
3.251247769155571898e-01
-1.009676411120661310e-01
-1.532894005506455493e-01
3.768003850807115640e-01
8.932450696963090131e-01
-2.893577164604301810e-01
-7.899689668534743969e-01
4.840413593681320847e-01
5.192683569967639912e-01
4.776857517492238969e-02
-9.981671729622294542e-01
5.875017792351078239e-01
8.775638543033956740e-01
9.235897087736739675e-01
-4.911479917749894675e-02
-4.056762481718858560e-01
8.597385179391163756e-01
5.656878315223166087e-01
-3.187748671978167803e-01
-1.350125846289569331e-01
6.610123692884861679e-01
-3.675414512772157138e-02
-8.380229656733180210e-01
8.537397737066956260e-01
-1.166427793617681452e-01
-3.286745987565229399e-01
-4.758191788785810505e-01
-1.724629890871285376e-01
-6.699222731777085826e-01
-9.697333734951703033e-01
-1.322431635229568414e-01
7.342801925801540897e-01
7.126122991951284735e-01
8.289066913313281049e-01
9.539551373222876496e-01
5.796635616664620461e-01
-9.554120247657245102e-01
1.232278308282601653e-01
-9.754492311706111085e-01
1.244389518226127755e-01
-4.273759956176559349e-02
-7.748807334038712025e-01
7.715082312467862469e-01
-9.447894690411526852e-01
1.474347667747437640e-01
5.279315745302803897e-02
-4.167400621346093459e-01
8.701847103861637400e-02
-8.513826829961239628e-01
4.781845373193014392e-01
-6.471607781641055546e-01
2.009583299902510944e-01
2.609407897637376905e-01
3.453607008816601542e-01
4.415066965288494405e-01
-8.241040605781118078e-01
2.199986526978365831e-01
6.164496026934040973e-01
-1.258872038257532466e-01
-6.955631639376098629e-01
3.445152335916743525e-01
-7.621598973852761194e-01
8.606596523261016429e-01
-5.821324103823313223e-01
1.728237096381051163e-01
9.087044851430681192e-01
7.834478692040807157e-01
6.336863621709973859e-01
9.818662071619053133e-01
2.391086466440823788e-01
4.778967256272477204e-01
1.296677115258626500e-02
-9.487446772120737837e-01
1.419121968926240207e-02
9.217226540808014512e-01
9.844054818526466466e-01
-5.118067050071035684e-01
-3.713984176528699610e-01
-5.468148036320013006e-01
8.545818638923212696e-01
1.923176094249252621e-01
-8.573875864793274459e-01
7.583110139156219454e-01
1.145104641094407683e-01
-1.774116551827131794e-02
1.745891005492150594e-01
8.053950766047430765e-01
5.645872011956998282e-01
9.871090892553957552e-01
2.602802888963573480e-02
-1.619896787720032094e-01
7.860411348559113165e-01
-5.397545796636114002e-01
-5.196358603012203314e-01
-7.233651475756304183e-01
3.157907641191999293e-01
-4.138070779470639504e-01
4.170602580953464145e-01
-5.261255901320502915e-01
7.105747540655698025e-01
5.480411206902544574e-01
-7.053728391450131419e-02
-7.494316764786423946e-01
-3.672688131227275221e-01
-9.091986664332507573e-01
-6.133137792367580055e-01
8.715274996526733986e-01
-4.502459438885941800e-02
-6.123200122383551935e-01
2.647677502063916499e-01
9.614807989857279136e-01
-4.561621369871700082e-01
-3.486507722744591753e-01
-5.517246208819917008e-01
-6.331281180924239749e-01
6.861900244135821225e-02
9.091618302980886135e-01
-9.132045231893239912e-01
9.199614734984113973e-01
6.161723114708212989e-01
-5.595727793435250064e-01
-9.267021278902196624e-01
7.097490130553434362e-01
1.489577777795567659e-01
-9.979351398487554814e-01
6.625393551080844823e-01
-5.240662661023709479e-01
-7.238833472246894996e-01
-2.901638867759894769e-01
7.649610421479995370e-01
8.290442284723160693e-01
4.180388194985427130e-01
-3.552624080706008325e-01
-8.137327271507970305e-01
8.833650264528822849e-01
-4.483485660488188973e-01
-5.010773789510358789e-01
-7.026891559333758863e-02
-6.300195116004969620e-01
7.671432127743897933e-01
5.530888886006473104e-01
-2.293081273482389104e-01
-9.461328194064317909e-01
-8.222983447373723997e-01
4.278145357084452982e-01
-7.484918840206338242e-01
7.626239577702185191e-01
1.531829951616263674e-01
-5.703769584425084638e-01
-7.630213085760255698e-01
1.283387598169400956e-01
-1.160134043503013856e-03
5.847159730629862828e-01
-2.043040759382805938e-01
8.074546974126701748e-01
-1.408993113706480393e-01
3.321279015919849087e-01
4.624275766666032794e-01
3.277101734171141700e-01
-9.475178715831145126e-01
7.848387875366291677e-01
9.642808748512974315e-01
-8.747891164765575489e-01
9.063289719399847399e-03
-9.432319543345044632e-01
4.596693460342247128e-01
5.320628518855861078e-01
-5.565763874188434102e-02
2.758648682152735621e-01
-7.599408240971921025e-01
3.384469813531059135e-01
9.813858456553878895e-01
-8.051846520516137140e-01
2.224941865249132622e-01
8.200077379712358283e-01
-6.997236412608671685e-01
3.616481552059711557e-01
1.355531659619493290e-01
8.972859469331218030e-01
-2.514158968436608355e-02
-5.616384739714672669e-01
5.411788452932289051e-01
-5.874942826564013565e-01
-6.703552116786397619e-01
8.991936562626061669e-01
3.858684815765833775e-02
-5.624455574376054923e-01
6.882173685747781100e-01
1.516503637149000383e-01
7.178734259532522088e-01
-4.053776522594534359e-01
1.102624247531518442e-01
1.173988967588333043e-01
3.981917489778852293e-02
-5.604784215315463669e-01
-5.686345431520787308e-01
-3.593533904101497978e-01
-5.490951414646934037e-01
2.621976080183239244e-01
-6.149686189812599846e-01
-4.575363600800688157e-01
-1.130248738717587464e-02
9.069982005967114347e-01
-2.592644005320245970e-01
-8.983305504648149142e-01
-3.578153307798621618e-01
7.557083790919341126e-01
7.509398855146542928e-01
-4.846743539711415583e-01
-8.727586278179926271e-01
-4.806311040708299842e-02
2.400954368096919200e-01
2.076607289808074519e-01
-6.811111572981791706e-01
2.387098420278572775e-01
-6.286952742384128712e-01
6.594680813275253239e-01
5.141644049822298168e-01
7.114876520517174896e-01
8.265167948534573039e-01
-1.881068628132869236e-01
-1.033146080144557999e-01
9.156904126872591476e-01
-9.561042966636146279e-01
-8.075248499295104576e-01
8.397330205523609870e-01
9.658195911846101378e-01
3.469089730903602842e-01
-4.842923492896127335e-01
5.039415950757375473e-01
6.603908016727766395e-01
-7.806127729501599610e-02
2.872777943876949625e-01
-6.481839702837761674e-01
-1.203394041917282831e-01
9.039153453322508192e-01
-7.547875912504615759e-01
-9.078710836647716498e-01
2.688397848085344322e-02
-7.827708312543912861e-02
5.043681057830775583e-01
7.565597634590286447e-01
-7.632159066293597860e-01
