6.707860612156628655e-01
-7.885890872948113639e-01
9.553797480300152412e-01
8.812514405839166898e-02
-6.666484103326930644e-01
-5.820961779609259423e-01
-4.117939870225713062e-01
-9.424850164238449679e-01
3.520238315413517505e-01
2.940772822890174165e-01
-6.201366084021429081e-01
-3.672417881077727486e-02
3.486472719246374030e-01
7.910000070247806825e-01
7.951936338220735312e-01
3.959814207811680475e-01
2.722807090936829599e-01
-4.392625172655226784e-01
6.920905298896173896e-02
-2.572598270843988733e-01
-2.827110142432156525e-01
9.813011792945849354e-01
4.170588120212870287e-02
-6.120278255842359627e-02
-4.636800527224087531e-01
4.025654887390994752e-01
-6.903414199199977563e-01
-7.925039298961567003e-01
-2.325770669217230857e-01
-7.031640865041122179e-01
2.632586500909896987e-01
9.608621851562058058e-01
1.898163716836418491e-01
-1.035218125738972539e-01
4.766070859012903060e-01
-4.327489473585899304e-01
-2.269158610189572212e-01
4.237229347408970614e-01
-1.890447528707106528e-02
7.929278457675337233e-01
-8.740928887118062374e-01
-5.216619681815155563e-01
2.785988061760300560e-01
-3.533690822420800792e-01
-8.731288826129357528e-01
4.219057428417205546e-01
5.559723482390868110e-01
-8.189121442505471471e-01
-9.871079370680384546e-01
4.131654968575393383e-01
8.380375751066269085e-01
-7.285630586897711147e-01
2.706871482700148324e-01
-5.968353638768704172e-01
-6.991975893935036268e-01
4.957457936997029524e-01
-2.574248797603848615e-01
-7.265770208663024921e-01
6.313321761878007976e-01
5.190204607100268319e-01
-7.605685648088185147e-01
-8.819302331091645186e-01
8.998321445033579113e-01
-2.456743602141540084e-01
-1.865935568879539819e-01
2.321837172528387061e-01
7.348607157100752740e-01
2.791911748851443331e-01
-4.588072059152572546e-01
-1.201793747488211217e-01
-4.631224695568691985e-01
-7.081861481164837269e-01
-2.059865280976302948e-02
6.930602073627267767e-01
6.939877572268748906e-01
6.765003728886089807e-01
-8.849817908831671964e-01
-4.292011985051789047e-01
-1.078449787136386284e-01
6.507054474210824946e-01
3.702960845722325089e-01
-8.950362424948155038e-02
2.821577063975948541e-01
1.666646755224077125e-02
6.996283343298594914e-01
-6.546412735764062241e-02
-3.245717551722520078e-01
-4.013261034173238873e-01
7.434665364043697711e-01
-6.430951782094902480e-01
-8.545882924172147899e-01
2.694625142380095983e-01
-3.189689715314110163e-01
3.969275674396648412e-01
4.534092685600843442e-01
4.951924398946023764e-01
2.787499179650081427e-01
9.606389432236186465e-01
-6.279047029417088588e-01
5.289324696945840731e-01
-9.794378650282853371e-01
8.824865281738778489e-01
9.323433256020217108e-01
1.589871952321566528e-01
1.077472863291166760e-01
4.097194124948000393e-01
-1.235100808066125211e-01
3.611111561004725079e-01
8.131380406663302196e-01
7.584116718901512399e-02
-9.168480839701391716e-01
-4.335742161012372531e-01
7.956723579488458320e-01
4.077489478303641945e-02
5.393725706618743843e-01
9.767147395155555412e-01
2.605250904402334200e-03
3.011894245832194006e-01
-7.299108558110625200e-01
-1.273253173880823930e-01
6.486136095016092895e-02
6.113831264209430572e-01
8.586710019897094703e-01
-4.943349832876964278e-02
4.761576560362099642e-01
-1.532467568861672902e-01
-3.353661032274923848e-02
-4.293363590079395387e-01
-8.913092684821022349e-01
7.273846223329709648e-01
-9.878367100722929006e-01
-6.482180609666270410e-01
-9.824601768456757700e-01
-9.747982342684999857e-01
-6.724602542372397629e-01
4.937049681399496848e-02
9.501089135174065614e-01
8.569120882092673419e-02
-9.310569640411976433e-01
-2.567788987616568264e-01
7.981684967719337997e-01
6.625980755819500523e-01
1.242888540241757767e-01
-5.240790819514193899e-01
4.184764404164251772e-01
-5.732432784522911717e-01
-9.798258542826805417e-01
-9.650774090507590053e-01
3.791095889342450675e-01
-8.170034939546142461e-01
-8.663860695581953042e-01
-8.976656957058357644e-01
-4.808781847409189236e-01
-3.242980460418025679e-01
-3.834250053995014174e-01
-7.320069895595238130e-02
4.558345686522216056e-01
-7.867334227041569150e-01
8.361726496723442814e-01
-8.431169021668549757e-01
-5.695271279782971874e-01
-3.378020619498567356e-02
-6.870271705667381212e-01
1.789981837651770658e-01
1.075938692639111238e-03
-2.003829823456120263e-01
1.663492200612648464e-01
7.192347233880123092e-01
-2.438069061655960823e-01
3.622152441332504580e-02
6.474785397625237859e-01
-3.533526705598855067e-02
-4.092900615265340214e-01
3.501412624119932815e-01
7.628123585331822998e-01
2.576762579071072423e-01
4.282200227427883643e-01
-6.725522966666059865e-01
-5.380056832381656662e-01
6.312246707920898814e-02
-9.619637269364200716e-01
-2.411851088123231346e-01
3.326480752106959482e-01
1.276226475495858548e-01
8.648333791407236681e-02
-6.655020709285672798e-01
-2.535109157022761295e-01
-1.177035093511058506e-01
-5.228103645688753076e-01
-1.894151536930317459e-01
7.368171922420463371e-01
6.730114350908897869e-01
7.610405953427346049e-01
-7.823966599833753754e-01
-3.223934218820494468e-01
8.251755329902610292e-01
-3.835357247560122751e-02
6.443625565695509927e-02
-4.501424465748491421e-01
8.328050109782034749e-01
6.281853059799091810e-01
9.458139179970661559e-01
9.088844590424030034e-01
-1.645387007396179602e-01
6.943625654114928825e-01
6.562830104790868813e-01
-9.274176019317359465e-01
6.537227784716059809e-02
1.713442111387586397e-01
7.576152971391001412e-01
-3.844347823617813020e-01
6.718771313951690249e-01
7.755292954053998322e-01
7.135901479409834103e-02
7.072163123813908214e-01
7.582510403625737361e-01
-2.024303073087971860e-01
2.253592388799248170e-01
-5.395992015882951076e-01
-3.279220986368547308e-02
5.585874289355452493e-01
4.192554986531096262e-01
2.740755427906336195e-01
-8.364416900882596373e-01
9.344952021383923224e-01
-5.483756851554164591e-01
-3.214599078634063911e-01
1.629397993398802313e-01
8.466294902271780387e-01
7.416169343927394575e-01
3.428079581842384815e-01
1.056263221766240434e-01
-3.978327070267395627e-01
-8.957601897893439080e-01
-6.184038604508905745e-01
1.917189856028620465e-01
3.110715929147875869e-01
3.058440094879346649e-01
6.472511927669395426e-01
9.921725773913403490e-01
-4.148747368510752320e-01
-2.800583171697013096e-01
-3.779089594019664489e-01
7.724269286971470194e-01
3.773131730399947870e-02
9.094476436538285746e-01
-3.424209064263474822e-01
-3.459416605058200922e-01
-3.416597575353905736e-01
8.787711114111766975e-01
4.708515140825864087e-01
-7.503636430998052997e-01
-5.329598098941579210e-01
6.519849212544641670e-01
5.367680400964875975e-01
1.652347021955131723e-01
-6.827339452305818401e-01
-9.310997861463594649e-01
9.499774436622026030e-01
-6.581373810486910170e-01
-3.700317651784135187e-02
-6.156295647170872964e-01
2.193167736789678468e-01
8.878342547435886800e-01
8.732680455227630478e-01
