
0 62.173529 22.646272 26.083645
1 71.07593 40.979037 24.104579
2 71.07593 50.879205 22.574533
3 83.076184 58.731714 16.46632
4 83.076184 64.731841 13.311964
5 83.076184 64.314691 21.760502
6 88.545414 66.73285 16.828321
7 88.545414 75.92337 10.751523
8 88.832081 76.237984 16.49562
9 89.0523 83.196374 7.346235
10 89.03455 80.577376 14.795623
11 89.1923 78.644955 20.116808
12 89.258967 80.409628 10.794358
13 89.258967 76.271163 25.360914
14 89.1923 83.201412 12.378547
15 89.1923 85.490325 8.780958
16 89.1923 80.120053 20.014333
17 89.1923 80.759399 17.404208
18 89.1923 81.830944 16.419923
19 89.1923 81.597527 15.514111