-5.486299489641719429e-01
-5.981892983872423297e-01
4.445390218470901544e-03
9.366658837298356133e-01
4.733789321085768442e-01
-1.285457124730049472e-01
-3.370688397525603008e-01
3.881872727816193525e-02
2.413186161099569738e-01
6.378046328866933123e-01
3.961953209743944715e-01
9.637472718478838907e-01
-3.779248709082132507e-01
-7.806949098676543297e-01
5.297506052709142210e-01
-5.955379973739516331e-02
-1.979820214077523399e-01
8.690343815141039485e-01
-8.798842055537556828e-01
5.391116503986788100e-01
6.323079562252420516e-02
-6.977043090895576061e-01
5.008808523488432751e-01
-3.146816382877577478e-01
-3.376161144150160442e-01
9.966606170594853875e-01
6.340315283111603861e-01
-4.378771132477397021e-01
9.281144032589847548e-01
6.052206803059272389e-01
4.585973560178933095e-01
-3.002228667916551075e-02
-9.227884992782853235e-01
2.561264225488628643e-01
-4.933489179620791365e-01
3.097801881812796143e-01
3.330778990738785250e-01
4.251199957221798442e-01
6.270103509710107659e-01
-5.965960069102382857e-01
5.428114936379930811e-01
7.534419385692709970e-01
-9.312262046410666461e-01
1.622157968276518591e-01
-5.764765115468777346e-01
7.005953787728087523e-01
-8.664378534879679794e-01
-6.476720736656726984e-01
-7.051835519444815681e-02
-1.680943313285099272e-01
9.658124054440320183e-01
-7.338578731762612772e-01
-2.910801861375995614e-01
-2.113404315571474346e-01
1.523146691862371505e-01
-5.943875534917009151e-01
-9.853652724271311225e-01
-7.521269572281985560e-02
1.829223192249118668e-02
-7.865831308383881559e-01
-8.683786031970828212e-01
7.106225207898260177e-01
-2.740469004837178257e-01
7.707866549507282894e-01
9.094649657961344502e-01
1.438570562803449526e-01
1.971844480748410344e-01
-8.969654416132635255e-01
-4.322419163495616612e-01
3.420686821795864141e-01
7.874407010515172001e-01
6.038806798340146109e-02
-2.142322180461950776e-01
2.843176434818390774e-01
-6.202920162212199884e-01
9.655935749262145595e-01
-7.093082764416949182e-01
2.682909226923753110e-01
3.423526531684066843e-01
-1.441759219413678572e-01
-9.141679247749234793e-01
-3.688432007574187210e-01
1.337466661765733811e-01
2.945249974804764470e-01
-5.276254021365984759e-01
-7.429188123917611630e-01
6.542084377103947190e-01
1.484490180460924513e-01
-6.893132114045050773e-01
3.266352539889232354e-01
-1.902766748629696192e-01
-7.296444855791244244e-01
-8.017736746427590599e-01
4.276593192592266224e-01
9.053230145089259384e-01
2.277143584949148369e-02
-5.563329281176501162e-01
4.907245729232432296e-01
1.145607591810440251e-01
5.732638975063923947e-01
-8.272055211750006798e-01
4.108301695378524521e-02
9.964063030892535977e-01
-3.096700833697996202e-02
3.104463686413523327e-01
5.183989634559125204e-01
-7.816200220962337131e-01
8.033168212887920046e-01
5.565107590612474731e-01
-6.608138506593852490e-02
1.565037105212192525e-01
3.781867007455941287e-01
-2.592424298840603214e-01
-6.027510593221638846e-01
7.127371759520928496e-01
1.771692285755652740e-01
-1.786397282923037899e-01
2.532880294347974459e-01
7.427252401024466710e-01
-6.173508006076133814e-01
-7.463150580283453017e-01
-1.025198185739655266e-01
6.496206818647671799e-01
-5.006253495203474291e-01
7.727872990858082325e-01
-5.463311442432594589e-02
6.363108513073343353e-01
2.220542002960836925e-01
5.433718552285595749e-01
3.995146597439909186e-01
8.756386138562799459e-02
8.335223130656139734e-01
-3.173356062643535314e-01
-8.854846831656815187e-01
-5.428785745596247381e-01
-5.971153957811003998e-01
-1.605572989257839644e-01
2.836210841600039778e-02
-2.606218484935323154e-01
-9.190692963434756724e-01
-2.174354857618798764e-01
-2.060752603480480172e-01
9.904657701868146980e-01
-3.394943559462830773e-01
6.799062167352256658e-01
-5.509443040477295384e-01
-3.852477372951712553e-02
2.847237124130919117e-01
-2.445527689268904847e-01
8.697377574410585233e-01
1.229887426437268338e-01
4.663683492492287641e-02
-6.553576229230047012e-01
8.937015003325852192e-01
-7.849787611322085468e-01
2.443272232610129713e-01
1.976522785332366361e-01
6.529289769797588239e-01
-8.030693176959018409e-01
-9.385382743233288139e-01
-9.362899533854873724e-02
3.240182012152965640e-01
-7.866325750522809024e-01
-2.093658716204020998e-01
4.859814624478246969e-01
-7.974010327049585456e-03
-5.316257772545838201e-01
2.505568092034744510e-01
1.327666609727051750e-02
-5.838390067779863912e-03
-4.080926996028892972e-01
4.114365973380729180e-02
-7.357634700380766279e-01
-2.446063563852232114e-01
-7.519433378323969741e-01
7.020989165222699668e-01
-6.903427718459724804e-01
2.382305158033561909e-01
-1.858038267878305838e-01
8.822889301237342163e-01
4.996302235473122355e-01
8.992908853040555428e-01
1.987309211678944809e-01
6.256078967623999176e-01
1.193812471641848560e-01
-1.390516784518269766e-01
-3.865599065226259512e-01
4.031228125444117349e-01
-3.691916370370313949e-01
7.924754922047294592e-01
9.497634532747523117e-02
3.185180120409754068e-01
-2.594714443632546441e-01
6.631213132682944877e-01
5.722207800811607292e-02
-8.406597644381661460e-01
3.983424190575071133e-01
4.911964284811167758e-01
9.191784231527524440e-01
9.369797154399983619e-02
-7.140383382467476725e-01
-8.733417914157297623e-01
5.628562566167472081e-01
-8.622644379752781862e-01
5.902590116171571033e-01
3.893252186897395717e-01
5.730505759864903403e-01
-7.434794596560083679e-01
-3.944809652960197255e-01
-1.159327044828695197e-01
2.092064706976217714e-01
-7.391187474721776507e-01
6.575529377975266598e-01
8.629904251091822243e-01
1.227096440460584414e-01
9.714584188994161984e-01
-8.002630000880364136e-01
-7.438650280336740472e-01
-9.123953474030506161e-01
-6.480641437864465004e-02
-4.151255471646524420e-01
-1.984250872578658953e-01
4.685278203496174854e-01
6.318454351382900569e-01
4.315598737423298470e-01
9.972532432624399146e-01
-3.456634462302909938e-02
6.310969928381697791e-01
5.385871875688434951e-01
9.653509645211524326e-01
5.578932104290399430e-01
-7.342304143681581685e-01
-8.549005018576560921e-01
1.979938321780865262e-01
8.797699235067071299e-01
-8.835272159778699841e-01
-2.462140651307831440e-02
-1.218717614669520000e-01
7.621378523050681419e-01
-2.213963551290534237e-01
-3.833810882824211230e-01
9.833957546799321214e-01
2.109102969084277746e-01
-3.541283595796491657e-01
7.185404687656913314e-01
-7.638754749082479201e-01
-2.964094020777110483e-01
5.917512643506106507e-02
4.504585792094670804e-01
-8.581310610524828242e-02
3.094300144865882451e-01
7.115666112236425089e-01
6.481267009274254143e-01
8.347099913150937134e-01
8.382571345866298707e-01
-1.889354215655869584e-01
8.928893498482979307e-01
-4.381230858477027645e-01
8.135116786422307289e-01
-3.550797412918520468e-01
-6.555639452115444854e-01
-4.711746317437897069e-01
-3.117735445041274200e-01
4.195521366452612533e-01
-1.187057409078724479e-01
