
0 78.263967 26.40782 23.402403
1 78.263967 38.171784 19.896518
2 81.675104 44.651425 20.694471
3 81.675104 53.611728 21.561525
4 81.675104 56.250759 24.779538
5 81.875104 60.986628 25.727943
6 81.875104 72.216148 16.124292
7 81.875104 74.052924 14.562317
8 87.956408 76.726405 11.65145
9 87.956408 75.742069 14.004219
10 87.956408 75.906526 14.055582
11 87.956408 76.034662 14.06146
12 87.956408 77.226517 12.379244
13 88.342524 76.585839 10.684521
14 88.342524 75.193461 17.327393
15 88.342524 75.426587 12.661962
16 88.276414 75.561553 15.075995
17 88.488553 76.354639 15.565014
18 88.488553 79.04842 10.937666
19 88.488553 76.022471 18.208759