5.747933572369210431e-01
9.021203398686263863e-01
-3.797229814750850974e-01
8.946814990547220514e-01
-3.556229776613291094e-01
3.902969347659239752e-01
-8.478144660181579084e-01
-7.891933792394132396e-01
-7.252963369806009197e-01
9.193770452152105754e-02
7.460601117156133721e-01
8.956580380670349228e-01
9.584545927202516857e-01
-6.625820191959024275e-01
-5.998990496344049905e-01
-2.516890719098368034e-01
-9.565906185525356875e-01
7.415034492745378181e-01
3.056056890515497226e-01
1.178801744211419589e-01
9.069491620053673486e-01
-9.239500803468692069e-01
-2.443010405318364331e-01
-5.872684976935271806e-03
-2.125771503892637249e-02
6.219437076791551888e-01
-9.282129768267035619e-01
-3.590122738377043987e-01
2.020969764368909516e-01
3.760010134212670163e-01
9.240661943177479465e-01
6.763601409564057310e-01
4.360581285998723633e-01
4.494070296315995083e-01
-4.063740048075630273e-01
7.036350257483925397e-02
-7.067784868622273287e-01
7.196797040743263540e-01
4.972759698131867800e-02
9.326011382952883455e-01
4.745179205894425323e-01
-4.740396689862964585e-01
-5.872511534480873152e-03
-8.680138373611663294e-01
-2.334455247160727165e-01
-7.569857631878402771e-01
3.738406698058827082e-01
-8.728046477392843450e-01
2.338603873694562463e-01
5.696638983898059116e-01
-1.885545934015899761e-01
-5.000242620569572694e-02
-5.598177057800324263e-02
2.432900130316975051e-01
6.673023871887040492e-02
3.567208406119932729e-01
-2.410903423655716971e-01
9.505599869804919333e-01
9.105054842965119022e-01
-6.076797629647212595e-02
1.928397305915121596e-01
6.264124401914499263e-01
5.146991678736210218e-01
6.837450787372445493e-01
6.201028063463200901e-01
-3.163736202078351045e-01
-4.926089294460482826e-01
4.094903129808300513e-01
-3.975247801897487943e-01
-1.883382553597259257e-01
2.369517912793390746e-01
8.167163953596197068e-01
6.438341353793419763e-01
2.729669033417037038e-01
-3.054069633747251711e-01
9.191662353303808874e-01
2.611822208334895201e-01
-1.471073843640895440e-01
7.521082592472647654e-01
-5.678158068656895541e-01
7.643449873970324937e-01
1.260545733434386140e-01
3.677314577974064580e-01
-3.577522618050099634e-01
6.335856347716013470e-01
-4.820878865331699181e-01
1.698544753356274750e-01
-1.434774893408934382e-01
4.993397451320884528e-01
-7.171509764412584698e-01
-6.160717206139205704e-01
2.229176926466083231e-01
7.032497681241181020e-01
-3.091175364806637571e-01
-1.538716752266278132e-01
1.414814298528144221e-01
-8.766839155986616561e-02
2.405913070045295754e-01
-7.166718779906653403e-01
-7.675069573459338823e-01
-6.742246819828263682e-01
3.565907041238167707e-01
4.720441530517112128e-01
-8.252536407079036351e-01
-9.155712628008827458e-01
9.651293914912291161e-01
1.824287559630821676e-02
6.709698801841144089e-01
-3.147557767550075436e-01
-3.272811205256678235e-01
3.492133871284468505e-01
3.019521164952314596e-01
-5.010580126660386657e-01
5.360484381346617422e-01
-3.305777806338083824e-01
9.012579151457684734e-01
9.168118564214502442e-01
3.808059443375264586e-01
7.482927550137405959e-01
9.443716767043950355e-01
4.961828898277946820e-01
4.261577065695232314e-02
-4.590642441834247300e-02
-9.799667840887507086e-01
9.166277926201915616e-01
-5.029979329393579057e-01
-6.581719602601605601e-01
2.188253387565368691e-01
-5.054175711475357158e-01
8.933287807521439472e-01
6.276349218627055304e-01
5.869033453856846716e-01
7.569964261092843039e-02
-3.859397145021910003e-01
-3.286050893381353699e-01
-1.825221570978228236e-01
6.973898637466302564e-01
-5.235883994108410100e-01
8.719693662084966324e-01
-9.374148683273952898e-01
-4.895849932542446492e-01
-8.892309401071960551e-01
8.484872903890319229e-01
-9.336791485800428614e-01
8.558384968557759542e-01
-8.042185404110573366e-01
8.317874609151991727e-01
-4.597516750010655073e-02
5.036034032458911458e-01
6.669531358862188508e-01
-9.536068075676931155e-01
-4.141759440951187088e-02
5.433175829448506633e-01
6.998206430462938776e-01
7.361762140309713320e-01
3.341887486374996996e-01
-2.245946293169442942e-01
4.778923282197689026e-01
8.448189022634327028e-01
3.319260892104065608e-01
7.835864426134786509e-01
4.691897760631846825e-01
-8.076443801867261296e-01
6.107696100081518864e-01
-7.905217081612601060e-01
2.325044006626801885e-01
-6.117983093402334926e-01
-2.827855256694320474e-01
-4.199598295128406100e-01
-1.257399506677443490e-01
7.340754711259032117e-01
-7.822365732082043888e-01
-8.947562344834709691e-01
1.696462367354638623e-01
3.893584652035131377e-02
-6.259725314188322454e-01
2.246312403147705528e-01
-2.044912417994826370e-02
-1.347338301899099200e-01
-3.767812820083451530e-01
3.672122056970563708e-01
8.508241028830558772e-01
-3.968923294511235156e-01
9.364800939362158960e-01
-7.436144267908613159e-01
-2.670366700137705163e-01
-5.527826991377347010e-01
9.499223139864148013e-01
-7.918106374957112337e-01
9.121734352984554040e-01
5.392251741222195971e-01
8.894330135734527243e-01
-3.874031103474413484e-01
-4.520552451287471740e-01
8.208841217558531245e-01
-7.435169759428350567e-01
5.981953714714243198e-01
-1.170290168361107774e-01
-8.690430181057235970e-01
-4.323062719709425128e-01
6.721937198394691837e-01
-8.330472917674629496e-01
6.800312559231362908e-01
9.042847511690172979e-01
-8.621769046844462991e-01
4.633904725763704491e-02
-7.103313971926983328e-01
-3.802443407998956637e-01
-9.853428656211440373e-01
-9.344054305164217755e-01
-6.290856023759414661e-01
-8.902056859638221020e-01
6.590333582417664537e-01
7.956789587261756669e-01
3.539070161862798436e-01
3.740219526263657279e-01
2.558141739639838708e-01
-6.667213353965166789e-01
-2.606199344105073479e-01
8.564788881945812893e-01
-8.114210878005649885e-01
2.520136734292368619e-01
-8.466588488879698282e-01
1.414658003966451361e-03
5.828660571994994655e-01
-7.100691373003136242e-01
-2.304411265664141339e-01
1.910199869133570871e-01
2.140987635632480846e-01
8.626823681213118267e-01
1.376620024210817306e-02
-7.220125242306090207e-01
4.413436662111940301e-01
9.360987848320654336e-01
3.887446131757370527e-01
-5.729926769744329018e-01
2.187925813296140998e-01
9.721204439542936449e-01
8.461335199669197671e-01
-4.748367053554369832e-02
1.014618836798499846e-01
4.358820048826603788e-01
5.745087427044281991e-01
4.518596963080734330e-01
1.202984217887499430e-01
-5.807730906100154744e-01
-8.582231069724202133e-01
8.622039832598333842e-01
-5.720036914430033370e-01
5.423767809084862890e-01
6.255849872867094152e-01
1.225145932766980028e-01
-6.126878814391978345e-02
-6.363243191564584844e-01
2.559686745807878694e-01
9.400878684875602076e-02
-2.338470258958669223e-01
-9.050156640807371922e-01
7.932251445186577765e-01
2.513198355753432089e-01
7.302661610066234488e-01
5.347059283261834661e-01
-2.320763193278341241e-02
1.605362844813940093e-01
1.573509585069197136e-01
