9.172841895317853655e-01
-3.464123975654054277e-01
3.115332607128262765e-02
8.957644462399803054e-01
-7.653594950927253837e-01
-6.693217618592846030e-01
-8.478144660181579084e-01
-7.891933792394132396e-01
-7.578517208935720006e-01
9.193770452152105754e-02
7.460601117156133721e-01
4.348120383669904498e-01
9.584545927202516857e-01
-6.625820191959024275e-01
-3.200339542992609587e-01
-2.516890719098368034e-01
-9.565906185525356875e-01
5.937310670267248458e-01
3.056056890515497226e-01
1.178801744211419589e-01
-6.719217785731905757e-01
1.329831855886478564e-01
-2.443010405318364331e-01
-5.872684976935271806e-03
-2.125771503892637249e-02
6.219437076791551888e-01
-9.282129768267035619e-01
-3.590122738377043987e-01
2.020969764368909516e-01
3.760010134212670163e-01
9.240661943177479465e-01
-4.775671196141437758e-01
4.360581285998723633e-01
4.494070296315995083e-01
5.484793650427821632e-02
7.036350257483925397e-02
-7.067784868622273287e-01
7.196797040743263540e-01
4.972759698131867800e-02
9.326011382952883455e-01
4.745179205894425323e-01
-4.740396689862964585e-01
-5.872511534480873152e-03
-8.680138373611663294e-01
-2.334455247160727165e-01
-7.569857631878402771e-01
3.738406698058827082e-01
5.423110927031655759e-01
2.338603873694562463e-01
5.696638983898059116e-01
-1.885545934015899761e-01
-5.000242620569572694e-02
-5.598177057800324263e-02
2.432900130316975051e-01
6.869192182518684131e-01
3.567208406119932729e-01
-2.410903423655716971e-01
9.505599869804919333e-01
-9.000212809052501317e-01
-7.493387229140822114e-01
3.793600139483441769e-01
-2.563673037486429163e-01
5.146991678736210218e-01
5.842612695483953011e-01
6.201028063463200901e-01
-3.163736202078351045e-01
-4.926089294460482826e-01
4.094903129808300513e-01
-3.975247801897487943e-01
-1.883382553597259257e-01
2.369517912793390746e-01
8.167163953596197068e-01
6.438341353793419763e-01
2.729669033417037038e-01
-3.054069633747251711e-01
9.191662353303808874e-01
2.611822208334895201e-01
-1.471073843640895440e-01
7.521082592472647654e-01
-5.678158068656895541e-01
7.643449873970324937e-01
1.260545733434386140e-01
3.677314577974064580e-01
-3.577522618050099634e-01
6.335856347716013470e-01
-4.820878865331699181e-01
1.698544753356274750e-01
-1.434774893408934382e-01
4.993397451320884528e-01
-7.171509764412584698e-01
-6.160717206139205704e-01
2.229176926466083231e-01
7.032497681241181020e-01
-3.091175364806637571e-01
2.212249077781032192e-01
1.414814298528144221e-01
-8.533659003239009166e-01
2.405913070045295754e-01
-7.166718779906653403e-01
-7.675069573459338823e-01
-6.742246819828263682e-01
7.886863305062519203e-02
9.293084955992203522e-01
-8.252536407079036351e-01
-9.155712628008827458e-01
9.651293914912291161e-01
1.824287559630821676e-02
-5.233012379378039203e-01
-3.147557767550075436e-01
-3.272811205256678235e-01
3.492133871284468505e-01
3.019521164952314596e-01
-5.010580126660386657e-01
5.360484381346617422e-01
-3.305777806338083824e-01
9.012579151457684734e-01
9.168118564214502442e-01
3.808059443375264586e-01
7.482927550137405959e-01
9.443716767043950355e-01
7.821307883449319931e-01
9.079379579091251262e-01
-4.590642441834247300e-02
-9.799667840887507086e-01
-8.680926967171478381e-01
-5.363280781845527478e-01
-8.520403508273897142e-01
2.188253387565368691e-01
-5.054175711475357158e-01
8.933287807521439472e-01
6.276349218627055304e-01
5.869033453856846716e-01
7.569964261092843039e-02
-3.859397145021910003e-01
-3.286050893381353699e-01
-1.825221570978228236e-01
-3.711948717865585223e-01
-5.235883994108410100e-01
8.719693662084966324e-01
-9.374148683273952898e-01
8.557117721781204445e-01
-8.892309401071960551e-01
8.484872903890319229e-01
-9.336791485800428614e-01
8.558384968557759542e-01
-8.042185404110573366e-01
8.317874609151991727e-01
3.081019707575440858e-01
5.036034032458911458e-01
6.669531358862188508e-01
-9.536068075676931155e-01
4.476807044087145471e-01
5.433175829448506633e-01
-8.185509324931055097e-01
-4.355368015526912551e-01
-2.680446172915782466e-01
-3.789848379674021217e-02
4.452943697581197569e-01
5.016703687435741799e-01
1.091790151857776614e-01
-6.492629209088907061e-01
-2.893326169036543050e-01
-1.050799109966549238e-01
-5.498176056024093317e-01
-3.070891344704815840e-01
-5.125622248655561375e-01
7.957804349236885511e-01
7.413494798199526947e-02
-9.264272578618397702e-01
4.696119505870055555e-02
2.050907301634559143e-01
-7.822365732082043888e-01
-8.947562344834709691e-01
3.785633045151086673e-01
3.893584652035131377e-02
-6.259725314188322454e-01
2.246312403147705528e-01
-2.044912417994826370e-02
-1.407282407118704004e-01
-3.767812820083451530e-01
-8.911680832274389008e-01
8.508241028830558772e-01
2.877839386288956192e-01
9.364800939362158960e-01
-7.436144267908613159e-01
-2.670366700137705163e-01
-5.527826991377347010e-01
9.499223139864148013e-01
-7.918106374957112337e-01
-1.916995703422117447e-01
5.392251741222195971e-01
8.894330135734527243e-01
-6.350577289956780280e-01
-4.520552451287471740e-01
8.208841217558531245e-01
3.669533408563045995e-01
5.981953714714243198e-01
-1.170290168361107774e-01
-8.690430181057235970e-01
-4.323062719709425128e-01
6.721937198394691837e-01
-8.330472917674629496e-01
9.668050879806933118e-02
9.042847511690172979e-01
-8.621769046844462991e-01
4.633904725763704491e-02
-8.492431466148007146e-01
-3.802443407998956637e-01
-9.853428656211440373e-01
-9.344054305164217755e-01
-6.290856023759414661e-01
-8.902056859638221020e-01
6.590333582417664537e-01
7.956789587261756669e-01
3.539070161862798436e-01
3.740219526263657279e-01
2.558141739639838708e-01
-6.667213353965166789e-01
-2.606199344105073479e-01
8.564788881945812893e-01
-8.114210878005649885e-01
2.520136734292368619e-01
-8.466588488879698282e-01
1.414658003966451361e-03
3.919900012191721572e-01
-7.100691373003136242e-01
-2.304411265664141339e-01
1.910199869133570871e-01
2.140987635632480846e-01
8.626823681213118267e-01
1.376620024210817306e-02
-7.220125242306090207e-01
4.413436662111940301e-01
9.360987848320654336e-01
3.887446131757370527e-01
-5.729926769744329018e-01
2.187925813296140998e-01
9.721204439542936449e-01
8.461335199669197671e-01
-4.748367053554369832e-02
1.014618836798499846e-01
4.358820048826603788e-01
5.745087427044281991e-01
4.518596963080734330e-01
1.202984217887499430e-01
-5.807730906100154744e-01
-8.582231069724202133e-01
8.622039832598333842e-01
-5.720036914430033370e-01
5.423767809084862890e-01
6.255849872867094152e-01
-8.401068056755589541e-01
-6.126878814391978345e-02
-6.123907875092551301e-01
2.559686745807878694e-01
9.400878684875602076e-02
-2.338470258958669223e-01
-9.050156640807371922e-01
7.932251445186577765e-01
2.513198355753432089e-01
7.302661610066234488e-01
5.347059283261834661e-01
-2.320763193278341241e-02
1.605362844813940093e-01
1.573509585069197136e-01
