
0 92.572379 36.449864 38.822354
1 91.933573 59.447172 36.049546
2 91.933573 68.853999 33.239224
3 92.575982 80.189364 25.545781
4 92.643172 82.300596 22.921371
5 92.643172 81.211488 26.859007
6 92.643172 82.369424 26.053346
7 92.643172 84.998341 19.715885
8 92.643172 85.438319 20.465263
9 92.698742 87.696512 17.878346
10 92.698742 87.921183 14.61916
11 92.698742 89.168082 12.058123
12 93.132142 89.170572 11.532169
13 92.698742 90.375853 9.120506
14 93.140414 89.439165 14.485546
15 92.77505 85.796674 20.651413
16 92.77505 87.611338 18.733522
17 92.77505 89.138859 12.000641
18 92.77505 87.259609 16.424685
19 92.77505 86.800101 18.987094
20 92.77505 89.853546 10.370849
21 92.77505 87.758976 16.497974
22 92.77505 89.224678 12.096208
23 92.77505 88.642136 16.746494
24 92.77505 90.383085 11.160101