
0 61.639482 18.196883 24.040257
1 62.20148 30.039225 26.751052
2 78.63425 41.439334 25.646058
3 78.63425 55.677604 15.578144
4 78.63425 63.54636 5.392251
5 78.63425 63.170663 8.455795
6 78.63425 64.42197 9.862586
7 78.63425 68.961371 7.196365
8 78.63425 69.250453 10.114248
9 81.152901 71.486623 11.089766
10 81.152901 74.573937 4.91108
11 81.311645 73.085827 7.944663
12 81.311645 74.251385 10.504095
13 81.311645 77.053121 4.919016
14 81.311645 71.930384 20.160857
15 82.413915 74.26446 14.01148
16 82.413915 72.958708 14.085365
17 82.413915 72.55217 12.998601
18 82.413915 73.796327 11.308305
19 82.413915 75.249379 13.426259