4.746303541985067431e-01
-3.783556794984203886e-02
4.615842677793388638e-01
6.734195180754996013e-01
-1.401856003955230245e-01
4.772944958081023481e-01
6.158288014465493898e-01
-6.593532996838440408e-01
-1.311926576965131708e-01
-2.060491214205588950e-01
2.471322668846574755e-01
-8.985079398466062628e-01
1.151007092326871706e-01
2.635176680804502958e-01
8.908872260825810852e-01
1.146346635161237248e+00
-4.045347280196470718e-01
-3.423378145226124714e-01
-1.234042019486239816e+00
6.616957490205295223e-01
6.600453763435026877e-02
8.644096493292641181e-01
4.247759674956682607e-01
3.329052818398590130e-01
6.668691238825639189e-01
-5.967098432719684098e-01
1.459459913537100584e-01
2.813819260606461037e-01
-2.660105577523553255e-01
3.551261020030175297e-01
-6.512267195854584134e-01
-6.326640069869940985e-01
-1.208959929175621589e-01
-5.950042431849400515e-01
-6.040085265019028149e-02
8.410178935074814621e-01
-1.349276667821122988e+00
-4.910637743173543734e-01
-2.863868205813902001e-02
-1.005425355186950531e+00
5.996825659999008851e-01
-2.077062248909708753e-01
-9.945501567789061248e-01
8.383128313587202562e-01
5.526485811031345632e-03
1.491821316044605883e-01
1.461470243208796149e-01
6.944752083294081224e-01
1.087694520716873114e-01
8.474040129507171004e-01
-1.629159780621219078e-01
-1.029264660277519949e+00
-6.035385550776233288e-01
3.104987038178466108e-01
7.551708739499007894e-01
2.542726499213044389e-01
3.748236240022557730e-01
-8.710622456021959170e-01
-4.915833754640284159e-01
7.645611874265860752e-01
6.998798606991627480e-01
-5.913029053398242141e-01
4.366871642102522211e-01
-2.752651184298307019e-01
-1.683082339870541677e+00
-5.038598812106078739e-01
-1.855766331940912339e-01
5.602234838532534900e-01
6.317645201928847598e-01
-3.644067608016788862e-01
-1.013705667974537539e+00
1.141461940672964692e+00
4.972997754192204356e-01
-1.235065181170516224e+00
-1.245194584181971376e+00
2.861979702560887295e-01
4.329786267147349710e-01
1.015310142139864924e+00
7.702394157920511297e-01
-1.305947065251840400e-01
-1.768542824674196323e-02
-3.103878440862611887e-01
-1.867815736793487780e+00
-1.129153005912759244e+00
9.005521421179032426e-01
5.900078780044468729e-01
-6.370673619785549580e-01
3.285403063594123929e-01
-5.503671284575650802e-01
1.990495051719488373e+00
1.690376650108748324e-01
1.243310764457092432e+00
-4.097837385672339350e-01
-1.074368188886461128e+00
-5.802014571977052171e-01
7.707251534488337996e-02
9.099055499571373495e-01
-5.485189401916353846e-01
-3.199232624848623585e-01
-5.083960205429819412e-01
-2.263609146701745511e-01
-4.459625098058906945e-01
-6.457235813162662819e-01
-1.203154762550673051e-01
-6.310602067847697061e-01
-3.180408834037539156e-01
7.069862461946496701e-01
-5.281632330795293928e-01
-4.878169599858800387e-01
-1.280596807731565701e+00
3.600269391840499322e-01
-4.935049497073396019e-01
-4.794911452983092182e-01
-3.258441323446875648e-01
1.232672084547111746e-01
2.082430798059534405e-01
-1.305893092013133416e-01
-7.790120930276294153e-01
-7.756501222047009758e-01
-1.385386945913681840e-02
2.089674938770398338e-01
4.713753335509022202e-01
2.689036303283174334e-01
-4.490553829581446221e-01
-8.603877003501279042e-01
3.528696571990479480e-01
9.020583551057006488e-01
4.925111479338987741e-01
-2.766060655701498838e-01
6.771295994716718392e-01
-1.202933774276341738e+00
-4.300433621091834246e-01
-9.448219327646032450e-01
8.425594262057647943e-02
8.924992134930850862e-02
1.673061600050408826e+00
-6.517701621369845766e-01
7.317788837656693524e-01
-1.072740939278743699e+00
-4.025887693138649470e-01
-2.107590942299203129e-01
3.562072712011263298e-02
-4.012478740237119257e-01
1.243042180933795066e-01
-6.061349395253098904e-02
3.159853504790735013e-01
-2.553420310832045792e-01
-5.100884627082016287e-01
-2.620108322514941301e-02
1.819439138860205196e-01
3.313718081935378840e-02
-5.085514349830780323e-02
7.202667904022068690e-01
-1.148946250722077567e+00
8.921095669753631441e-01
1.471045030528741693e+00
-3.254730060771055533e-01
8.016734654733037591e-01
3.669522852412754332e-02
-8.232993485021760094e-01
-6.986115754108787046e-01
2.482590641384842534e-01
9.275552231432866446e-01
-1.161503627318918541e+00
-8.640203490129874098e-01
5.739252270226422592e-01
-1.084972463136721244e+00
-1.837762146393873974e-01
-3.144376967763371500e-01
3.453150715483629951e-01
5.500177266954969779e-01
-7.239636655217162042e-01
-2.348776102942131960e-01
-2.313287804090762567e-01
5.990713269634280191e-01
-2.980921563420884102e-01
1.012096625310267672e+00
-2.328738268659942823e-01
5.238095429299550743e-01
-5.230972332296159738e-02
-2.644482209957817465e-01
-1.169987234600041726e-01
9.174860217573722609e-01
-2.201760427332447034e-01
2.550901707926325757e-01
-1.089683988052564834e+00
3.964399468455102049e-01
3.232883723005373633e-01
-5.800443403728607894e-01
-4.453554551770301240e-01
2.939939124434595152e-01
1.666795867922710728e-01
9.065439004762843034e-01
-1.172481764515818758e+00
1.584594444227929610e+00
8.750059396369733733e-01
-3.296201907302417355e-01
-1.943606263243044530e-02
8.846047182996980007e-01
2.010324073822895852e-01
7.509182866839804182e-01
-1.716939720307109063e-01
7.260481333975768448e-02
3.242080878418265866e-01
8.956527408388706979e-01
7.866260863689974459e-01
2.750376387284054203e-01
7.934060267325548921e-01
-3.169849784663263392e-01
-1.973872068096755417e+00
-8.850421553021030618e-01
-9.896627574677429040e-01
4.036279355775853617e-01
4.036864230261398290e-01
1.952094487149236279e-02
-2.939438941366548375e-01
7.724831158180197610e-01
-1.285142912576533736e-01
2.616135678297216050e+00
7.270842029094073400e-01
3.938145439083780563e-01
5.214217183428798696e-01
5.485955180628758754e-01
3.184626659112124031e-02
-5.855736122360272189e-01
2.439261369753126241e-01
1.374058969678471076e-01
6.097717714880369622e-01
-3.726950188916908213e-01
2.708642967870920626e-01
-1.610423792468914650e-01
-2.156243489669807389e-01
2.398959252521277175e-01
2.540925898233160063e-01
9.171975001240262326e-01
-6.302515287037089298e-01
9.883811891654856879e-03
9.889884135854767333e-01
9.550962122453690029e-01
8.386647302181154950e-02
1.814904911423136646e-01
1.996512624448679440e-01
5.061767453701930819e-01
6.192789604088664301e-01
1.718512630887948922e-01
-7.316927828546748724e-01
-3.727999719043873506e-01
-1.403537033394825606e+00
-1.123899866873613540e+00
1.059361235661021583e+00
-6.434924909746485566e-01
4.430958995516118826e-01
-1.504614565500405343e-01
-7.593473712086898919e-01
-4.963722722506758167e-02
-4.004140891340352004e-03
-8.283057135465532461e-01
6.786443667683013103e-01
3.193268516126147871e-02
-1.267181953261551586e+00
-1.625743999895724878e-01
6.477976809677227221e-01
1.037500067223578126e+00
4.257886841135111733e-01
5.335234732183646855e-02
