
0 63.92783 38.07988 20.839609
1 76.451156 38.437091 22.998089
2 76.451156 44.260756 22.954362
3 75.265332 46.359523 21.917386
4 62.468364 48.970094 21.610437
5 62.468364 55.765826 13.457234
6 62.524538 53.645008 18.953299
7 62.524538 51.292247 20.972896
8 62.524538 51.632777 19.583986
9 62.524538 51.763617 18.995616
10 62.468364 50.819447 18.521007
11 74.137553 50.377547 20.892908
12 74.137553 52.320359 18.706591
13 74.137553 55.671059 13.267014
14 62.36433 54.180914 15.32802
15 62.377945 53.068811 17.978046
16 62.253529 55.73442 13.769957
17 62.289333 52.802169 19.935959
18 62.289333 59.153856 9.463178
19 62.289333 54.502453 16.603351