6.938250166941271058e-01
-6.940968313557644986e-01
4.803788188535831338e-01
9.196789864177536966e-01
8.458703650114676176e-01
4.985367373151554649e-01
8.485194773442077398e-01
8.832194319304431662e-01
-9.907291984313766342e-01
2.092360275043869677e-02
-9.364010430475893099e-01
-8.344300355906821842e-01
-5.632845191383897276e-01
2.183621481315973778e-01
4.084808695535679934e-01
-6.226532385999539176e-01
5.535087736705104344e-01
-7.165750822886507443e-01
-2.544796260527533160e-01
-8.689785278979966776e-01
5.883489903187546499e-01
3.538452235092799381e-01
-9.978201252360041629e-01
-3.716403300258102060e-01
7.179028654024919298e-01
4.155981091165286134e-01
5.045511612270898727e-01
-2.861589635721561997e-01
8.111452278314645881e-01
-9.080303909411182595e-01
8.701419251058173376e-01
8.238402605506425225e-01
-2.622273158645593849e-01
-2.920310522615188198e-02
8.753482921557240726e-01
6.027754789508845690e-01
-2.577720454702978614e-01
5.002316780175870559e-01
9.440635491163864579e-01
-3.616079427517362443e-01
-2.607118555480592015e-01
7.339295341463405453e-01
2.845985630880236705e-01
-1.754481695181546730e-01
-1.614290128078357256e-01
-7.142088185075867734e-02
8.307725674056232190e-01
6.204183478302138788e-02
4.896379370257266661e-01
-8.587250829953996245e-02
-8.990466586752665634e-02
-8.552137163779307549e-01
6.548610650577433301e-01
4.330267080665994861e-01
-7.316254825696200115e-02
-2.996430703496921755e-01
-1.505597530137696705e-01
6.789511739108338162e-01
7.156206613283695450e-01
-2.683836257355975974e-01
-9.600690229119603902e-01
7.530388953010769271e-02
-4.837929652393642144e-01
5.364954925303664357e-01
6.889258320894009469e-01
-7.741166983703060556e-01
-6.386382382626922816e-01
-1.947404410902562333e-01
-2.791255847271321144e-01
9.149280217792326031e-01
-8.713700673157496190e-01
-9.662280188023373295e-01
7.651652073944514854e-02
1.237850735305916494e-01
-3.253510644355495085e-01
9.835947313772530620e-01
1.468075479793289340e-01
-5.791045497489222260e-01
6.240256010535982778e-01
1.533092713302195431e-01
-3.163310492777391403e-01
-6.474140965163017736e-01
-7.216404373776423853e-01
-8.817294269376814153e-01
-4.002202538131416354e-01
-8.450481134558529561e-02
3.653020533700981343e-01
8.824805416034640082e-01
-3.869282559119890941e-01
-1.631133835280942357e-01
-7.123934437243595319e-01
-7.478189587982182474e-01
-2.612252752420289870e-01
-2.623119698107858611e-01
7.062093286688222449e-01
-8.576410853771097020e-01
4.129770294478398718e-01
-2.422485282261235273e-01
2.361714669762737806e-01
-8.974053054955173359e-01
7.932940883555601452e-01
-1.583638116459260559e-01
-7.278766726576888502e-01
-1.153741175885469872e-01
7.934106625014132330e-01
-1.841589126502771734e-01
2.383463169875450482e-01
-2.038399861135700153e-01
-7.957497929013899185e-01
-7.335730222029419600e-01
8.361792265735490393e-01
4.033964114922345967e-01
-2.723965737311626611e-01
-9.123255971996866442e-01
-8.288538099777573720e-01
7.871500115025618083e-01
6.439896410456897868e-01
-2.105364249126815412e-01
5.769992315697460850e-01
-9.414654284519905492e-01
5.719264036068036905e-01
4.198860105060029380e-01
8.600990712841372066e-02
9.782852564134525419e-01
5.991348832659215695e-02
4.609305791062447977e-01
-9.898832351261619422e-01
7.534168078856373629e-01
-4.948928190018442308e-02
-9.107985125207527233e-01
-5.169286232817644766e-01
7.194880486615364834e-01
-3.779127317518302664e-01
-6.280364415088039998e-01
-8.831530747057183550e-01
-3.745207654572946243e-01
5.553724928789895987e-01
4.585014495444093008e-01
5.469747877591200069e-01
-4.052698506317711225e-01
7.107877645916034215e-01
2.546699933441778363e-01
-1.842164631151617105e-01
4.623427270240776377e-01
-9.436912754783262081e-01
-1.958275160880313948e-01
-5.869330656577402827e-01
-3.448433501648029420e-01
9.447972869030831777e-01
-8.803539228996888344e-01
-9.427670434559642931e-01
-8.415481921104852603e-01
-9.643939739537663591e-01
4.870115329337969534e-01
7.447642752590315496e-01
-3.328956954889197295e-01
6.891314170229732028e-01
1.743901816041948383e-01
1.136727230297636115e-01
-3.915790609300986436e-01
6.655135849870463804e-01
4.159555293119785446e-01
-1.829267184656326872e-01
-5.651471951661017901e-01
6.658107756259230570e-01
2.661261303212583140e-01
9.431829930173101229e-01
8.032236566618333740e-01
5.571714933823102012e-01
-4.441945038135763912e-01
8.198398962554522829e-01
7.335062108445464801e-01
-2.501695637757705981e-05
-9.322798497198077072e-01
-7.449555847192066427e-01
5.670464257587020107e-01
3.387082267971013305e-01
-4.667959421381155938e-01
4.016172545145180184e-01
2.891956078345565562e-01
7.360374619855165612e-01
2.023939010646753633e-01
-5.802333685532590213e-01
-5.593504447473964802e-01
-5.020131314707272363e-01
-9.002706973299621218e-01
-9.804370436083162943e-01
-7.872247859855883156e-01
-4.729817974182115581e-01
5.113768589885179239e-01
-3.725009544121249405e-01
7.166401800904556030e-01
9.923033625829991156e-01
-2.796479580414321653e-01
8.099851049444382056e-01
-9.756371981607510069e-01
-9.962497053373284839e-01
-2.335565800761063571e-01
9.218761556693348957e-01
7.815269003103881840e-01
-7.120378551507942078e-01
3.093638915643341925e-01
-1.895780529965596095e-01
-1.089977038386749086e-01
-7.547261391652022589e-01
-6.141352332856826468e-01
-9.843610403126950015e-01
1.249832791252094566e-01
-6.606568334115350272e-01
4.093192321973737613e-01
9.243157767837058003e-01
-1.192961328997927950e-01
1.674850933188538615e-01
4.510291062457980615e-01
6.228785179929712257e-01
8.217140554844570843e-03
-7.176027393469255333e-01
-1.055237326319755642e-01
3.834038061659330587e-01
8.757508478557638476e-01
-4.991194297551704295e-01
5.920012389377444784e-01
-5.378889099323234113e-01
1.431668646097030706e-01
8.673123937558213647e-01
2.020523567067320503e-01
-5.133026245351810513e-01
9.624190491470696607e-02
-1.934262891284426189e-01
5.200768984753969537e-01
2.189965025702043100e-01
-7.416069824933180232e-01
-4.537168513274201231e-01
6.106803254263097891e-01
-4.546647978208495644e-01
-3.145071761658242426e-01
-7.032056584373171937e-01
3.924758261055227848e-02
8.915643315319075057e-01
-5.510250984831155385e-01
2.397828020230010626e-01
7.364844296250137035e-01
7.485590503214303304e-01
4.232431483316951848e-01
4.607415664139518086e-01
-1.479406330851826823e-01
3.160375707301354975e-01
6.376699721355660877e-01
7.650479538120047440e-01
2.632035275208195468e-01
-3.919491858864794231e-01
-3.455672171449919450e-01
1.113858988266624994e-01
9.389692638055091578e-01
-6.939532665228256292e-01
-7.726416721655777753e-01
7.570762953049854360e-01
2.514818484883005745e-01
-5.823875746178739377e-01
5.728723376540167944e-01
9.281271348904800433e-01
-6.865807494770386210e-01
8.565668315908125940e-01
-6.679921734508744713e-01
5.399002854279737473e-01
