
0 60.76321 40.770916 12.885959
1 62.243176 41.403875 10.862964
2 62.243176 42.142527 11.749847
3 63.153802 43.779558 11.526433
4 67.485519 44.582073 14.602393
5 67.485519 47.086235 16.413353
6 67.485519 49.883067 12.623171
7 62.383931 53.500311 12.290988
8 62.383931 48.773303 18.325022
9 62.377945 55.183082 13.331746
10 62.377945 52.438999 14.247675
11 62.334196 53.247901 17.221131
12 62.248364 58.169894 8.346039
13 62.178474 56.79824 11.416181
14 62.083947 56.476601 15.031108
15 62.072363 58.008293 13.000009
16 62.292911 58.761466 8.57996
17 62.292911 54.253625 17.396362
18 62.292911 55.31517 14.336218
19 62.292911 54.043295 14.94861