2.663837481250872496e-01
2.043219599770158545e-01
2.749040232499613268e-01
4.373164062404482078e-01
-2.809048519970467339e-01
-9.726046060520860959e-01
9.982090608913640750e-01
-4.381013536747824233e-01
5.993436055731593548e-01
4.888199908733295018e-01
7.389437792984143716e-01
-7.783394945974464463e-02
-5.072866519236440830e-02
-4.235564453812086239e-01
-6.617661523106939114e-01
-1.168787614152817511e-01
-5.257671636933116677e-01
-4.789774603826382204e-01
5.583606217577024022e-01
8.104020236151820988e-01
2.841684902837791071e-01
7.171617768382316793e-01
-5.989415263859605432e-01
1.903398359163324116e-01
-9.415231484635537829e-01
4.801852678729878754e-02
-1.211620466505130000e-01
-3.818686441439489432e-01
7.696256311477072121e-01
4.943986545670533417e-01
-7.033481610260816641e-01
3.876793897254116050e-01
3.429065896569023497e-01
4.137784799292953952e-01
-7.544153787790723875e-01
-3.113551868286945634e-01
6.357309293588273569e-01
-8.789539236339598549e-01
8.851841609021084967e-01
-6.718524403215733187e-01
6.445281215946587761e-01
-3.498696707200694700e-01
-5.559981902294452993e-04
-7.431778120252141573e-01
-2.344840697851553468e-01
1.178033189212437382e-01
-9.611403474629320876e-01
-2.108536671758325376e-01
6.751229149008961539e-01
6.550814507409166154e-01
7.995860672994736795e-01
5.869568264312294836e-01
-9.532758227407049922e-01
7.178102562788755137e-01
-9.213105089523250246e-01
5.145468026400688011e-01
-9.656392714831429913e-01
8.563731640486496044e-01
6.091898036267284766e-01
-1.000023387039687961e-01
2.375002567892741112e-01
-6.093538342691173781e-01
4.096252202121588581e-01
-8.507803468135120006e-01
1.732585478138699564e-01
8.370425866142512383e-01
-7.185355252235501311e-01
9.556101015366720297e-01
5.882144095433388120e-01
-5.686871329969003241e-01
9.876077338614950296e-01
4.687837372637588818e-01
-4.595750079535909638e-01
4.819191350302018950e-01
8.284829934904647253e-01
1.305764157010704807e-01
3.886155797231594100e-01
2.275742575434911430e-01
7.493957388710656975e-01
-1.220318939456488394e-02
-5.914557638853901178e-01
-3.809967920199357483e-01
6.435878282935896255e-01
-8.989947576378409799e-01
4.578240239023048108e-01
-3.143326284303757934e-01
-5.540991365404512869e-02
-1.821283831009576915e-01
2.327401544344063211e-01
6.798685368209880231e-01
2.157825825460353286e-01
-6.176129191157353482e-01
-7.987656297349960965e-01
1.715380953914547035e-03
-9.369752277058567280e-01
-7.459818637809778608e-02
-7.343622740603963361e-01
-8.557120477795048252e-01
3.416543532629316982e-01
1.948613396236744677e-01
-5.125268244515310823e-01
-4.523216814869397417e-01
-2.275322867626312640e-01
3.034511977480762734e-01
7.148756544863021922e-01
9.417027695790309849e-01
-8.065439388526751685e-01
-6.050451749053231687e-02
9.153754241425215987e-02
-4.698435097292241736e-02
-6.795899665916449450e-02
-9.355008137667453205e-01
-2.183808563281606219e-01
-7.029764024745375206e-01
-6.909493135649813489e-01
-5.239896956826259888e-01
-4.652418778340003946e-01
-1.454005262673268017e-01
3.036074359160512159e-02
2.672907929847188058e-01
-4.506789842817187086e-01
3.789427410365324711e-01
-1.923653548244015354e-01
-1.512046669638074103e-01
5.470724158826190120e-02
7.569551065515163213e-01
1.582114395369835780e-01
-2.618863647991400700e-01
3.696869268035547496e-01
4.410508653096021359e-01
-8.264036018135212380e-02
-4.708630366079582519e-01
7.617750035785144647e-01
-6.403879565687264908e-01
-9.720538633594044686e-01
1.953582352043348180e-01
4.843257306553563346e-01
1.978773879163915339e-01
4.791221640423282135e-01
-1.910821117561702920e-01
3.495235911569047893e-01
3.871398803025936086e-01
-7.186592545471071070e-01
-3.532245373987827897e-01
9.146205390195272233e-01
5.836932404329260304e-01
-3.452705453246942557e-01
1.071295029492018713e-01
-3.778281580078068913e-01
2.803653383166260227e-01
-8.931113651054531921e-01
5.159862980853320291e-01
3.406886348028208555e-01
6.257111302357567517e-01
9.005391863690448417e-01
-6.561184001378306263e-02
2.080795528848800036e-01
1.876038429601454283e-01
-6.502377608708076462e-01
2.577615212974369019e-01
-7.032096514268855181e-01
-2.978415279726540632e-01
-8.477261279166257157e-01
9.100032755635185655e-01
8.508498479032102768e-01
7.047083917262177977e-01
-5.717293638415443802e-02
2.259058274855727522e-01
8.284629930518667695e-01
-4.400667629428445249e-01
7.574932424610536508e-01
3.416803392924099292e-01
-1.729020993934637929e-02
5.364395265979085003e-01
9.059495822499392670e-01
8.404515959125238300e-01
9.687789436829212786e-01
3.806582853876179229e-01
-1.584662460294981035e-01
7.559663984439075612e-01
-9.145101797411929745e-01
4.417629585469866615e-01
3.624426163834288950e-01
5.808274272251316983e-01
9.410480200045348020e-01
-3.752203980103274716e-01
-5.259765932424598223e-01
9.990547204933086789e-02
-5.196526918314041676e-01
-2.973459638968281027e-01
7.449589092504160792e-01
1.380520139706811200e-01
-8.038607019671459852e-01
8.350676222118824654e-01
3.523681341124025312e-01
1.271194520230312097e-01
-3.882045260102677808e-01
7.041747427682032434e-01
2.293187823940430192e-01
-9.780223267331109582e-01
-3.426020236880069625e-01
6.538980307309751883e-01
-3.092908865007115704e-01
-5.092078224674723153e-02
-9.077945385318502147e-01
9.904718523549018716e-01
8.306150200907143066e-01
-2.673766717327565878e-01
3.345708059151386582e-01
7.070677490472596638e-01
-9.704917513807826968e-01
-9.101531756352947422e-01
4.025949693788144490e-01
9.704374322755393578e-01
8.481731473887625938e-01
-4.087556633293805142e-01
-3.375560804355604017e-01
6.869694192595197091e-01
2.554000617042799792e-01
-4.051186336868755067e-01
-4.128966793616062336e-01
-2.006071883641560305e-01
1.240264785356859356e-01
-5.385716023905677829e-01
8.888334204777228464e-01
1.660950288137403863e-01
9.682726630343585494e-01
6.590549568962420501e-01
3.828850183751748570e-01
7.666756897816888738e-01
-7.663590770821377962e-01
-1.238203011856886526e-01
-5.642028130568852440e-01
-1.610620491079730598e-01
-8.675829909166792309e-01
-8.074793925000156580e-01
7.427814640616909880e-01
-4.546075497207848759e-01
-3.892743251537509330e-01
-7.335520213559156844e-01
1.016965352824741320e-01
9.757640673616438942e-01
6.921733742060347527e-01
4.748889972131347115e-01
-2.307503408929947319e-01
1.876152600764104950e-01
-6.912434582751076917e-01
2.813122082028476356e-01
9.637496315141040881e-01
-1.542688883166711822e-01
-6.948025284322087991e-01
-3.817634751200345011e-01
6.997399980377609907e-01
-7.480395511869346592e-01
6.289204455262307203e-01
2.343654238327428363e-01
-6.194390205533317761e-02
1.944249136659546018e-01
-4.335577843793889663e-01
3.403314203741922839e-01
2.520079154190890680e-01
3.241371229423875011e-01
9.077940920204619069e-02
1.581204431523379750e-01
6.636842669699141162e-01
