7.542218098703648010e-01
6.166977069520098720e-01
-5.586057142787210772e-01
-3.187162999272996622e-01
-9.920434043318471229e-01
7.233402133654143196e-01
1.900657418988789260e-01
4.219621645313873515e-01
4.159018097628670585e-01
2.980164057297607361e-01
-5.670464258496237253e-01
-3.911462242236707354e-03
-4.133820384872932685e-01
3.953497985310359120e-01
-1.649348753746997520e-01
1.233894192678746116e-01
9.640241374975018207e-01
6.633522749410643016e-01
-4.798003673023250037e-01
-6.500680224790187367e-01
-3.315350730678374713e-01
4.880342879930925637e-01
-1.705192324056135078e-01
8.349891115229723937e-01
7.250652886241732986e-01
-1.992982482653429255e-01
6.923154260221735523e-01
-4.536415738626053962e-01
-2.171196682064335803e-01
-7.175167303672578267e-01
-7.493316076580236462e-01
3.030691961305509441e-01
-4.380133570730393444e-01
6.306727139519672232e-01
4.752418048225415248e-01
2.388806386021014028e-02
-3.447636026971647727e-01
3.902799530921663429e-01
3.215673021433897993e-01
6.972532013917558391e-01
1.852891210975302627e-01
7.740137566752685050e-01
-5.667767299776005352e-01
5.311129529948894756e-01
3.226931398014794006e-01
-7.872756705604828653e-01
-5.445906953478263368e-02
6.386360017459258298e-01
-7.085576322351465617e-01
2.028500259103576120e-01
-1.452623246955770941e-01
-4.088258391155510374e-01
8.371504575084904864e-01
3.979924703181669798e-01
4.109459415279390626e-01
9.965932938417234599e-01
-1.947031788896873561e-01
8.834896256173665474e-01
6.127562763643557009e-01
7.546343727659263756e-01
-7.544749953014151522e-01
-4.262136170548689318e-01
9.104409468567247199e-01
9.225758068512062149e-01
8.745199729992467752e-01
-1.794090011604283497e-01
-4.546047556264400935e-01
6.706915994507929302e-01
7.106746990566517042e-01
9.609392364712885382e-01
-2.478099650444141044e-01
-5.661709414676170393e-01
2.780472662195707656e-01
-3.105502300013629480e-02
-9.209827716909544382e-01
3.753281858224388756e-02
-3.057441954683073337e-01
8.774009889800771234e-02
6.621946539911327534e-02
-5.437677120766113426e-01
5.341758311595143915e-01
-5.982042767313622278e-02
7.211453921020281044e-01
-4.729620116773878280e-01
5.104786008423110033e-01
2.078582790727523388e-02
-2.968893919911419488e-01
8.861121719064086744e-01
3.650099860669642204e-01
-6.020192946408986501e-02
3.503562166156095614e-01
5.990317320036593340e-01
-3.159832860370277441e-01
9.350359561065348935e-01
-2.181731700848861255e-01
-7.379802967902393540e-01
6.372534228070692031e-02
9.459402769629841057e-01
8.827879779946568028e-02
-6.472426966610447252e-01
6.403871241457013141e-01
-1.384570593437164376e-01
-4.142353495740167535e-01
-4.753386953303853080e-01
-6.487830704851051955e-01
-6.627379801073225440e-01
7.082036229266299721e-01
-3.935267640064643579e-01
8.480882076527205271e-01
-1.973272830596348726e-01
9.928294344527237580e-01
-7.821527523292608475e-01
-3.422061548036741119e-01
-9.740020255941208571e-01
5.618107322035676976e-01
2.971770025840703155e-02
-5.648843230058175902e-01
4.798652420658424678e-01
3.723773503326650580e-01
4.983893186364007910e-02
-7.776511751326897759e-02
9.577161549593267154e-01
-9.790208976533301133e-01
-7.030511560433718721e-01
-9.633320511949872156e-02
9.585857009948182128e-01
-8.259044957163141909e-02
7.863492867635433203e-01
4.348083076384696710e-01
-9.603322310588953137e-01
2.996377029432255590e-01
6.678154391152857361e-01
6.840471136143140285e-01
-2.645167804920678378e-02
-5.745384572856693239e-02
-1.266113958892696179e-01
-6.217891922608047572e-01
-8.358206302938930854e-02
-1.282329243947415431e-01
3.591709994091603075e-01
8.599413983374903925e-01
6.126905940789002525e-01
-4.749509944864116484e-01
-9.392235797709409528e-01
-2.477384202826462545e-01
-4.112248052827189859e-01
-9.813854609355772141e-01
6.985633927532353127e-01
1.386519796844976060e-01
2.892843566516458687e-01
-8.849168772234288216e-01
3.917606521139347375e-01
4.317882121577174548e-01
7.145005282317473672e-02
-9.172070601784725330e-01
5.527101347252094676e-01
4.406439681028997413e-01
-2.939758726816963375e-01
6.177216545156356542e-01
-8.424423629055342033e-01
-5.088286093256859655e-01
-8.913660716035556320e-01
6.589087204938366416e-01
-7.319168804608489065e-01
-7.690402064792876136e-01
2.750836362651869482e-01
5.702428992373831385e-01
1.083479479341185048e-01
-3.453913034259930015e-01
-2.094908459307418536e-01
7.563159328355828492e-02
1.315809499101532332e-01
-1.758072576699032386e-01
-9.170717288790817268e-01
-9.222091089174293543e-01
-3.658884920582976541e-01
5.899233143129978263e-01
6.520002287704913524e-01
-2.613367928891030534e-01
9.565237286092398428e-02
3.684541257729041508e-01
1.335343488837885673e-01
-4.470774348803785436e-01
9.644759221222232171e-01
-9.883142795392152458e-01
5.164062016873252059e-01
2.657652802478438492e-01
3.936084424314381103e-01
5.672823219983413878e-03
7.148065446551181701e-01
8.162483554083290738e-01
-5.764878765606917810e-02
-5.304335536833273412e-01
6.768894731801784470e-01
-5.016900733224980424e-01
-5.639077599411121966e-01
-6.277167929151517001e-02
8.297073193554254100e-01
6.475850298710439379e-01
8.122685710430839201e-01
3.127186950383817887e-01
-9.396874738446436837e-01
6.641785316362796010e-01
-3.706009033353723225e-01
-2.780573726131061463e-01
3.435881389782236006e-01
2.255932828319995309e-01
2.515470474754124552e-01
-4.762899207348731956e-01
-7.257631928597749749e-01
6.817694756966163894e-02
-6.670210905443738625e-01
-2.683275462419494328e-01
5.586133552972321059e-01
7.873065668702314834e-01
6.536577509524987839e-02
3.849064051055774982e-01
3.407768173196001893e-01
6.928768883878733131e-01
3.946442197429991250e-01
3.597488544604774408e-01
4.715361230560133343e-01
5.396419008649737670e-01
8.146319657425373784e-01
5.044303619765553304e-01
-1.615631341763039686e-01
7.214421580027345904e-01
5.982973061640395329e-02
-9.465133756523085307e-01
-8.517251025913712414e-01
6.165918889587846952e-01
-4.111230590978287580e-01
8.261429685666017431e-01
-4.828662180814458083e-01
9.199081297877265140e-01
-9.738493587784735617e-02
7.578869986458089958e-01
2.532084268975818286e-01
3.972193965515782299e-01
6.502518388223006429e-01
5.262745112801152647e-01
6.050080924282172923e-01
2.983176997946985765e-01
-6.231214790092982625e-01
4.020308035438453498e-01
1.445900841564935480e-01
-9.772336754646908652e-01
2.437902726553311528e-01
6.422543284037289801e-01
4.061023746113612276e-04
-8.692896926589896989e-01
-5.960826081091703532e-01
2.559565869690754170e-01
-2.060056660571472076e-01
-5.022704152278500978e-01
-6.309666026384208593e-01
7.728720130899144891e-01
-1.125223099270118432e-01
7.675722062473071539e-01
7.811988073675220079e-01
2.947721575525290572e-01
1.134312696850696689e-01
-4.301059935715239035e-01
5.466811103160968965e-01
4.489441728612109106e-01
