
0 62.322891 41.639157 18.72916
1 62.157334 43.908456 20.544105
2 62.900259 43.263198 23.495214
3 68.147006 47.34844 21.313539
4 74.494485 51.909491 17.373783
5 68.147006 44.695702 21.939358
6 67.679988 49.908173 19.266387
7 66.848369 42.630982 24.631255
8 66.848369 53.874451 13.973284
9 66.848369 50.142841 17.175618
10 66.848369 51.860805 17.371007
11 66.848369 52.29979 20.307801
12 68.537078 58.777998 10.401641
13 62.474196 54.74725 17.731882
14 62.328364 58.463228 12.4638
15 77.570582 59.013891 9.989391
16 62.328364 57.743536 13.559617
17 62.493309 56.879101 15.140224
18 65.263239 58.347463 12.070658
19 66.024904 59.333222 10.018637