-1.102992339750858974e-01
1.518826433800057885e-02
7.548122320267869334e-01
9.902196943870147372e-01
1.528913212760396600e-01
-1.254617766388494982e-01
1.860155285715627826e-01
4.302613012243974300e-01
1.444682845898204171e-02
-6.319445099953626688e-01
-3.535837786832489726e-01
8.748762930507867353e-01
-2.223427047738182338e-01
-6.389101209478289523e-01
-8.283943729323741678e-01
3.051361355274779807e-01
8.184138474786148976e-01
9.817669724784217067e-02
8.315055130830792951e-01
-9.279573425724165769e-01
7.182051254322669998e-01
-3.903916773517446259e-02
-6.810854314575875978e-01
3.156470338036143630e-02
7.106168949310929239e-01
2.221347763773393602e-01
-5.941958584997997228e-01
6.441986736612201891e-01
-9.940308609785570848e-01
-1.600121375542524760e-01
-7.921359648477925841e-01
2.495879864215488908e-02
3.377781066171419155e-01
-5.391049892201487115e-01
7.654429880059716584e-01
5.290644807209152756e-01
3.271170694015965719e-01
-1.003151394100403326e-01
-7.214017492995392633e-01
6.206882105620248335e-01
5.976893040034616522e-01
-4.747931533476761334e-01
-2.167683064056440401e-01
-6.383961580399006852e-01
8.317427721277503849e-01
8.774405505246498649e-01
8.847482009529681335e-01
7.202744785440839959e-01
-9.813067510465842691e-01
5.671948772058414967e-01
5.676936051460406141e-01
-2.578524315511663278e-01
-4.159690358854408743e-01
-4.557730845869965020e-01
9.165875972971537777e-01
8.351735125199344356e-01
5.472178701523706668e-01
1.088057410106246792e-01
-9.303260790594161111e-01
3.623809336886592014e-01
2.503757896062694943e-01
-1.556208567885624117e-01
9.171692550497057006e-02
-7.060104868243590737e-01
-4.495305436184588999e-01
-2.758790331649541017e-02
4.460799453923833813e-01
-5.407320051224366875e-01
4.539102090727422656e-01
-5.165208480230298882e-02
-8.668878446080219291e-01
-7.053777193377441801e-01
4.238731763314267376e-01
4.695955252987515927e-02
8.912364183909895488e-01
-3.303090127404941789e-01
-3.979216549340423015e-01
-9.586245094164675962e-01
-9.256634064097395420e-01
-6.778595745657838290e-01
-9.280614851813702160e-01
2.511205615460556650e-01
7.324968585209410410e-01
-9.027731272929686579e-01
3.669712477055786515e-01
-5.857672145293646437e-02
-4.660139555384115173e-01
1.714024831822662520e-01
5.321545833218876975e-01
-2.442654311839824732e-01
-5.241411124084216500e-01
2.129433181883029214e-01
-6.741446348818089795e-01
-3.945190011406960462e-01
-4.972718906224693480e-01
-3.310412938687048445e-01
-2.296569851455423361e-01
4.187729191734335110e-01
-6.928217565368497421e-01
8.898966828935319651e-01
-8.518005670368806737e-01
2.638635823371153766e-01
-3.577074483686002448e-01
-9.240012323722852638e-01
-8.659445143604476147e-01
8.833526540203668898e-01
8.923368339263875182e-01
-5.837867877713445175e-01
6.490966096928869611e-01
4.733430542589585066e-01
1.865401082657864862e-01
-2.067900855415616412e-01
-3.727333574305788932e-01
8.483479680654797406e-01
7.524950707634858738e-02
1.642276827530748662e-01
-5.891378827509334837e-01
-7.277833548990781942e-01
7.931182058302108651e-01
2.279688495738450005e-01
-6.497462350952680765e-01
-6.006876504257967486e-01
-3.871569673531578548e-01
-1.333493090868413944e-01
9.581496271570737466e-01
-6.789346452265532239e-01
6.997786706246926780e-01
8.119051001379515853e-01
3.662695273658740369e-01
3.067870414386237865e-01
-8.839269380530436759e-01
7.201953286228854889e-01
2.248768169649912885e-01
4.367374628587634700e-01
4.795920039889958186e-01
-4.415524256630167788e-01
2.042680681293878031e-01
-6.729110934193665017e-01
-4.144778592438698173e-01
-5.976957534216622570e-01
-2.896700526950286569e-01
-2.712459186793625410e-01
3.040779510587428014e-01
1.139722192037138093e-01
4.601305650232239142e-01
-4.744119614304413979e-01
5.638049262215238944e-01
3.267498438361893243e-02
2.051148465363981099e-01
2.187544012057986986e-01
-8.244820097596432529e-01
-8.885997527939792917e-01
-4.640117197642323887e-02
-5.414377312631146744e-01
6.919146992856972656e-01
-6.882608541588421946e-01
7.351465467272539911e-01
4.028659393805853473e-01
2.580547224196434453e-01
1.457993287231822421e-01
9.546904246990919329e-01
6.358384205906555398e-01
7.250235279697310187e-01
9.377505656894313812e-01
7.657432318959429551e-01
-9.576219436585700073e-01
-8.332609768115875060e-01
1.616858774195240045e-02
6.147250807204951428e-02
-3.610533188233941981e-01
5.334412351012558506e-01
8.381182144866363704e-01
5.750177916962253555e-01
6.524438765548554731e-01
-9.983124883093053015e-03
1.075255882021601828e-01
1.539315541080297223e-01
-5.410315782565127130e-01
1.295063243022318566e-01
3.528124905867402461e-02
2.850926583588078156e-01
-7.033227428641255496e-01
-5.096391275157396983e-02
5.259103439248358214e-02
7.932884669191371252e-01
-3.071440071260322924e-01
-4.420348593378224944e-01
6.523033315061523840e-01
-8.983851742838646626e-01
7.196271145577115558e-01
9.487073519008109024e-01
5.967392812038463390e-01
-4.592924953327526261e-01
9.305803632616023169e-01
9.025691224869096807e-01
4.427967370770466982e-01
-2.969265740191298075e-01
-9.742940916621971592e-01
8.446986028874032826e-01
1.105897075356243597e-01
-4.901002064630086696e-01
7.126619140193151125e-01
8.305463807971174006e-01
7.569412863131363967e-01
5.310043401596113988e-01
-5.565359317675540041e-01
6.758522562049353866e-01
-7.695717560083084052e-01
8.801819552663323609e-01
-1.399685812874866819e-01
7.938995124917420654e-01
-5.566293746541586263e-01
4.895481791719233922e-01
1.693427777100933174e-01
-7.523406547642861320e-01
9.185607971226541490e-01
4.305690421547536673e-01
8.874740414885187167e-01
-6.932273552940857453e-01
1.378627287720957106e-01
6.695043633987607379e-02
6.039836315759905538e-01
5.814758391934800041e-01
-1.604359903414600552e-01
4.828487601163242715e-01
6.446840950902694711e-01
1.311947979848748780e-02
-1.176729128350750830e-01
2.275449596263978691e-02
-4.312784484163656451e-01
-8.104755887534751402e-01
8.298563721839160578e-01
-3.812908890711614873e-01
7.109864272500892035e-01
5.978712505745280570e-01
-3.668426894581444664e-01
-5.476463641502409274e-01
-4.108147506297927798e-01
-6.581463054794713941e-01
5.018781859197745110e-01
2.327102111599146372e-01
-9.265104124516865269e-01
2.674169718537415807e-01
-4.046989681597332744e-01
-5.174433531072308856e-01
-6.786305498208859976e-01
7.613885437897247588e-01
5.398036227590363723e-02
1.774305536869060784e-01
-3.862108751855286570e-02
2.895832138395828537e-01
7.814773758507937984e-01
-1.931352987426793177e-02
5.757030740120985257e-01
9.387810018063165174e-01
3.514594935147461463e-01
9.305268254272995865e-01
-5.041629211659439669e-01
-2.338063161750838503e-01
-2.918616790358163904e-01
-7.315048650409894382e-01
-2.187260703263993467e-01
-9.153356815415374381e-01
4.320044306145176538e-01
5.944529486208085522e-01
