
0 62.352757 17.035551 22.007169
1 62.973154 36.544389 18.112827
2 62.973154 45.0501 19.65941
3 66.532866 45.95359 20.477999
4 71.102755 47.364667 22.781679
5 71.505452 54.620825 17.466081
6 71.505452 53.038798 21.370702
7 71.505452 48.167923 27.287307
8 71.557687 53.440852 22.407826
9 82.4612 58.138182 22.981167
10 82.4612 61.327034 18.428133
11 82.4612 65.871536 15.121483
12 82.4612 63.073801 19.738375
13 82.4612 65.784006 15.246204
14 86.573549 65.079097 20.04469
15 87.974256 71.519379 16.265903
16 87.974256 73.336186 15.253154
17 87.974256 75.430087 14.364736
18 88.116821 77.316799 18.288895
19 88.116821 74.011946 22.088288