-2.869838894284646447e-01
-4.099130331017812878e-01
1.853668396481560343e-01
-5.320646728573470430e-01
8.168486767091895917e-01
4.065760612870361612e-02
1.495437129374382721e+02
1.509796967551218358e+02
4.648817719833564510e-02
-8.549018595626511896e-02
7.482100045447994319e+01
1.672317000853102975e-01
5.017065868996934963e-01
3.069497171437318706e-02
-1.564615112364704519e-01
-6.125789260311389484e-01
8.145765350858027443e-01
3.767361077288389204e-01
-6.259698543143856764e-01
1.504221050455149680e+02
-4.097307565673147245e-01
7.451990325601100551e+01
3.589936887088542861e-01
4.681287328499084133e-02
7.728519511992557600e-01
-4.170545951330537626e-01
7.491123635020673532e+01
-6.281980077741704527e-01
-6.381083950279409223e-01
-5.245588253804354117e-01
-8.389519748327345372e-01
7.298470373458596328e+01
-9.333659246108680918e-01
7.484523350534044539e+01
-6.289281479919897055e-01
-5.479500444014619998e-01
2.470158781486258004e-01
-1.907139688555155033e-01
7.446209801781802184e+01
7.492114837101582214e-01
7.275788976275292530e-01
1.540093182797972471e-01
4.781620710481206959e-01
7.793814704099062407e-01
7.306629942064895999e+01
7.450791237061551442e+01
3.067881680008393008e-01
-3.713768816197398070e-01
-9.790839084782951840e-01
7.290700370420567822e+01
8.073250221598771148e-01
-4.200819948263601056e-02
1.755211623284134159e-01
2.805473427375675399e-01
-8.010639317297807427e-01
-5.511298615653359434e-02
1.610527398757259920e-01
9.457525369160415529e-01
-5.980139685067695776e-01
9.184067437544105594e-01
-6.273121541918773580e-01
4.999152611116435274e-01
1.801050798011307741e-01
-5.671599670659674963e-01
-3.515810988254397529e-02
7.434001597485884361e+01
6.911795655799006788e-01
-5.679126371287979147e-01
3.073819857486319584e-01
9.520812759436347861e-02
4.076151611021978649e-01
-7.706133183592547287e-01
-5.744246514264552683e-01
7.413377610805724771e+01
6.046512045318970241e-01
-1.267028057655226192e-01
-6.218818135478971776e-01
3.888738436504723950e-02
-8.755960407575520410e-01
5.167262588058691986e-01
4.374015932461334799e-01
-8.464102770616013238e-01
7.464069265086023108e+01
-1.733956085837917716e-01
-2.567832266649725526e-01
-3.654262607803657747e-01
-7.233900443368357358e-03
7.697140824511305368e+01
-2.299804988022979835e-02
1.786615091006895639e-01
4.704861659350534353e-01
-3.808587550265516430e-01
5.509889219185772902e-01
-4.046271630511781847e-01
7.463755202607653416e+01
-7.385242071546473941e-01
-3.194202143126370075e-01
-2.781591874378839258e-01
6.059579807468253865e-01
7.516025499053526460e+01
-9.790067879132480222e-02
2.541769933437336704e-01
-8.898623953464943614e-01
-7.316272628910440723e-01
-5.399003617628976848e-01
-9.893398757666667098e-01
-6.959583572835843501e-01
-1.982577421977291809e-01
-7.400393088828336463e-01
5.557280346842476959e-01
-3.202917738545383308e-01
-6.472313300292515947e-01
-9.164880311679763913e-01
7.861048459962478585e-01
3.497435503530768042e-01
7.708962468000419221e+01
-9.176175730348390402e-01
-2.684936349282396328e-01
7.860928961994113617e-01
6.958008072758583573e-01
5.302701188525993370e-01
5.385683149551263593e-01
-4.795593733878804610e-01
7.446805389289683319e+01
4.353638265768795534e-01
9.559714055392853904e-01
5.065116590361296023e-01
7.318233308531894021e-01
9.161803877714880251e-01
9.092493983991023487e-01
7.519957984179711730e+01
-3.002199379249277378e-01
7.381062489338977173e+01
-1.934102051519797083e-01
7.355447102565830164e+01
-5.616698630391185887e-01
-7.929918390393313476e-01
-4.077378322957303514e-01
-9.994757368973403722e-01
6.190969914139208274e-01
9.756970610610229411e-01
2.938808378241963837e-02
7.620358772715956075e-01
2.418588643002361760e-01
-3.432947521742146790e-02
-5.077784311529054406e-01
-7.776255308108404041e-01
-7.895710385370975359e-01
8.287164112525733373e-01
1.706642293928033460e-01
7.522766269169515851e+01
1.528229828229063401e+02
-9.068053426880648971e-01
7.264500238002069921e+01
-8.590119632839823272e-01
-9.332046256761601377e-01
-6.859344512569345298e-01
-8.104124827673955256e-01
5.877342443924562509e-01
3.149664904388604914e-01
-8.754658072550203229e-01
-4.958976808446551310e-01
-4.977064649700213561e-01
-2.526342366634337644e-02
7.786625219138130660e+01
7.403802169661413757e+01
9.302980910093687772e-01
-7.486668704812149411e-01
-3.798648150591203976e-01
6.873697354640702084e-01
6.043363453521546358e-01
9.334113322258426049e-01
1.800755824284017148e-01
-3.597031679013540373e-01
9.436682918531784647e-01
2.841122575813934681e-01
8.525118665828286257e-01
-7.987025397505878033e-01
-6.042940341427207596e-01
9.061640492847973238e-01
3.266847833547819047e-01
1.008666015072576805e-01
9.623890461663662244e-01
7.799363413849969007e-01
7.410300594883317160e+01
1.609998190714927446e-01
1.840757501116523365e-01
7.421651240370961489e+01
6.339458646875955061e-01
5.819505870502064138e-01
7.478005544433103946e-01
7.422409007765305944e+01
1.162128651396332479e-01
3.667038250964302915e-01
1.102942351106732666e-01
3.530699509818377990e-01
-2.878796603966495837e-01
-1.043287162067731977e-01
7.329399323214518347e+01
-6.749186292707851642e-01
4.694859033615759181e-01
2.593718116779315519e-01
-6.717768042088649860e-01
9.372599448485008367e-01
-4.864932158180188537e-01
-4.959188030217256404e-01
5.482529502530568699e-01
7.612902828799757060e+01
5.088759578627193303e-01
-5.681044636411411997e-01
-4.627730801430112173e-01
7.860627536691531247e-01
-5.865135839345276825e-01
-3.950862169839621796e-01
-4.095704867772240743e-01
3.150673790300999588e-01
-4.524082867832519561e-01
7.690686794373757795e-01
-6.845041098649577993e-01
7.367328784827584798e+01
-5.723229738814079592e-01
9.089428989629517730e-01
7.743694549509061176e+01
-4.592656730072599558e-01
-8.453339220996438641e-01
-2.573064537158262777e-01
4.140263755370647836e-01
3.029043430820379523e-01
5.456808313645047370e-01
3.490742594489015804e-01
-4.399681660909282588e-01
7.215720828514824436e-01
-8.024376904697749779e-02
2.438373452026167953e-01
-2.175290354485208688e-01
9.209020512444889839e-01
2.234643368055411941e+02
4.226907248069629031e-01
-8.768296182292245611e-02
-7.668721201684602917e-01
-6.224064464175804723e-01
-9.519935941637271970e-01
9.927680515946679662e-01
-2.027052055251583607e-01
1.738143639892795189e-01
-9.243746188643191530e-01
7.614738990510190320e+01
-5.225181502941236289e-01
-3.015275778995978317e-01
-4.937186229846384222e-01
-9.525571768366689618e-01
-2.527125732176338513e-01
6.144729403445483573e-01
3.598030741583719827e-01
6.984485353023841547e-01
-7.107555734979511541e-01
-7.201039667392248322e-01
3.361179010846129245e-01
4.924254912940138063e-01
7.544441085225633969e+01
6.114942930021776135e-01
-2.040965805505856601e-01
2.597243278888561324e-01
7.109499299589923105e-01
7.452931130116820668e+01
