-8.168554645006680381e-01
7.490016752104287079e-01
-3.400835956411840666e-01
7.777865887736825634e-01
3.087706205557492201e-01
-1.885735712052587498e-01
2.138298451712827841e-02
-1.163807336629829603e-01
-7.146626124237911437e-01
-7.018516275034440977e-01
3.213003058966119596e-01
5.889759898162272300e-02
3.117072174990751510e-01
2.646374060933844863e-01
7.201292289085599041e-01
3.589894960403317015e-01
-5.477264409698010539e-01
7.484126652763274379e-01
-8.317848788924884218e-01
4.294527973917650066e-02
-2.838331387858730182e-01
-4.529385369718759158e-01
6.936462302787791412e-01
3.422340490489195197e-02
7.576543045722501368e-01
-5.675403172855837397e-01
1.126907306769000527e-01
-7.604835429590077744e-01
-7.736207563670707277e-01
-2.451529030386032648e-01
2.414787772586379777e-01
-8.541735770797260763e-01
-2.997168299880159648e-01
4.903501317569685103e-01
-9.394472607467578840e-01
3.864798002726832493e-02
1.799057145594673557e-01
-9.638298792007833349e-01
7.581846558984655093e-01
2.680224886769009274e-01
1.680123271187365930e-01
-3.058702569424798234e-01
-3.680779136761849202e-01
-8.442977066726133906e-01
-1.145521140272509619e-01
6.058383034721324112e-01
-8.752764696927362031e-01
-3.833082041061128820e-01
1.063008078423148817e-01
-2.405474559927245348e-01
1.102270982172830482e-01
-5.889940642083921762e-01
5.906611477663279430e-01
-9.265938958655488555e-01
6.752083924272498372e-01
7.154452312430126248e-01
-9.028456866062151143e-02
-8.341343124645861362e-01
-6.542818671499648353e-01
6.763914324948880896e-01
5.846444524577365520e-01
-6.077724739339718241e-01
6.010498137574571409e-02
5.023477379225054218e-01
-4.376173793035591508e-01
-5.210015418806701604e-02
-4.268190109059544213e-03
-4.788827309352534645e-01
3.656496186390767456e-01
1.083544007248178342e-01
8.648778044203522253e-01
-1.262463991703288713e-01
3.598708258587921538e-01
-6.791485191437294233e-01
4.905663346470325870e-01
5.052331433909122982e-01
-5.343985966416116007e-01
-4.765946821344191342e-02
3.185909730481399915e-01
-7.214257646335067165e-01
-6.153445708796276836e-01
-9.484932003459047856e-01
-6.247785628801298952e-01
6.188313914329566234e-01
6.385592277783378456e-01
-7.157140324327275760e-01
8.184650103518920083e-01
-6.896149089829695100e-02
2.756949471961542830e-01
1.359732155791550934e-01
8.149598161217770365e-01
7.502619039140001611e-02
-3.368777630399202305e-01
-5.690594947128044812e-01
-2.615710148656129608e-01
6.554398658291291646e-01
6.463552625986936917e-01
-7.446205198131683467e-02
8.310709691937938626e-01
-3.019821849091008925e-01
-7.423621398978124120e-01
8.038702373250572464e-01
7.961630472438119277e-02
-9.494550660916372120e-01
6.382439848946412919e-01
2.580283271918519805e-01
1.403961738536143589e-01
-3.710138202867518942e-02
-5.362962864010665243e-01
4.561307226191448905e-01
8.257120014873828850e-01
3.188757975798448552e-01
-7.922400415075898650e-01
7.622143797274671950e-01
-4.247957818211240966e-01
9.526371987243256179e-01
2.302258220238400099e-01
-5.836049270631993302e-01
-5.614313211404404758e-01
-3.972149976125249893e-01
1.076794653206725183e-01
6.099045350477734218e-01
-1.074216273154766643e-01
-8.793305086982772245e-01
-5.624566989761310420e-01
-2.596473748080072586e-01
4.410111252241608604e-01
-7.194455598047935219e-01
5.967626224571798144e-01
-4.497527842392150532e-01
-9.449265471845644804e-01
3.420810838724934744e-01
9.366832147330963476e-01
-9.351453899327186736e-01
-4.887824242693905585e-01
9.773842868381974469e-01
2.823396804603226506e-01
-9.332579924114465797e-01
-1.850427665756164686e-01
-6.319151531081437234e-01
6.883578119399544892e-01
3.609320482932565355e-02
-4.376852565579925081e-01
9.472938435584516981e-01
-9.599872611426287783e-01
-6.111698905256286452e-01
-2.501188308851585163e-01
-3.896420272066556389e-01
-6.022753285317465899e-01
-8.308569752666545849e-01
-1.519715859638051114e-01
7.132460928391850530e-01
3.874282324864959381e-01
6.718113839023354128e-01
3.065570918074445039e-01
-6.617132108113423783e-01
-3.571993263101980176e-02
-2.118433978797873429e-01
-5.019097609095486412e-01
-3.619198098234295280e-01
4.173755905868170579e-02
-5.290766583554988856e-01
7.050971776176531147e-01
6.266689880146321112e-01
9.155604324249695392e-01
-4.129388958709532265e-01
1.468194401532034732e-01
-5.674739631602057077e-01
-4.779073761545271637e-02
-9.204130491194555397e-01
-4.739156454449195977e-01
2.810182642167502465e-02
-4.355886351901430142e-01
-5.399613248503329910e-01
5.642617451382281324e-01
3.493195237794930463e-01
9.059337933257993747e-02
-9.320397488728515700e-01
8.918737319382694650e-01
-7.538167647458635656e-01
6.804536019758091747e-01
-9.052977145422436145e-02
-6.709051656540143682e-01
7.136685902247834612e-01
-1.298470368154871490e-01
-5.176816202357494845e-01
5.415818454057683695e-01
-7.528289648503361242e-01
-7.699388130948450204e-01
-1.517838116519139025e-01
5.798515650731026483e-01
3.866298844340803065e-01
-3.648540889146119071e-01
-2.715283037074431860e-01
2.601089469958850486e-01
-7.688597829238807968e-02
8.602109694277824126e-01
8.780587266774286803e-02
2.772275782429931557e-01
-3.617695059846763872e-01
-2.445836062143014189e-02
8.226991728270003357e-01
5.816709167451756812e-01
1.775839028143435527e-01
1.136598355163862539e-01
6.473118634101393543e-01
5.002656054662175666e-01
6.920316475201955253e-01
7.373438775019232061e-01
8.309428166059806831e-01
-3.464273691033816771e-01
8.111738103133423472e-01
-1.288147194114985794e-01
5.348029827900320221e-01
8.260155309159926684e-01
-1.551057299961997593e-01
-7.208188288359167473e-01
3.665069624484531552e-01
8.116266415207640250e-02
-9.998143383753423930e-01
5.077893131931365822e-01
7.805606217757963261e-01
-1.687567908799165739e-01
2.959683301229329988e-01
8.422697639122693758e-01
-9.360974451650179162e-01
-6.461455485026990075e-01
8.076630280462637757e-01
-3.190479398466945504e-01
-5.031682059157069897e-01
3.662940650982069446e-01
-1.924561640712196819e-02
-8.646864000168568154e-01
-5.537872543358521860e-01
4.538018367876421877e-01
-6.898027605056711309e-01
3.365699288511805332e-01
8.843283153404812857e-01
1.046475082407269941e-01
-4.049403153528883248e-01
3.661762701886857041e-01
4.588287459308690863e-01
-3.259275139395458876e-01
-2.709121646882106660e-02
7.892335243806372080e-01
-9.556117408179818362e-01
2.525243951521611852e-01
7.562589623647890669e-01
4.492985030602856256e-01
-3.684459951370850916e-01
-5.797143413098637676e-01
2.895083411621484082e-01
3.940255139289510211e-01
-8.748811709187243046e-01
-4.045028839100335283e-01
-4.828542854527893002e-01
4.578589692163070879e-02
4.391059869238291835e-01
2.526145234423176067e-01
-4.770182890515208829e-01
-8.609955830325863868e-01
3.912040566135910336e-01
-6.703693995243837911e-01
3.127829728464037728e-01
-4.645635755635533215e-01
