-8.804786954558980749e-01
5.831989373711985447e-01
-1.441197528497972780e-01
-4.239177512048217800e-01
-2.031617736841397903e-01
-3.495625975794960372e-01
7.896968092132852224e-01
-5.378154135837982519e-01
-4.872896953882204230e-01
4.114294014742414518e-01
-8.535417430386373905e-01
-5.987058434523029327e-02
3.740328908236441041e-01
8.934356591176628726e-02
1.644612568762560123e-02
3.217285399699429949e-01
-6.184721691375532071e-01
-6.359584870949073210e-01
2.150457512232804014e-01
-4.679710234022551596e-01
7.282376183982309215e+01
6.653954668201704781e-01
-1.886806166414154440e-01
-2.423067915717946885e-01
-7.862770554930860190e-01
-3.696995955472242024e-01
3.794418335600882042e-01
6.871736461094317683e-01
-8.007806946573730045e-01
8.242522621772034874e-01
2.543612350636106356e-01
6.227473014561195619e-01
3.685742277660097876e-01
3.370974591121222996e-01
2.908165442241157361e-01
-5.681865065333169262e-01
6.454602552562529461e-01
-1.017801136458562627e-01
-2.310135168099294312e-01
-6.085220417541739035e-01
6.481956572394256266e-01
5.370999144065446984e-01
-2.538414828825661385e-01
7.868492312230601637e-01
4.459538541363083919e-01
-3.204830729079553020e-01
5.771548020911931864e-01
9.835159992001083484e-01
5.242220698453803340e-01
-9.432608587766293518e-01
3.549830336040817880e-01
1.355218022221913454e-01
-6.890618166470976469e-01
8.749009650512289404e-01
-7.452818716546214528e-01
1.431686369095277467e-01
2.997795487202294940e-01
8.921690868690079768e-02
9.261074441587269224e-01
3.415839771239699285e-01
-1.980191187072648518e-01
-9.677686479499414407e-01
-3.109261283816209254e-01
2.804457934590836032e-01
8.564088040890909248e-01
-2.396044690205538785e-01
-8.498596828355837740e-01
5.764318741603089435e-01
-8.860274621432995268e-01
2.542303740144480351e-02
7.155180556128204472e-01
2.212297163512508824e-01
-4.881881651356958507e-01
-2.582015537738002742e-01
9.136502683431886318e-01
-7.222975314488055965e-02
-9.826968420176074304e-02
3.701355397990995222e-01
2.839695164145445982e-01
6.551678758846299910e-01
-4.036604960833138911e-01
-7.158165470838506739e-01
-9.905192456355700337e-01
-1.644584779832782839e-01
-2.830593496732396463e-01
-3.258049296421046126e-01
-5.737526774980619138e-01
7.116677393964510046e-02
7.115519932401275227e-01
-1.850855841448484362e-02
7.136962368453247940e-02
-8.086579664568043224e-01
7.826082836935643883e-02
-4.147965160988151823e-01
9.369099434353749256e-01
-4.735199166645895907e-01
-6.306846461671313797e-01
-4.945208229649367127e-01
-2.305061651826774138e-01
2.667551103661991441e-02
7.111406372933462006e-01
-2.650331187213517126e-01
2.837668980592782386e-01
5.006457809708948492e-01
-1.233038391634597719e-01
4.662555425986700808e-01
1.173075006113166729e-01
-7.236582649657756772e-01
-9.447086651638547661e-01
-1.724945632499630399e-01
-7.813837619442967064e-01
-7.163346480543266726e-01
2.449468133895043032e-01
-2.679857084594849947e-01
-2.987215352294414483e-01
-5.751886876946816773e-01
9.990796851859449212e-01
-2.826510042638135101e-01
-3.490600850759963958e-01
1.524010004162463794e-01
-1.342485869324954173e-01
-7.327811447374203979e-01
-5.288346527830087851e-01
2.609267730969793142e-01
-1.884449536072541065e-02
-4.086154981008975895e-01
-4.259600400874972159e-01
-6.620970590841883663e-01
4.024231973619831759e-01
-8.663792687959366301e-01
4.562951686564276077e-01
5.176312239524782921e-01
-7.035264326203014562e-01
2.545719537980757341e-01
-3.849923217904935857e-01
9.401379594882299795e-01
-5.276897682860832717e-01
-7.591960112430011787e-01
-1.930865893376783049e-01
-4.172814091898400246e-01
-4.841352266911831403e-01
-3.112467853220679537e-02
-1.022322582122900947e-01
8.577048272938430085e-01
8.646249587139993587e-01
1.273768474708547593e-01
2.079459024824525937e-01
-1.526836336615393641e-01
3.411610365237431886e-01
-2.481356011762338998e-01
-8.621152977554751295e-01
9.407272026506086071e-01
1.121154476691694768e-01
1.947635803318537029e-02
-5.031234757325622198e-01
6.562065611602918569e-01
9.262852161154411235e-01
2.674685852840439360e-01
8.213609447232399496e-01
-4.013660191434420543e-01
-9.250686090315172194e-01
6.176206922402125432e-01
-5.079717346521390731e-01
3.459522749959320631e-01
-4.929625677968123565e-01
9.715602452037868098e-01
-8.574186494755942078e-02
3.852577357769271238e-02
8.745151524001804066e-01
3.656172361801079962e-01
-2.419635175016554562e-02
8.619160568924089105e-01
3.520984550379255840e-01
1.483497225278491705e-01
-4.676760891546405396e-02
-8.643497205986097054e-01
3.640599123847996221e-01
8.512764083583137520e-01
-2.151472153218634276e-01
-2.655738941669614217e-01
-1.602074674562867784e-01
-7.759013231717875048e-01
6.915562522368154941e-01
-8.542431761655675526e-01
3.302689268974554615e-01
7.590446661147831620e-03
6.517968148870780798e-01
1.359934025008275871e-01
-3.547299787530566739e-01
7.763113748248284818e-01
1.147801235869394532e-01
8.830687007757949125e-01
3.467710767962999263e-01
-8.157015848412609849e-01
-4.440825512125079477e-01
-5.187542624029850558e-02
6.913082955543143893e-01
-9.512117834707551900e-01
-3.842584239775583832e-01
-9.352306678448907284e-01
-3.103090775195729289e-01
5.653890283418712137e-01
-2.806452740671994128e-01
3.216488210711931917e-01
7.725281586578203985e+01
7.109299228074628108e-01
-6.139006434293594605e-01
-8.695607591210654519e-01
-6.942370715691539296e-01
-6.763465138488238271e-01
-4.128326256806003069e-01
5.047983343941970791e-01
-4.263488581854204540e-01
-3.162154775642955773e-01
7.410331741794911053e-01
6.632576778010685903e-01
2.688435605751220425e-01
-8.287452404427926300e-01
-2.558430263034914276e-01
8.985240487169849910e-01
1.630235188038409166e-01
2.912253905553368050e-01
1.664669031589969261e-01
2.517484876573485852e-01
-8.645215222267472743e-01
3.755516630233610709e-01
5.755883529160408241e-01
-9.946633979347696553e-03
-5.178109718403147710e-01
8.694188056826890332e-01
6.406777267298924272e-02
-7.135418029278386420e-01
-3.360203590349957192e-01
-5.288416091806020791e-01
9.602507698884772402e-01
-2.908673300820077134e-01
9.396192512393208851e-02
8.147042651340348218e-01
7.334441218487146585e-01
9.161693122700382830e-01
7.713571629137405683e-01
2.754471161902107834e-01
7.510229761715805807e+01
4.329410488344787034e-01
1.521605170129447515e-04
-9.316958072047873962e-01
6.238124006969922863e-01
7.365336554230879074e+01
6.957588795314284535e-01
5.329857031719855698e-01
-2.197506646805416075e-01
-5.614112571644569449e-01
-2.066246175153527709e-01
6.906482871967793979e-01
6.235650607642906351e-02
-2.848242732898464968e-01
6.870948547214517088e-01
3.621088538617049934e-01
5.267728355786043259e-01
7.622524183125629804e+01
6.069217535855742085e-02
6.778311515066162141e-01
-1.717580015235418145e-01
-4.539693296355846730e-01
8.995217038422949063e-01
