2.695866236661617066e-01
7.414196164750676132e+01
-6.652096043223563182e-01
-9.983463820703641911e-01
7.258390422030180922e-01
-9.350886831246831843e-01
-2.228927994942140334e-01
4.042548451906948781e-01
-9.256690869604797811e-01
-7.924762352146315081e-01
-6.957193058392678875e-01
2.407209692527649825e-01
-2.251583048035259438e-01
-8.668761166977401178e-01
2.491043079764443391e-02
5.592541924422778088e-02
-6.410569216762307398e-02
4.416211482354217566e-01
7.252652866330473103e+01
2.886624563972117752e-01
6.078814030406218816e-01
3.774077781645353014e-01
-4.924693539154516575e-01
-9.869560177597693773e-01
3.516519402622542145e-02
-5.418290794518607623e-01
-4.283246509872709051e-01
-9.631569535275068539e-01
7.540555589962183092e+01
-1.227295412212963122e-01
7.452716484193528856e+01
-6.393225564856184207e-01
-5.650066375277111863e-01
5.469820201984463282e-01
-9.823596720274530014e-01
7.734934681682793212e+01
9.245424984581409600e-01
7.395021827641325274e+01
2.717201903518557948e-01
4.630164072859987989e-01
5.263221056868028214e-02
7.925162007873161052e-01
5.059362043232276118e-01
7.567121464464187852e+01
7.207192648640848631e+01
8.340957505095933922e-01
-8.202446474483915395e-02
-6.699437930647929029e-01
-8.387603455002021757e-01
-2.769087957453644222e-01
-3.726187863017282886e-01
-1.214168476422550214e-02
2.410626689534642875e-01
3.112990541652229659e-01
2.892109826039734877e-02
-6.307297358953030120e-01
-5.005184814627527956e-02
-3.320025262426662405e-01
6.420753516042587705e-02
-1.067442687053727912e-01
-3.559481992664290662e-01
5.730011808095714088e-02
-7.312238887418711641e-01
-3.621510645126053696e-01
7.363937008899495140e+01
-6.219885210936701991e-01
-9.567213263096001619e-01
-5.946926306216193669e-01
8.775576084045184633e-01
1.315487613418990787e-01
5.582884696217969012e-01
1.514248708634848839e-01
2.621210501769748458e-01
4.132786702412483137e-02
1.039220710927835079e-01
8.923182386286601098e-01
2.003529590370427549e-01
-4.143258888691097042e-01
8.450341355177812819e-01
-8.961226281310337161e-01
1.700641566908533964e-01
7.534700277432988003e+01
5.448668241883893870e-01
-5.166970901951841721e-01
8.488392487588198865e-01
-5.953462478585325179e-02
-2.265836686719626680e-01
-9.152370763423209876e-01
4.611362568844992182e-01
3.786717578948366469e-01
-8.714826697140054534e-02
-3.724901601498959991e-01
-7.767581112239074770e-03
5.385077283153882899e-01
4.062700773172607249e-01
7.796006072687560184e-01
8.910757129668940291e-01
-3.819443635914645530e-01
-2.220943183653691921e-01
4.479405721248450600e-01
-3.000055183801184633e-01
-6.845210839624396026e-01
9.505103134135326481e-01
7.481310004678132941e+01
4.561702554840731949e-01
2.480236835054729916e-01
7.364927431499992849e+01
7.223153365972012807e+01
1.135498731358004498e-01
9.916465367574909262e-01
-1.824102159117817479e-01
-7.124153337145282539e-01
9.147321832750621162e-02
7.774432974485986847e+01
6.418769176349414796e-01
1.268562665102148657e-01
-6.926040823180432682e-01
2.615508802167285651e-01
8.895922181161997067e-02
4.926919607657593847e-01
7.720605503845460760e+01
7.479055953305369542e+01
7.542496226040090335e+01
-9.200755104433175902e-01
-7.736938374481077130e-01
8.322203687636922087e-01
-4.575137518716687612e-01
1.881987417773078874e-01
-1.482436662512716108e-01
-6.743368327713445964e-01
-9.914813966137367984e-01
2.793844874721969074e-01
-6.615816517867594282e-01
7.498379804748776678e+01
7.536092627294620172e+01
7.862714287791610079e-01
-7.306734375296464190e-01
-7.832717753702755914e-03
-6.320361825120079935e-02
6.107644940940812894e-01
7.098565507975320710e-01
4.650102790865606739e-01
-3.504468834552867396e-01
-1.103071285650760736e-01
4.581403494802689380e-01
-3.307054743087176618e-01
-4.823165274808309810e-01
7.613946980863930492e+01
-2.032466134702513028e-01
-5.360888077106031879e-01
6.575882783431907797e-01
-7.582600188563728416e-01
8.148226184624007828e-02
-2.026578149938897955e-01
5.457529872793971393e-01
-1.048613788368604194e-01
8.243320576929547006e-01
4.844503396923260929e-01
8.775607592886536246e-01
5.761593673588125686e-01
4.835707961207480476e-01
2.915085409794211380e-01
-4.538006926574964517e-01
6.359590984249952061e-01
9.712059992838686373e-01
-1.805498903718687487e-01
-5.429792398935362474e-01
7.187127802300219415e-01
2.922364887327892902e-01
-3.824557081770916245e-01
-6.202132596992737668e-02
7.645993297300381641e+01
6.686708856405727541e-01
-2.665921561261048733e-01
-9.181356122961361610e-01
-6.789455365196170877e-01
-6.040284928977535106e-01
5.816747664863133327e-01
-6.047654685166370392e-01
7.508881644041004222e+01
5.182448943412476527e-01
-2.837877070404688506e-01
-4.994167147861476863e-01
-6.263105827679511517e-01
-2.391798210786852952e-01
-1.891452766194161583e-01
-3.182526666355167677e-01
3.010930295439173676e-02
-8.548651323974101324e-01
-1.233587881511022388e-01
-7.730822280251845591e-01
-4.353128882898049667e-01
2.092373221776280268e-01
5.330711714943048296e-01
-2.347582834280328434e-01
-4.832634787964908973e-01
9.158916806535182253e-01
-4.316184320735607649e-01
3.062474764884532963e-01
7.520535704681696743e-03
-2.919456676059180023e-01
9.652242404873254689e-01
3.285603457079178114e-02
2.495749087127085986e-02
-5.302991631217994772e-01
-8.226999552196103682e-01
9.532552544874917100e-01
-7.492899708076363741e-01
1.466751379306021619e-01
-3.476397200837195722e-01
6.811593732702383441e-01
7.071066294700445454e-01
-5.175406329984952869e-01
-3.750624770687969178e-01
7.557257977306981900e+01
5.074990481107111151e-01
1.074969801996534802e-01
2.382832878702125790e-01
-1.572222083184693364e-01
4.495981104604138689e-01
3.831484604598389687e-01
9.199977994206711696e-01
6.761165502702253249e-01
5.199489552368861123e-01
5.421677905395170249e-01
2.742465202995569840e-01
8.869091584781187976e-01
2.514026820038195442e-01
-1.758841581248926644e-02
5.196518921016970438e-01
-4.075986312351811414e-01
-3.367941996296497376e-01
6.933903491454376233e-01
8.192189345063403128e-01
6.277806349375507633e-01
4.199193362345050584e-01
9.388527339579633146e-01
-8.334160372307923836e-01
-8.099736130210093421e-01
-7.671623261370006386e-01
-6.215686262090260872e-01
8.093378026246818013e-01
7.538292128757616695e+01
3.069197298438210986e-01
-1.401701058838171754e-01
-6.405544078257454643e-01
7.866883142661664774e-01
8.017959213895313741e-01
-3.884235716911002001e-01
-4.894276839817357505e-01
-9.480114748795898105e-01
-8.272087669447321101e-01
7.643072062375736664e+01
5.102371597962167549e-01
-4.377912877682492709e-01
-8.382819032439960960e-01
-8.101527812106825710e-01
-9.671987501030816503e-01
4.653476344321412217e-01
1.398920040286366628e-02
1.644807537587129609e-01
-1.204636061912365275e-01
9.771920867610051076e-02
-3.030936130016781416e-01
-1.602137118164661533e-01
