7.567865371026140053e+01
9.965969336990414540e-01
8.677004031696200492e-02
7.584854217318648395e-01
-4.095823132396236854e-01
7.662770026383144284e+01
4.643011861501589177e-01
-5.078499316402658170e-01
-8.465969920989213637e-01
-2.443432511972407628e-01
3.964705237902923507e-01
9.805379137736796036e-01
7.570208092959659041e+01
-8.571705602779045030e-02
5.554893923866899286e-02
2.827750144054388404e-01
-4.893586178268887199e-01
-8.090002250049608268e-01
1.217314586808102561e-01
3.479383852591280135e-01
6.211854089897939080e-01
-2.810364012811217282e-01
-7.493382920488285137e-01
-7.255922724968757453e-01
-6.005662692855122664e-01
-8.245745702658779930e-01
-9.075683391824795887e-01
-9.735907181804392962e-01
5.799002002275497336e-01
9.336626058334471789e-01
-6.336141036507796365e-01
-7.315538452342233988e-01
-8.407073565951372895e-01
8.278720570403288459e-01
-7.275861513286185911e-01
3.213526171759626404e-01
-1.902122097729399552e-01
-9.560916007589017607e-01
1.643205991323568593e-01
-4.918917301030572009e-01
-4.514016305702590603e-01
1.961150037784860078e-01
-9.058131102453039762e-01
-8.824161107301029539e-01
2.721544425469311079e-01
-6.547006870909766185e-02
3.484223146196367971e-01
3.323865997163584218e-01
8.781336014995693162e-01
8.530671575444519483e-01
-6.966130486107384723e-01
-6.627677632923267836e-02
7.835610600264395487e-01
-4.643735278179583759e-01
-4.941751660742097485e-01
7.729061400287877692e-01
2.912138129891972405e-01
1.622576656818996987e-02
3.683395519446734934e-01
-5.050978023000987083e-01
-8.767001045357685207e-01
3.205680973490234731e-01
7.602395503498722462e+01
7.415819819655872891e+01
1.596882070682172916e-01
7.590760978269804582e+01
-2.226950500110644882e-01
-4.330985972335035239e-01
5.119796140980072963e-01
-1.706073963604302079e-01
7.585915880066841055e+01
-5.898667037670346502e-01
-8.572263305790284171e-02
2.357429726588970986e-01
-5.542870601027560795e-02
-6.531239566551778619e-01
1.497286723484949622e-01
5.860833647228826937e-01
-6.396771993799090783e-01
-5.080603956751486017e-01
-1.191633416406445711e-01
1.485945937923516258e-01
-1.049349641153300983e-01
3.706583536884544561e-01
6.305288227082050945e-02
-6.536484879896009570e-01
-7.006050372610330701e-01
7.840142813307415803e-01
4.149399687796413438e-01
6.045104762333233239e-01
5.815757927784670489e-01
-8.909737539583790777e-01
-8.640038460995942415e-01
9.176904125450680016e-01
7.395495668381674648e+01
6.633614807029910576e-01
6.912723345402191910e-01
7.603622952499300425e-01
2.358087811651683463e-01
-9.116085815594450192e-01
8.426296254154552745e-01
9.608972395074488748e-01
2.646580789013321944e-01
-8.856362233181531707e-01
2.032765467317985131e-01
-7.498930269244852287e-01
6.744936759249742231e-02
-8.657954763639073015e-01
6.879122689251802036e-01
-3.268504671219536473e-01
3.366850825799889702e-01
9.886670542727076239e-01
6.481513167368166961e-01
7.934864352087571682e-01
6.200724522300877783e-01
-3.098727428281304874e-01
-1.453056002328516616e-01
7.361144654870466297e+01
-3.584566325613089965e-01
-5.265156670678488027e-01
-1.772449239818734146e-01
5.189747544953382530e-03
6.240775853615923019e-01
6.325842260426084440e-01
1.770558007942233392e-01
9.116036803569231850e-01
-5.172934979492180840e-01
-8.539451837082689956e-02
-2.885419183155266687e-01
3.366682931456337347e-01
-2.030008958133275865e-01
9.167764762966623682e-01
-2.727549531331450172e-01
-2.842446141138075255e-01
6.491496850014559783e-01
-8.691744278477542274e-01
-9.202917817321223382e-01
-9.025370355662971633e-01
8.498782111035858566e-01
7.895204313474835089e-01
4.572989132292692993e-02
-3.418203224768345816e-01
-8.844188736759364122e-01
6.830801046121246500e-01
-7.968924395167498176e-03
3.664166227995855341e-01
-4.223881399027165084e-01
-5.214481967145447872e-01
-3.016320304729762647e-01
8.953761625404876856e-01
-5.200869168924926456e-02
-2.018278777116448985e-01
3.286094891992206168e-01
-3.742379021471504696e-01
-1.412008231673724801e-01
3.485525348883506958e-01
-6.986145593079862159e-01
1.477972862839282975e-02
-8.450669861101522962e-01
-2.919476409914498749e-01
9.854758075711176346e-01
5.619657751301054827e-01
-4.525417162166280871e-01
-6.158313838923714645e-01
5.958533686454368095e-01
-5.508447908806530791e-01
-9.071118328788974061e-02
8.083281726637647768e-01
8.124961201691660584e-01
1.106883646273582045e-02
4.812175294658633806e-01
-3.952965136498105547e-01
3.062180375685850109e-01
-7.566880412352425811e-01
-7.777063749204065068e-01
-2.813620231415490114e-01
9.836088319388203161e-02
7.375853749498961776e-01
1.870243998721106138e-01
6.585181920337845884e-01
1.430457942550436012e-01
-7.307378267819872875e-01
7.490836026959152605e+01
-1.171423981379926538e-01
-6.815946730226909445e-01
-6.810840454383337850e-01
4.420790683988076175e-01
-7.090876212803471912e-01
2.403210211548398867e-01
3.672211018217745870e-01
-2.341719144173586287e-01
7.108637541412499150e-01
8.481512215557349688e-01
1.011427642421933726e-01
-2.836816367819472440e-02
-6.007145933709951979e-01
5.596512477960018384e-01
4.285106017886941565e-01
2.167831602398602175e-01
7.683443519712508873e+01
7.784240792498122730e-01
-1.519414226801352186e-01
6.754983876754823147e-01
-6.917500414673640741e-01
9.097425666495628782e-01
-4.638545075121061068e-01
-2.483169142169201482e-01
-1.006180146597590586e-02
4.083973417259743055e-01
-2.199787530344852193e-01
-5.450449208985104210e-01
-3.760851156778137749e-01
-1.237995699207252720e-01
2.449094641877942458e-01
-5.928802858405703979e-01
6.329393719318723299e-01
2.773813271075797893e-02
7.399042572308422905e+01
-3.554482742452858002e-01
3.381121539667064635e-01
7.384743342549922041e-01
1.127865518989779048e-02
-1.512667905821494241e-01
8.197167262980267211e-01
5.242259639527437898e-01
-1.967382225927924999e-01
6.571918856284388877e-01
-5.244186757564766044e-01
9.761842881774780434e-01
8.953484488865255386e-01
2.471356844239498418e-01
3.440684042612756066e-01
-2.718751009759314829e-01
6.134511580883295068e-03
-8.130532046277325620e-01
4.084090017906554237e-01
-9.118420814760124227e-01
7.044629170357064041e-01
-5.103074662402229400e-02
3.760077504745302779e-01
-4.563294648328355407e-01
5.698587871185272213e-01
-9.142425073564743876e-01
4.122159211657749900e-02
-4.346736359861882448e-01
4.039502661985983067e-02
-1.113916674842276855e-01
-9.738597270804874029e-01
-1.283902293779084491e-01
9.846937769334083157e-01
-2.046177482725126673e-01
7.592711791973272284e+01
7.393776960394833964e+01
-4.288495062365151878e-01
-9.508724477171970335e-02
-9.302030311509827953e-01
5.684077904803690462e-01
-4.736764983369901039e-01
8.069340234402502254e-01
7.480305038157041508e+01
9.664875211412971012e-02
-2.640959740146486823e-02
-8.012630418230339835e-01
-2.412633016158720611e-01
-7.783292287102523410e-01
