4.943693450041581894e-01
-2.470886786301047522e-01
-8.662066650877779939e-01
5.179391735636225125e-01
-9.061748276960535087e-02
-1.407353591797713133e-01
7.066108874300081055e-02
-1.648170492634792872e-02
3.638849556864898194e-01
-8.367798587073451699e-01
-2.415486586952493298e-01
9.425132958609410139e-01
-4.020579962796573259e-01
7.398187381527887574e-01
-9.731860773660800934e-01
7.825470017428504121e-03
-3.197184872900282748e-02
9.109994896227038286e-01
-7.314666999615693221e-02
-1.098830675798314616e-01
-1.327665881933819403e-01
6.104944376503682602e-01
6.199686510018740382e-01
7.599601448864844144e+01
-2.783092126622401796e-01
9.976905336985100181e-01
-1.526938815797294069e-01
-5.916831363233199248e-02
5.402618807521921696e-01
8.466971334487531919e-01
5.552623034049131157e-02
1.345724295754269217e-01
-7.268551955260977859e-01
9.254221764552972296e-02
9.824298255812029534e-01
7.571396163879315910e-01
5.164584632343123261e-01
1.008633071858011654e-01
8.401232319030191853e-01
-4.556305764010553094e-01
-6.488786919969837808e-01
8.345064270871540568e-01
-7.208373187709344876e-01
-5.526303573316679874e-01
7.289546668881472158e+01
7.508174000184196473e+01
-9.602514969472197848e-01
-4.250166969972339892e-01
3.600477203601213372e-01
-3.774781065575902872e-01
-4.722897446692286838e-01
-9.991899082685888889e-01
5.142234185278613534e-01
-1.134757075667369719e-01
-9.116389063377203783e-01
-6.564575913719228328e-01
1.558837235162755519e-01
-5.480897240652304880e-02
-2.899298821061224718e-01
-4.255887722128348649e-01
-3.395106080409318050e-01
7.611889722487990184e+01
-8.263039818943875847e-01
-4.197612057448438794e-01
-8.986413576741556497e-01
-4.085315767055310854e-01
3.579835060420448745e-01
-7.707664452601237226e-01
5.612509618704859538e-01
4.594876115015067430e-01
-6.733038685796133294e-01
-5.820848126762150354e-01
-7.021071910603484678e-01
2.180160439128182581e-01
-4.593451725436310529e-01
7.341172997473616135e+01
-2.176186309029182198e-02
2.944075517491728800e-01
1.039499545956454885e-01
-3.474162293366989118e-02
-3.320617506187069079e-01
4.015942847655615822e-01
8.875501909051044525e-01
-2.781805338010314710e-01
-5.865282486247191951e-01
8.771659597957661703e-01
4.024268062710893989e-01
-6.816285602168612456e-01
-3.552371340222089113e-01
-7.824713801761506993e-01
6.694396010528513852e-01
-6.236971709973901934e-01
7.473845522749007841e+01
3.653395020004965854e-01
3.116567609335736400e-01
2.566985007377786676e-01
-3.903616266342617713e-01
-8.088642386637396875e-01
-5.147930211270241863e-01
-7.982717263749390391e-01
3.641897967056895169e-01
5.269190629846365326e-02
-2.606758658679744212e-01
-7.830680911485987661e-01
-4.948623056624343874e-01
7.731734114405699643e+01
-2.423652130084881229e-01
-5.494743586228207910e-01
-9.359480652943574785e-01
-7.267877920429195449e-01
-5.975399121097089150e-01
9.593149081415952573e-01
1.635691390282354440e-01
-6.134718354176584842e-01
-2.205941095509744709e-01
-4.578420831780998235e-01
-7.903060129230454756e-02
6.220231158290141504e-01
-3.238689034311665882e-01
-5.396537401867722572e-01
7.705486592174028981e-01
-2.967009583167772302e-01
1.509928685323074227e-01
9.485332937409725051e-01
2.819465734250952149e-01
1.777326983183469267e-02
8.177283134541912801e-01
-2.459556190145408827e-01
7.489420857556180522e+01
-8.394908624277017672e-01
-1.760108066237282554e-01
-7.761194744678818758e-01
6.252785337088158091e-01
7.146262406192307459e-01
-1.681511815170637636e-01
-8.064960593823151669e-01
-2.270529378058130376e-01
-6.430377599556234003e-01
8.501485776840846942e-01
-7.316168093394579408e-01
7.289344861972524292e-01
-8.405813557602617170e-01
-4.501592637287821219e-02
-9.093132316121077530e-01
-1.204008950956938495e-01
7.708965190831990810e+01
7.522544950447155543e+01
6.026407277699508125e-01
-3.409873343889409103e-01
1.809626821071301794e-01
7.146946593391814151e-01
-2.695982920695649820e-01
-5.064748615264207388e-01
-1.772608425416342115e-01
-3.659157393169802930e-01
-6.928580467080625027e-01
9.272588371297210141e-01
6.508906862092600498e-02
-9.343920661073747969e-01
-5.409986225747560606e-01
-8.258666389571709399e-01
6.836918681471915171e-02
6.936866927922344939e-01
-7.066449658529894151e-02
2.337045300408233661e-01
6.483291239533703898e-01
4.640034344639816233e-01
-6.594496421722952917e-01
2.029853464571980126e-01
-8.196983487881861485e-01
-6.063256310958942130e-01
9.035272965043956717e-01
4.172737815601490485e-01
2.569368396326967563e-01
-8.364437223522755982e-01
2.860058464824266622e-01
9.389578804120002342e-01
9.807043163860953428e-01
6.389578828119504283e-01
7.452401388008894401e+01
-2.477903166064661100e-01
4.067974192390102495e-01
-9.231075327582494161e-01
5.184073956785901771e-01
-7.406198079375210241e-01
5.999006167709275417e-01
7.358568072736996157e+01
8.540599964134103494e-01
9.966668938832243807e-01
3.579592153537940469e-01
-9.681601565758957140e-01
-7.932881727354410550e-01
-1.840277916393053825e-01
-5.955094499160138444e-01
-9.634540777429845271e-01
1.417164838161442120e-01
-9.701138332501142436e-01
5.904919654307598798e-01
-4.438733819610287679e-01
7.757619131240733878e-01
3.478802234026183715e-01
-5.895565891538050440e-01
9.259710285861211254e-02
8.070422946810009712e-01
6.078435908220407580e-01
4.240892416936516973e-01
-3.276340324674056337e-01
1.876128762077651224e-01
1.921427269781363911e-01
-6.456113175753890321e-01
-5.503457131807638625e-01
8.082318926378473378e-01
-5.582723804872822271e-01
-7.615316521274622108e-01
-8.607282487571121798e-02
-6.832264250242561232e-01
-8.941115912551000910e-01
6.527952551796729619e-01
7.493297851475517746e+01
-8.297409850816217514e-01
6.767778588977295673e-01
7.564371424538149924e-01
-9.918743246428720628e-01
6.846482835845977277e-01
-8.063693154790343431e-01
3.330051289990894059e-01
-1.483745383024182019e-01
-5.359348084576209814e-01
7.489599626184831038e+01
1.042383339269703502e-01
-4.306392361782982459e-01
-1.346608554424373327e-01
-8.387951679181744336e-01
9.984530139533589477e-01
-6.813630405086068542e-01
-3.739026538654930398e-01
1.302222358879914221e-01
6.612502093563870087e-01
-6.961762141420133609e-01
6.050394382292947348e-01
8.600025028341908850e-01
8.640665783040617498e-01
-7.092217782400713766e-01
1.481392493769972951e-02
3.521744229561796224e-01
-7.734425381620602113e-01
1.049136790359668225e-01
-1.490801078913370770e-01
9.427940402842396317e-01
-8.988647411175305635e-01
3.801607163619769025e-03
4.415996118497873546e-01
3.639307456083573644e-01
7.527641688538355424e+01
5.711101292017839448e-02
4.393521772685158311e-01
2.121131732078709309e-01
-4.207034572801637839e-01
1.317052348067297984e-01
-5.288436346018139389e-01
-8.896912861373993398e-01
7.240840279407485536e-01
-6.250664570463477787e-01
-8.770199289980862289e-01
-4.846102878729530161e-02
