7.344739388667309754e+01
1.780078855390625492e-01
-9.905176544456266718e-01
-4.543553251910903423e-01
-1.570202160614480036e-01
-9.545091597423740470e-01
7.620203382554400662e+01
-2.764170176602709361e-02
7.622153659993535779e-01
-2.045787412917476900e-02
-1.526777119534037386e-01
-1.505286244546144570e-01
6.103350159312292966e-02
4.638783027093926759e-01
-6.985540048562293158e-01
3.342339999065369049e-02
1.453783626056650569e-01
3.895067193467711686e-01
7.508177454098526482e+01
5.609427642579256634e-02
5.360647657326356175e-01
7.519513194314846327e-01
8.247007808213235869e-01
7.455372987718992306e+01
-8.623141392161373098e-01
5.712509457852985584e-01
2.337347684374486700e-01
8.446710875418450559e-01
9.050075038139040462e-01
3.216383505209470250e-01
-9.891751013900029754e-02
7.507565873337114226e+01
-4.680463519238977632e-01
9.174250968021424590e-02
7.242628764655549833e-01
-3.621151295928835001e-01
4.969834763300902125e-01
-4.254540931275354598e-01
-8.043267443369721548e-01
-3.581733276949026212e-01
9.919355326358390013e-01
2.907070699481240084e-01
-7.670656719022286296e-01
5.530963243337396751e-01
-9.809036757347389113e-02
-3.029296683110891397e-01
-4.885102329475279337e-01
7.270462587948460786e-01
3.409095916229845091e-01
8.080331882149585088e-01
-6.557602682266527871e-01
-3.182218112331751669e-01
2.058239302912354685e-01
6.752806808409823613e-01
6.654752802177086313e-01
8.046971025432214653e-01
2.026636851500078773e-01
7.747688765618350182e-01
-2.566712762523000180e-01
4.680683561988125962e-01
-1.143876439279580826e-01
-3.420405899495546631e-01
2.259032860250407282e-01
-5.629988220635018248e-01
2.859503503850284734e-01
-7.667205451764416146e-01
1.242500527675143296e-01
9.738629905161912959e-01
6.237958805558920794e-01
-5.835663889934907811e-01
1.486571576044837251e-02
-6.540089722516637671e-01
8.580943825357929544e-01
2.067470007689371503e-01
4.887441589139016607e-01
-1.494833374177422236e-01
-6.339997226599654034e-01
-2.024881879381834615e-02
-1.906878395461255593e-01
-9.073366555252622145e-01
6.336186144887958616e-01
4.627211970691562648e-01
-2.322252973516061303e-01
6.823539398553162272e-01
5.479505056407871777e-01
-8.512181555271010058e-01
-9.230923294314310468e-01
-4.331060760070681859e-01
-4.153438164328706605e-01
5.206163707105213589e-01
-8.387937516405850058e-01
4.558643468147218769e-01
7.578884225255215767e+01
-1.727208035669098862e-01
6.268717898538440636e-01
-1.118267742679486254e-01
-1.747171150939268447e-01
8.591655296548825760e-01
-8.622779123855417449e-01
-6.644921873707843041e-02
9.264576116424563246e-01
-6.595927187251005019e-01
-7.495860049610738596e-01
6.717430838793960746e-01
-5.463038269272855185e-01
5.925539544854969698e-01
3.852865207715554519e-01
9.660872157543605176e-01
4.391169604291673689e-01
-3.719615540396139508e-01
2.753246246977307798e-01
7.173352895884952396e-01
1.258170164255243417e-01
-8.088877720084084455e-01
-5.999874292512696883e-02
1.054734610767846803e-01
-2.382996601346569765e-01
-5.412925144385016818e-01
-5.736290391495686425e-01
8.143948213251872570e-01
5.212137813266197739e-01
-5.227661492268926846e-01
-7.641117192533182223e-01
1.640305346394113073e-01
7.080089955363246812e-01
-3.469142787402281769e-01
2.492157319847962960e-01
6.631236144863217330e-01
-5.018475211807822411e-01
-3.949371782826238686e-01
2.846682010094914173e-01
5.793583028946125424e-01
-9.447602189695636365e-01
4.082710068474788567e-01
1.644211623947009482e-01
8.564213292369589059e-01
-7.943267853501494447e-01
-1.176127817749448301e-01
7.501249055568230517e+01
-8.886291628689877431e-01
-4.631036411559117383e-01
-7.085974463938489176e-01
3.935891997910758722e-01
-4.275817204080809564e-01
6.325427478874390275e-02
-5.713486554011151242e-01
-7.200249826973554867e-01
-4.087096777582690521e-01
6.888743147081981544e-01
7.967905210606927024e-01
9.651695954783947595e-01
8.887784800030780197e-01
3.007869318121967339e-01
7.448815245332481538e+01
7.368750742963439393e+01
3.299959651413266748e-01
-5.260268694710370507e-01
2.995760885363059067e-01
-3.674564022682935693e-01
3.506563066894825553e-01
-6.737062521840246898e-01
8.078981246543681660e-01
1.130370081057663345e-01
5.173148317569165044e-01
9.131561719181395809e-01
5.545156491336882265e-01
-5.993383254860049636e-01
-9.793984459232982775e-01
1.670112344569010254e-01
-2.307591475043464513e-01
8.495158857451414747e-01
7.173008260461870567e-01
-6.486023864449448340e-01
4.978075045711678470e-01
4.003791652073327434e-01
4.576768434293838617e-01
-5.521432895249509532e-01
6.814213712043004634e-02
-1.143820936106114683e-01
-1.336628310778611439e-01
5.833197527891296197e-01
-8.404007354211469050e-01
1.822095061742889932e-01
5.246884637291975295e-01
-6.003451781244963925e-01
2.615033837455507104e-01
-3.343766069057980683e-01
-5.411510189040849017e-01
-4.247452785350236404e-01
-5.880789708740274957e-01
5.350143852431128444e-01
3.639101127909889488e-01
-3.248525703315934265e-01
7.721367013204221053e+01
-9.540266908830972170e-01
8.408313280502341946e-01
1.828965420465371583e-01
8.227055645261653893e-01
-8.609178791328959690e-01
8.184818696185884868e-01
-1.287188942787633739e-01
7.410577705197491927e-01
-5.095409595184154927e-01
3.403161739656452855e-01
6.499379166302290400e-01
-3.667179768580057786e-01
-3.779902134098942490e-01
2.775443491879212576e-01
4.905141212583883359e-01
4.865605812124007556e-02
-8.880285184730969394e-01
7.546375733546106801e-02
1.228079549476552845e-01
9.850011954477433385e-01
3.329121666618524156e-01
-3.109579146110206249e-01
5.584392976059517899e-01
9.890983174108354259e-01
5.598331991963512166e-02
8.323611550038647611e-01
8.651140671783463798e-01
7.564153421759233709e+01
4.669782992889046636e-01
1.077178725741771981e-01
8.619463989603357579e-01
1.305469291270193732e-01
-6.560832723047536064e-01
-5.546470285486475582e-01
-9.784630593640113450e-01
-6.304514188976917399e-01
-1.045364737938010435e-01
-5.304356013560622696e-01
-7.611421969426890310e-01
5.030707775072003063e-01
3.427093922576176510e-01
4.379492516691543269e-01
-7.405635177440643702e-01
-1.597813257242695073e-01
4.701037893632920017e-02
-1.761863695012664266e-01
9.130039700055825325e-01
-4.337796300736531663e-01
-5.902917639751525947e-02
-8.455943806090004955e-01
-1.219054850139900115e-01
-7.409910131703405511e-01
-6.648748635490460135e-01
7.439534305907416467e+01
1.661381493030109624e-01
-9.407358477566274413e-01
-9.118025797009701172e-01
-4.287272494121177058e-01
9.452747960909761993e-01
5.882837295176019943e-01
2.042960190031448686e-01
-9.908783394780209530e-01
7.372239871840075409e+01
-4.274351793481343531e-01
-6.220676488911198732e-01
-1.587016030652521614e-02
3.446991788277053992e-02
-6.374749306562028650e-01
-9.527666680988320369e-01
-1.941787110910477843e-01
-6.107161962326999038e-01
