-2.644600940445740456e-01
-9.412414861022941892e-01
1.541814646489070295e-01
4.235346482363104847e-01
5.914517053613268516e-01
4.586935154862421538e-01
6.917513972877320505e-01
3.607284731655058252e-03
-5.256664867141569442e-01
7.486489113028464981e-01
8.383961000440920408e-02
-6.968145055942884802e-01
4.831457012249407157e-02
6.924660880864290657e-01
-5.586494991492931828e-01
9.349107593068552990e-01
-7.005892523749279732e-02
6.821516744967179857e-01
-9.727577759598811102e-01
2.993857355148741295e-01
-9.538200476512450621e-01
-1.120326669779474482e-01
5.230871673254533505e-01
-9.050514041264390297e-01
4.863027422861976312e-02
-7.633011151441593256e-02
-6.849396631160251658e-01
1.910706122026613052e-01
-5.656582075373997043e-01
-1.237939268485703792e-01
7.285572334508185754e-01
6.320853245455846370e-01
-9.174139245161869738e-01
-2.549289172596003183e-02
9.042756245373517743e-02
3.892235680783200369e-01
-1.611247333208576382e-01
3.419026912483864589e-01
8.858841283846610182e-01
3.228803401940014695e-01
8.406747601502622125e-01
-4.943628368090575709e-01
-7.959170514374647176e-02
-1.361304006890395879e-01
7.746968025626257415e-01
7.016901176916707783e-01
7.333502785504528720e-01
8.165747162334500153e-01
-2.501320771996882186e-01
1.483329588638127028e-02
-6.932934079750661116e-01
8.181502003945466672e-01
3.201124975367135583e-01
-4.385520950511954119e-01
-2.038370717951352162e-01
-1.735467333011717628e-01
1.907857883011416789e-01
6.413365767573104836e-01
5.272772138306245360e-01
2.485374835927942616e-01
-2.063241272761331402e-01
-3.453269970662469213e-01
-9.879343963261753014e-01
6.682810873972555576e-02
1.819537575328289414e-01
-9.920531719928773473e-01
-4.598429864410746859e-02
6.647289549993216085e-01
-7.172492891443640328e-01
4.905895854625084151e-01
2.154126809433565271e-01
-1.750845497451698485e-01
-9.456758660691375606e-01
-4.938178827481982669e-01
-4.723140876471818572e-01
2.585576760322356726e-01
7.365101023316971141e-01
5.803092611331452932e-01
-3.270911289568307900e-01
3.385599784399095924e-02
-1.350200938147703145e-01
-9.122230081647930700e-01
-5.234147710312149204e-01
-6.513155414689149048e-01
-9.318964010404380272e-01
6.060496529650682973e-01
4.471521076869673372e-01
-6.079202833957146890e-01
-2.680898383589522815e-01
-8.472315436460717830e-01
-9.809856494866651122e-01
-5.577160398456215695e-02
4.039934299406648943e-01
7.334429907027024687e-01
8.965425878112429636e-01
3.769622537029311271e-01
-7.276635894385135028e-01
-8.788532892128935181e-01
2.107323865433099463e-01
-5.187555138789434750e-01
-6.427939437380978394e-01
9.079393896481586790e-01
-8.829701345806779678e-01
-2.310240450386782385e-01
-5.085026498939706485e-01
4.427788301548341021e-01
1.019180189563151373e-04
7.099342874091969513e-01
5.935872174710219440e-01
-1.081277418917598876e-01
-8.803849240111194518e-01
-3.832330877025436067e-01
1.264029082200348597e-01
-1.577624776062800382e-01
9.028309689362687962e-01
-5.217338323738185402e-02
8.982613443831228839e-01
2.431537924886211233e-01
-5.235792432185175649e-01
6.123277901200250284e-01
8.963725896618957023e-01
-6.956690400694665044e-01
8.426237219054946159e-01
-1.784094856507638660e-01
7.397634246420703441e-02
9.793826282675457406e-01
-8.776720919223470752e-01
-9.804443196874768063e-01
-3.643428058293221028e-01
6.202316984674209888e-01
3.176833093052977564e-01
6.603503983159855206e-01
-4.249803620169361196e-01
2.966450016291408698e-01
9.961493626306254789e-01
3.834525710437708401e-01
9.817638817516372018e-01
-6.465554226638632329e-01
-3.634062847568360066e-01
1.139258612623130773e-01
-5.816771158266824671e-01
9.996885125952097439e-01
-5.335403504866924607e-01
-7.510994964970203469e-01
-4.874998662220024759e-01
3.168170022098950600e-01
7.563150470943040826e-01
9.208562333584955351e-01
-5.441633844825299882e-01
-6.930532143322962746e-01
-2.014639352794624916e-01
4.277637079162577294e-02
-7.317260118081909681e-01
4.848956678606453075e-02
7.143420938238560502e-01
5.514098829082958453e-01
-1.015913211978105579e-01
-6.624824418645975932e-01
-3.275225867479816255e-01
-5.270935598065984440e-01
-4.571984289309680705e-01
4.069235135186568542e-01
-9.889569065207901577e-01
-2.416347792980411135e-01
-7.876494691954454286e-01
7.826389972384302229e-01
-4.017232967064250371e-01
-2.595673021936306668e-03
-9.635975048347444893e-01
-7.814558975823704401e-01
-6.161784106351471113e-01
-5.282072450870720637e-01
-2.413216238437234651e-01
7.292183687646700552e-01
-1.136764984638871656e-01
6.325660118698956946e-01
-6.378035492271960649e-01
-3.611453963353477015e-01
8.425060005866287227e-01
4.786815619218174334e-01
9.864154133256404222e-01
-9.328598565905605877e-01
6.253481388223587345e-01
5.644994314501461385e-01
-5.830429071833143073e-01
-2.070017975916220720e-01
7.984427305829386867e-01
4.954248328423453973e-01
-3.312954827093379517e-01
8.559451747982258496e-01
-5.158278074968976057e-01
-7.780563627275860483e-02
9.130241118893298591e-01
6.438886743509053545e-02
9.903001065682666137e-01
1.886950073778534964e-01
3.340282112244072898e-01
9.347093990397736807e-01
8.295546264562345673e-01
3.343954888688305260e-02
3.470845361254815131e-01
7.991317345273627470e-01
-8.270062041128998231e-01
-7.853261832322595559e-01
2.892022211543372467e-01
-9.476837282599166468e-01
-5.569545656213454876e-01
1.695676128608658573e-03
4.693893535142847906e-01
9.097481683621919668e-01
3.774421114569543878e-01
5.535720433571664767e-01
-7.888132853323572835e-01
5.380424256544871220e-01
-2.845528962637617898e-01
1.895277171348641598e-01
7.887064118698927651e-02
1.257813175386313098e-02
1.055393233427555089e-01
2.707540383703250786e-01
-8.963116066988556785e-01
8.555059851675788085e-01
-8.668106041408485396e-02
4.327647953989117724e-01
9.164133743953069011e-01
-9.056689224156921902e-01
-6.264182503430881788e-02
6.376098975105266575e-01
4.009328745924412019e-03
-2.431237657701306176e-01
1.754470348736787422e-01
7.152064788917642524e-01
2.196440606956850949e-02
-3.262199410219031037e-01
7.105265196381904680e-01
6.982107140599382866e-01
-2.119016200543082373e-01
-4.618732435957786375e-01
1.337906017964574090e-01
9.455598086578025363e-01
3.636196076054727389e-01
-6.549099183442999017e-01
-4.659602089252012913e-01
7.550059479442094990e-01
2.649753068411904167e-01
-8.405911516918109783e-01
4.444242986915472038e-01
-4.087124862393791691e-01
-5.231484377174908662e-01
-3.998483034974236183e-01
-2.775374999859305802e-01
-5.509639583337777591e-01
-7.597463275861378040e-01
-3.961465639962993279e-01
-5.862644309623732397e-01
3.398717037581473477e-01
6.115317388919121466e-01
-7.750025481261224591e-02
-9.794929360017456954e-01
8.166326046671679162e-01
-3.528053192831499540e-01
-1.480742406450907822e-01
-4.952493988976609529e-01
-2.025559820923259480e-01
8.283275574737651858e-01
