-7.153056336202399113e-01
3.988826134146561397e-01
4.940232915762454713e-01
-6.004714326966702487e-01
-8.499367003396354203e-01
5.253077676264770179e-01
7.827855997576764757e-01
7.773064223495802594e+01
-4.352593763325840470e-02
7.557606187973624401e+01
2.091390669605175390e-04
6.145532538487894492e-01
5.362565955423925779e-02
8.004952030036949218e-02
9.881744246715078450e-01
2.231024816642275255e-01
-2.366429241027709907e-01
1.086867341183834768e-01
-5.400821736430656550e-01
1.957213826776091903e-01
5.462886081697351237e-01
8.965570863799674495e-01
-6.425733932492601053e-01
-3.601025452937320903e-01
-9.245707917334433645e-02
7.070731216005730069e-01
2.347873534867304102e-01
1.026684338170325006e-01
7.568376806858692873e+01
-4.391255288436410886e-01
2.004445353798589569e-01
1.291030289688284149e-01
5.552919250502652559e-02
-9.649242334104377594e-01
2.097906423641697771e-01
-2.244018768866444802e-01
6.424500557374948073e-01
9.949312631274365160e-02
4.312557507391927558e-01
5.820814714606989959e-01
8.496230432630362817e-01
-8.825170979529295412e-01
-1.749568491535646864e-01
7.999827346625352220e-01
5.797068439355279601e-01
9.898569435020587726e-01
-8.051082275760759188e-01
9.488173290321384457e-01
-4.763390910882046025e-01
-4.315087143646434420e-01
-1.606257950334679663e-01
-1.172570633213299018e-02
2.577865977000257658e-01
-5.461641446228453489e-01
-6.830156783129432974e-01
-3.333455539528822342e-01
7.541370842179672707e+01
9.655009551568876081e-01
6.557672842757122922e-02
-9.763541657905630000e-01
3.928550631451721564e-01
1.463567556752798371e-01
5.994335547867690739e-01
-1.483395256663109230e-01
-8.705501381611946421e-01
-8.899833176330174123e-01
-9.122836458355165767e-01
-4.474859688723586970e-01
-3.427151198245335095e-01
-7.843891991926770224e-01
8.259570527279209706e-01
-6.483483797594282727e-01
-4.372057838246790062e-01
9.244833483553538400e-01
2.790321913913127450e-01
2.239286526578949665e-01
-6.379888600732710469e-01
5.032942249997884865e-02
9.732485176807219585e-01
6.536816009192072396e-01
4.823774047519713282e-01
5.753897082426671084e-01
-4.194589737567009369e-01
6.552330305570364111e-02
7.663329153766196278e-01
3.940543088842318742e-01
7.075085333678599042e-02
-3.428297485015656676e-01
-9.208906328900041682e-01
6.947420111611832816e-01
-6.328565352394897037e-01
-7.578625008592061452e-01
2.620099271350371239e-01
7.393984182752606493e-01
-7.090174557071704520e-02
-1.541998206673762528e-01
4.059369597978819133e-01
2.650704585129337598e-01
-6.319041084952967680e-01
9.028098382688298784e-01
-6.017676375125720067e-01
-9.744985157309720147e-01
-4.897292411964657699e-01
8.807930387642832759e-01
7.204006052583602493e-01
6.533084514115594654e-01
-8.131416389417833734e-02
3.164592484713619758e-01
7.628301224965146066e-01
7.593658190592076096e+01
5.732726164023305149e-01
-4.199692526773397550e-01
-5.935835018598853985e-01
-1.422842337761616172e-01
-3.989856207343109862e-01
-9.020119399195976051e-01
-5.971289112179627434e-01
7.271875207716562706e-01
-7.952604398256437612e-01
3.127149580630748105e-01
-2.949142449645212327e-01
9.972864772981420156e-01
-8.247609317128627993e-01
9.775086690900069986e-01
1.779878446587501717e-01
3.007366150406440841e-01
-3.592438041947347838e-01
-5.379936689268287608e-01
-7.543856697166364533e-01
2.727491122574299265e-01
-3.419618766668228727e-01
-3.198560382500037491e-01
-1.063763990871089415e-01
9.618986599440595420e-01
-6.537263270706783480e-02
-6.122358334248734213e-01
4.313825311143570929e-01
5.246998148079191626e-01
5.185536946087454524e-01
4.451452786779408477e-02
-5.833129084081751792e-01
5.492033709087353888e-01
8.724952924780919883e-01
2.409942751677112138e-01
7.374043038841026032e+01
-8.438063351325371109e-01
3.028917452824140266e-01
3.619490091746508931e-01
-4.278507387396794925e-01
6.528271324536945031e-01
-4.310203271173989048e-01
-3.508835956974409864e-01
-3.885886175497310635e-01
-2.289780677266706199e-01
-7.737533900850475099e-01
-1.449738356016845309e-01
-8.302155264530139966e-01
-7.932845850540124477e-01
9.819242070468605643e-01
-9.738682792696797819e-01
1.501708178508616154e-01
1.973554813313178613e-01
-9.995856809605065951e-01
9.261773878620302991e-01
7.474340362749310884e+01
7.290381290236143119e-01
-1.335221879393084787e-01
3.805260331590099021e-01
3.812918937200593383e-02
4.226981858393634717e-01
-7.100011015688403315e-01
7.459785221508764153e+01
2.757216532513409035e-01
-2.531158449647852304e-01
-5.493344429825959274e-01
1.569247931077533131e-02
5.953218639642434695e-01
-5.337887693195741967e-02
6.493677203096956951e-01
7.427620910836959922e+01
-3.444455975485605226e-01
7.133863400350897166e-01
-2.873396442182392096e-01
-6.840035682439276066e-01
5.459306262297225487e-02
-1.397579400677759764e-01
-6.499116503478514772e-01
2.940687474149550340e-02
-7.653625181171408443e-01
-9.217768684693572467e-02
3.097166463717611062e-01
3.106969344569487923e-02
9.478361814713480715e-01
-2.318704231995740717e-01
-6.678649437164807523e-01
7.591422226680919039e+01
6.832313870457453753e-01
-9.761684395305703088e-01
3.503076287386348575e-01
4.390376252151233505e-01
7.346578368398601810e+01
-3.044459901252558609e-01
-1.262327803748179988e-01
8.186466633695510531e-02
-6.571502761388485769e-01
-2.161943031836286444e-01
5.777285414038793032e-01
8.479626650512628316e-02
7.833392019255753791e-01
7.449038366774128406e+01
3.105582108133255748e-01
1.137154347439233160e-01
3.575432169023178286e-01
-3.520639759702794969e-01
-1.767936110158616625e-01
-4.169756612192889733e-01
-3.405098557373562596e-01
-4.093736230548112864e-01
1.102981192553664780e-01
3.279044833513675705e-01
-8.524067667615342625e-01
3.791492759029009285e-01
-4.891197018230180049e-01
5.428460047856344950e-01
-3.804711083446519204e-01
-1.797609822355024090e-01
7.290492806009862647e+01
-5.718151142432972289e-01
6.932580889676949187e-01
7.854744632693899664e-01
-5.071433673466709813e-01
7.606033617774204458e+01
7.724192400243405920e-01
5.406522313921571232e-01
-6.772405333817139717e-01
-6.732985194300924459e-01
-3.334433367232805256e-01
7.091153286129583400e-01
6.982784609833083689e-01
9.786621912049291439e-01
-7.724323681323075341e-02
7.354045064923936081e+01
2.706549308808212650e-01
-9.820607536993317677e-01
9.889148230432216469e-01
3.788232765286538850e-01
-9.683684297737795710e-01
-5.664358494016625833e-01
-3.239613023280358828e-01
7.551780071076916556e+01
9.185752656721681841e-01
6.646071687854782084e-01
7.437009919343255149e+01
7.650291890517414117e+01
6.156513130540541834e-01
-2.463678587618940430e-01
4.507784466409572310e-01
-6.797567216363362697e-01
-6.474136564027348495e-01
2.418445983871928551e-01
4.348487149446917943e-01
7.156591545982879943e-01
-8.911806109323143765e-01
2.738393666720855268e-01
-3.365515313214295645e-02
