-9.027788405027543650e-01
6.926839405520732740e-01
7.019314521140211927e-01
7.210420822383833972e-02
-8.004290664508519892e-01
-9.750836824938269309e-02
-7.169064960428790378e-01
7.180194009808176236e-01
-9.830521861119252414e-01
-4.546565191615661305e-01
1.897705945868632949e-01
1.631470998574928721e-01
5.028796845768728208e-01
-7.228598026249586361e-01
-8.819774403147255804e-01
8.810751084511836417e-02
5.062725779088905753e-02
7.530505517256922587e+01
-2.914594416473521576e-01
6.291495446076358355e-01
-1.285429750727995479e-01
-7.811342493381516761e-01
9.116761881577351012e-01
-4.914720072340206247e-01
9.890003316328819238e-01
6.216010217721701370e-01
-7.286200713192410028e-01
2.083405089581991110e-01
-4.032115452564535296e-01
-4.785183243507253881e-01
5.067876782158005078e-01
3.496289428176184710e-01
4.948875506059500218e-01
3.248279806566733985e-01
-4.544020510135284852e-01
2.191857511236019462e-01
-4.371614348122521143e-02
6.539126190290542873e-01
7.587214530673837487e+01
7.412685976391951215e+01
-2.232807397881131362e-01
4.458803908937079008e-01
-8.716041314434692655e-01
-2.821581837758957434e-01
4.186612006816943232e-01
5.102838228406756382e-01
8.731705574805530556e-01
7.447919210936140644e+01
8.281382937501020614e-01
7.624668244169434672e-01
-7.521835784219212950e-01
3.573989530746191079e-01
9.379453912326516374e-01
-6.431454373172293959e-01
7.135572095467659359e-01
-2.997045758741869736e-01
7.587776839527970996e-01
-3.377729188839007080e-02
-7.045705273521660761e-01
-4.802481228954502690e-01
4.172079881228138998e-01
-7.428093727910067834e-01
5.334156620743337740e-01
5.576820013284922162e-01
-5.253404602097178078e-02
-5.040534483692087342e-01
6.962006231138098133e-01
2.721480297712404184e-01
9.705635866859554373e-01
-5.366853913076876648e-01
-1.451183097380170928e-01
6.589174583024006715e-01
-2.308309843743077128e-01
8.690377621579215006e-01
-7.372208038380017037e-01
-4.318089936700120202e-01
9.696580426648460094e-01
-3.087061956740166924e-01
-1.714213299861342410e-01
9.287961513390550206e-01
3.913148216159378912e-02
-5.799911352640219064e-01
1.162548980763082884e-01
7.325429864239727351e+01
-3.213797162557476828e-01
7.109280563672524256e-01
-7.508744081513998303e-01
-8.365496554834088716e-01
-1.613708980223615974e-01
6.863312879867600191e-01
-1.899365181204926145e-02
-6.745580668925084122e-01
-9.576002635390674644e-01
7.041308765884894960e-01
5.806542773019462977e-01
-6.921435485879607885e-01
-9.880418040261544910e-01
2.451160596872496988e-01
7.530940620828648946e+01
7.500019188386188773e+01
1.122551529961048900e-01
7.583472212195734130e+01
-8.238007588341571541e-01
2.541395553942393803e-01
2.306286093181408869e-01
-1.598736930890585217e-01
-1.427361915578728713e-02
-4.288529054778598137e-01
8.376296427782958798e-01
2.536066005214461239e-01
-6.359132032799867940e-01
-9.204953533624777862e-01
3.275661139629360008e-02
-4.035183403858992879e-01
6.881763917606447123e-01
-1.814870631318963312e-01
7.397314745405827807e+01
-1.141739882936219086e-01
1.509402587263673468e+02
2.006673693356131327e-01
6.133902240753652535e-01
-6.857587728407468219e-01
8.110788742383983063e-01
7.605045079751728565e+01
7.569809052742468225e+01
-8.968222587585554795e-01
7.474967734027566735e+01
5.201963064883941001e-01
1.036626949369321427e-01
-5.587543501339540253e-01
8.775011410004665002e-01
4.921793852184346285e-01
-4.285222788135942817e-01
9.455537327668304126e-01
-7.155916686720753539e-02
8.128661440953588446e-02
-5.673618253736969486e-01
4.542982936305046682e-01
2.109753965286822464e-01
4.399652436883303430e-01
7.699529074833950659e-01
-1.756174193796644634e-01
-9.051908091410230117e-01
-9.078219339778119679e-01
5.408711805261250394e-01
7.421179342842746962e+01
-9.574706576241986955e-01
4.753403008707941524e-01
-5.642789614690091327e-01
7.441156761538854880e+01
3.751016497780288450e-01
-4.251988939693014391e-01
-2.979379773223440608e-01
9.508644317653904832e-01
-2.646462365168744668e-01
4.199437260103220382e-01
9.603755012270680513e-01
-1.591157131183875695e-01
8.617670722626116220e-01
-1.662617505654380157e-01
9.482398230353519253e-01
9.287585217469815912e-01
2.416943982035255623e-01
7.570205281539200826e+01
9.374329303166604177e-01
5.583829697048674490e-01
-8.213904427476195202e-01
5.131242892116629761e-01
7.606066540236477991e-01
-8.908337574509905821e-02
5.160098084664037632e-01
-9.195149889704095081e-01
-5.977274351437320554e-01
7.515184257673028867e+01
2.649893672965413227e-01
2.682968726814225491e-01
8.082881358406668326e-01
-4.055527855435361317e-01
7.346994008246579000e-01
-9.932524869553649438e-01
-3.905383769975354635e-01
3.018223199805925017e-01
4.652567543618981727e-01
9.944341164287107127e-02
3.539457444855218515e-01
-6.577634373130816225e-01
-2.704534075312181596e-01
-5.364771921427438084e-01
5.995379015407107381e-01
2.716790408376603683e-01
-9.032909488294249556e-01
-7.918274093889099419e-02
-6.855864475520989654e-01
-5.963425516972760132e-01
-4.965849523511678409e-01
4.054690244326490944e-01
-1.454104222236658472e-01
-9.772010959649679585e-02
-7.987636079579054638e-01
-2.817734495894956837e-01
-5.845324402746860937e-01
8.685282619550913630e-01
7.828714640781517797e-01
-3.664557752429236093e-01
-9.771852928229063373e-02
-4.197478791104993778e-01
7.631541196594928067e+01
8.517125157528664392e-01
7.779591964396557202e-01
-7.233170320289497024e-01
1.428500163453561012e-01
-2.001269215966119397e-01
7.692685182200092697e+01
1.091384364869842916e-01
9.293733653387736826e-01
-7.124768485919608096e-01
1.074659144949752232e-02
-7.275856720313584880e-01
7.668572991032978070e-01
-4.217440113918491384e-01
2.244278174796772163e-01
-8.250222695643441018e-01
-4.925381530443102562e-01
7.636254372371689669e+01
1.047895912247298611e-03
1.500516632809014705e-01
-7.785755581485307442e-01
-5.138954347868929240e-02
9.335454562844216486e-01
7.617643301968908531e+01
5.315201935738211869e-01
7.761271882358717278e+01
6.178539312004847073e-01
6.194350145237801364e-01
7.440119244741588034e+01
-6.029599031344834437e-01
-3.745785501773175596e-01
8.036766845139295956e-01
8.080495637735538583e-01
6.345225574664061785e-01
1.392709886239384964e-02
7.563454581256333142e+01
-7.868927781420265166e-01
8.934119588059252770e-02
-9.867427824106580481e-01
-9.056725258223916608e-01
-3.807415292742373225e-01
-1.587254148678562959e-01
1.501926846705126106e-01
1.391974325989462358e-01
-7.616989669656146766e-01
-6.612181150837470600e-01
9.372210696507548011e-01
5.404314851601843550e-02
-8.354846303770278038e-01
7.063750070091070477e-01
5.110139844714933766e-01
6.252211019436848538e-02
-7.398576903997451382e-01
7.354941111292433220e+01
5.262969004305504406e-01
3.938734225388869081e-01
-7.271618627356739584e-01
-8.478271699336703549e-02
-1.219345520022441232e-01
