9.910640769834633268e-01
4.437501508562313735e-01
-4.040339839396964727e-01
-5.849811504454223154e-01
-7.345384100132705818e-01
-4.885049532376892767e-01
-1.454650248273829938e-01
6.758555760898343756e-01
4.184509055563281343e-01
1.320496751060014073e-01
-2.899344818321110129e-01
6.671045220150895183e-02
-7.048197910605618066e-01
3.548880349844536486e-01
6.655101835753218786e-02
8.563399813424081852e-01
-6.892088507950688836e-02
-8.947015779908311650e-01
3.691552068707646406e-01
-7.590333791526961971e-01
7.619865053917613817e-01
9.916609885920490974e-01
3.180014099123891214e-01
-1.324379521109619873e-01
7.772354661213005667e-01
1.492416608488782437e-01
-2.745957735292527957e-01
-5.187949651994256950e-01
3.456666232522009885e-01
7.623044985472577917e-01
8.315118587368308667e-01
-4.060464553315408232e-01
-7.381285299999078564e-01
1.584490238125253470e-01
2.371757431855003873e-01
-3.089074240486042733e-01
8.850090400988144257e-01
8.614607032724326263e-01
6.050344132000131658e-01
5.293995575470133996e-01
-7.869483653182893779e-01
4.132766991809346813e-01
6.881834895453227130e-01
7.079067778312015946e-01
8.105625031981764650e-01
7.521259225957876993e-01
9.693219890596713739e-01
5.576101810178581974e-01
2.768314398821769551e-02
-2.631419432087163113e-01
-3.578885968640024284e-01
-6.812634636246439612e-01
5.235854943495887870e-01
-3.905724700309900488e-01
-4.863007687604998797e-01
7.105069014695668539e-01
2.609918625810134785e-01
-5.087534675076750279e-01
1.784318136751652517e-01
8.732786502935119266e-01
8.765936413880255351e-01
-8.678394605886330382e-02
1.878172166945868415e-01
-1.497420168821967934e-01
-7.328692054170458103e-01
-1.395161854702531290e-01
-9.397535699526786690e-01
4.794567625992089965e-01
-8.673952699313229875e-01
6.160273140709235928e-01
7.949024257776837743e-02
-3.102060752349213857e-01
-9.321095069499014674e-01
2.521237172087091860e-01
-2.681289685604140161e-01
-1.201153470050813077e-01
-4.144737498167885281e-01
3.160905204463462237e-01
-6.373797239645859758e-01
-5.051010164733327201e-02
-6.067115069309945152e-01
-4.216993759466654001e-01
2.303434556098751251e-01
4.109573509133261915e-01
7.414046909511518013e-01
-8.686880098144280637e-01
-4.553132917309632433e-01
1.734629800307732062e-01
1.848542323108643970e-01
-8.897517163997388234e-01
-8.800750306457865157e-01
8.752217666889554604e-01
-2.810926396733783861e-01
-8.562423491277428855e-01
3.324282976117556299e-01
-2.720988698558204355e-01
6.039737364294939237e-01
-2.460154397769982459e-01
-5.434968494953882345e-01
-4.245411012692383856e-01
7.794769401949177556e-01
-8.007981016711362976e-02
-4.622737041194739938e-01
7.547544113294168966e-02
-8.300794145524930112e-01
-9.455120371622149911e-01
-4.250021561631003308e-01
1.616810013543255042e-01
4.189346880719853061e-01
6.756368672460457692e-01
2.397747632951257035e-01
-8.780451936937083701e-01
3.895846076464892782e-02
-1.307318207534797772e-01
-1.582001322219728223e-01
-5.861505341980175476e-01
-7.918859746737527683e-01
4.419809291953296082e-01
6.696402320884504711e-01
1.299655800921788451e-01
-3.195461057981510145e-01
-7.134130967868546058e-02
-3.194167373281469047e-01
-2.693200039570884385e-01
8.572807875487766793e-01
-5.022704919824771963e-01
8.224377089966108390e-01
4.941267317888069499e-01
-4.213176660816084773e-01
-1.135845744532935075e-01
-2.992640413041862679e-01
-8.276676702794549811e-01
1.844663386203162503e-01
6.319790798825442035e-01
-5.577049813078496232e-01
