
0 70.748431 48.610364 18.19482
1 76.424069 48.55294 17.489317
2 70.748431 51.761233 17.551818
3 70.748431 54.616732 14.550799
4 70.893676 53.578361 17.325463
5 73.567391 59.68232 13.888754
6 81.226479 58.750691 12.582757
7 76.303463 54.73051 17.858696
8 76.820866 56.057174 14.016608
9 76.652422 56.010364 11.446806
10 76.296208 54.749326 14.888653
11 76.296208 59.529443 11.533668
12 76.296208 60.320211 7.096433
13 70.690309 60.579293 5.794296
14 70.690309 57.245404 11.185457
15 76.4791 59.74671 9.617565
16 76.4791 59.233675 13.571298
17 76.4791 59.372869 7.86609
18 73.915363 57.868792 10.507837
19 73.915363 58.82571 8.948793