-6.482454972469948729e-01
3.251946610396945214e-01
-8.971639774026312075e-01
-2.566273286447833257e-01
3.473487024151267200e-02
-9.505289646548098492e-01
2.812282161196912877e-01
-6.647666998371026814e-02
9.612478742526471276e-01
-3.242021115819009314e-01
-3.353597404314947461e-01
8.166881638608913807e-01
7.179327672162960639e-01
-5.041003863141968466e-02
2.662385696058056084e-01
-2.424818330497928720e-01
-2.033325551337052950e-01
9.269093646893091787e-01
-5.286723672191877554e-01
-8.896299386071089277e-01
-1.280317670763766458e-01
4.708530411024258733e-01
-4.881531470073228185e-01
-1.045360119388549780e-01
4.901683310440496655e-02
-1.260653715353896587e-01
-3.203641761201203586e-02
-2.842068509267132725e-01
1.913106516004459134e-01
-4.593719167746346255e-01
8.324798835233859773e-01
-8.786800136499772762e-01
8.436042578899718425e-01
-4.911283520781273282e-01
4.234285932905721417e-01
-8.914912560188832380e-01
-5.726418929548586778e-01
3.417297942321875226e-01
9.260285883968748522e-01
-1.558530666591728675e-02
-5.839437016187047913e-01
-3.193941412840326510e-01
-3.417084645412411525e-01
-2.958580918439406293e-01
7.567941852769697331e-01
-7.938507707802451296e-01
-5.860088976466590882e-01
-3.873044607769693393e-02
6.694317142026018352e-01
6.856317202621255991e-01
-4.551671037088416139e-01
-8.251599267000486737e-01
-5.532883836545714473e-01
1.890938664614569831e-01
6.377429686824180877e-01
-2.005555556864986322e-01
-9.887009463503382278e-01
-9.795038210692414982e-01
9.981972926539530722e-01
-5.815419299350144122e-02
-3.646201829308932663e-01
-6.099005135571886616e-01
-9.946094941511858245e-01
-4.708387723577371897e-01
1.748038600139665277e-01
-8.167313918107543813e-03
6.002334231029780032e-01
-4.272028677417456510e-01
1.475224890513855414e-01
-7.782734160380890831e-01
8.671736959786968679e-01
9.844548358017051193e-01
-7.157785856242446787e-01
-9.608896795326054008e-01
-6.522019064642787800e-01
-8.860640811745090772e-02
-5.542315155168489049e-01
2.659823597083632585e-02
-1.073557692358604321e-01
7.149085989374650563e-01
3.337308273204109277e-01
8.016774300066276115e-01
4.553107529039015500e-01
-4.631189727198259387e-01
-1.183002622301179141e-01
-1.864063019677371091e-01
-4.722375913728007468e-01
3.133126105026695640e-01
-2.170138709243745190e-01
5.221318413108642087e-01
2.241585701742911940e-01
5.693161749831610052e-02
7.520689105832931709e-01
7.726647804682709175e-01
-1.617431336812098497e-01
7.185386163527001102e-01
-7.373986360344453317e-02
6.210071244685224645e-01
3.153373026408745616e-01
-9.233654586954371801e-01
1.362859366532924721e-01
5.876781008076956692e-01
8.805884266211156941e-01
-7.768336393945880491e-01
-5.622328076607736591e-01
5.478658660760560295e-02
-1.013754245036202484e-01
-7.924399054466311210e-01
6.391488266886540259e-01
1.727619677523948294e-01
-4.621201901992828542e-01
-1.804080667359422296e-01
-7.443435651165430933e-02
-2.734550513313882547e-01
-6.873127295501400003e-01
-4.700207478061251276e-01
6.681422060763906323e-01
-6.534067937371481616e-01
-7.690363147946794875e-01
-7.734007644379954360e-01
-4.586922497005030408e-01
-1.601024694592356745e-02
3.652360365766329497e-01
7.543991640471121585e-01
-6.005796202367406078e-01
-2.573879329776589397e-01
1.158980957422575120e-01
-8.946983322700048369e-01
2.904635939005850709e-01
-4.334878252691063416e-01
-3.723376745490458717e-01
-8.792211825650730894e-02
-9.523254308033080040e-01
4.357848928782204201e-01
-2.715114676211609623e-01
4.026864945861159395e-01
-2.370743839536784137e-01
8.032222650531044561e-01
9.474754079846039456e-01
-1.432710726692536518e-01
8.227279968387488651e-01
2.590915852053212731e-01
-8.792031823515511491e-03
4.596679623039956475e-01
-5.817937351308595240e-01
8.955655310521795087e-01
-8.251565960483708828e-02
-4.633995672045587710e-02
9.955821226361774023e-01
-6.724838395672581015e-01
-1.655638039615390245e-01
5.354534094589922244e-01
-2.188884889444426829e-01
-8.849400073100492925e-01
8.041266495558077043e-01
-7.845282772255868231e-01
4.294351976104311408e-01
-8.993286860263054461e-01
6.787508365233461127e-01
7.522725069373323858e-01
-6.327090621531339387e-01
9.893316261317648408e-01
-9.341651184698758215e-01
-1.447564086906096836e-01
-7.766664659766218115e-01
-3.206654258223795573e-02
4.668797075151620568e-02
-6.001560590795480543e-01
-4.113179354503808671e-01
4.594832452709083359e-01
-7.113429198181528967e-01
8.635337676368612936e-01
-5.652912129643339334e-01
-2.651838064819254104e-01
-3.078417733146410207e-01
8.302842056245096636e-01
-6.964836359786086284e-02
9.127122891977654806e-01
3.824595117161191382e-01
-8.590382600612200825e-01
-1.121628733919262100e-01
1.797692755353808014e-01
5.992312416062743896e-01
-6.353587203806665418e-01
-7.271033842564735838e-01
-1.570051469534108346e-01
6.715365900270671151e-01
-1.310873052242247372e-01
-6.957850198617407944e-01
8.470938541343631112e-01
6.056485206210866501e-01
4.932356218460500763e-01
3.490111121428078889e-01
4.910633183241155386e-01
-3.745539746295425410e-01
4.813210744276190667e-01
1.318020649151083745e-01
-3.982433791902253439e-01
7.535674555618747661e-01
2.186355238612602836e-01
9.530229981985871568e-02
9.649859008357979384e-01
-7.898719083461145374e-01
5.848335705233198567e-01
4.526057626641133425e-01
8.605779419465542368e-02
-2.267929743599825798e-01
5.851243871711107047e-01
9.112297751360496356e-01
4.615083231529222285e-01
-2.557449183867093190e-01
-7.590405924132184179e-01
7.399299577284434992e-01
1.992157868456283509e-01
5.986992645842059702e-02
1.217867974289998934e-02
-2.272542423314158899e-01
-7.462227125806282224e-01
5.006672259759772370e-01
-4.059130699475892445e-01
-5.269652928546886272e-02
-3.295693289924859215e-01
-5.296961219525972986e-01
6.459136303141612689e-01
6.183856191281165149e-01
8.048921054363429306e-01
9.320714476422360395e-01
-6.575093735516082116e-01
7.133982945838570622e-01
-4.067913701027900952e-01
4.706727328893329787e-01
7.227876505026766818e-01
3.616164680937190568e-01
-6.994102918463729335e-01
8.563293065393577930e-01
-2.468863779544521186e-01
-9.056808420982680463e-01
-9.483445697021031240e-01
5.211830779227624166e-01
9.191946665743591094e-01
-4.030536787776139995e-02
2.665155674226447058e-01
9.076535243510519546e-01
-9.116296203018223743e-01
-6.524222839147948427e-01
-5.508008425370121142e-01
1.804311716029727286e-02
-9.405321072408650007e-01
-8.923964698971778020e-01
9.404441554041271800e-01
-7.607392434663726721e-01
9.997495392617639087e-01
2.209051012729790209e-02
-1.994511737640047855e-01
-2.907146325017766486e-01
4.476322055561285929e-01
-3.511520161726475742e-01
2.449078635724848407e-01
-6.123108986610668047e-01
-1.357191965020569935e-01
-7.754810551995074963e-01
-2.698210778102170249e-01
8.207172697734881339e-01
7.665948859128597359e-01
-2.248622365532828571e-01
