
0 64.40048 30.797774 21.257171
1 64.40048 34.9459 18.60141
2 67.673734 42.235435 18.394006
3 64.520407 33.674387 22.205591
4 64.520407 37.833638 17.885585
5 64.520407 35.966418 19.747765
6 67.813602 42.385366 19.514856
7 68.720587 49.224897 17.700535
8 67.291474 45.796661 17.228475
9 74.488655 44.71777 22.632548
10 77.235049 47.260153 18.521871
11 77.235049 48.687301 15.736844
12 80.563789 43.911313 22.50435
13 80.563789 47.580628 21.53702
14 80.563789 53.174612 18.652787
15 78.64398 48.510767 23.002435
16 78.64398 53.803975 17.131602
17 78.64398 50.588604 20.598541
18 78.64398 56.07352 16.647234
19 78.64398 59.14221 15.113328