-7.068554646279225917e-01
1.031674837555744961e-01
-9.376288256859988124e-03
1.496755472008315380e-02
-9.076473500737769484e-02
6.642150770429811057e-01
8.823894142027182141e-01
1.366620110171101743e-01
-6.364113172781897809e-01
-5.748304436476086021e-01
-4.572976677325055750e-01
-1.473174435592539133e-01
-6.715260562291702762e-01
-3.922274878894915773e-02
-5.138347796662428024e-01
-8.912023214528927983e-01
3.294692242819741157e-01
-6.269852485408715648e-01
1.731134920342503047e-01
7.982373399180484608e-01
6.416274955191791918e-01
-3.638485236352162477e-01
-2.063786238608071866e-01
-7.180613017357222461e-01
-1.331862765734579401e-01
7.332552781817029963e-01
7.699614079445749049e-01
1.108226996024084254e-01
-2.281238820606534823e-01
2.234231156734978185e-02
-3.155681776589824850e-01
6.003738996972907138e-02
5.117555614820368248e-02
-2.602535949323245834e-01
3.293329278947971783e-01
3.625582069927393292e-01
9.335829744281602949e-01
2.826863943160082826e-01
8.960643287512359834e-01
6.110499915278939653e-01
3.077909639516884788e-01
-2.605559491987026188e-01
9.553043692670089015e-01
-6.053363123073849383e-01
-6.528357923102134919e-02
1.011721833640408796e-01
7.260523105731597759e-01
5.723845024907099344e-01
-5.645310053479024592e-01
-5.911186617539643251e-01
4.472674072013436142e-01
6.301840801380291790e-01
-3.746302705041408831e-01
2.844677806126982844e-01
-5.546769255538486210e-01
-9.146581636170856289e-01
-5.975440535361575822e-01
-9.820746073223074468e-02
2.606652605412624890e-01
-2.989949491997652142e-01
-4.738248474306903102e-01
4.207644859388901537e-01
1.569414886190829694e-01
9.242365650930439713e-01
-3.293182288941824964e-01
-8.087582404084785459e-01
6.209002228986155725e-01
9.483492557144708179e-01
-9.704086664121969186e-02
-2.321200086267625196e-01
7.062914810389819831e-01
1.619206604924949833e-01
-2.535011663086721434e-01
-2.384198907560928227e-01
-6.817216915283557110e-01
-3.023792139297767356e-01
2.657209989867821420e-01
-9.805845460583897388e-01
5.470905062006719000e-01
-6.577383159260470347e-01
2.538755255444671288e-01
-2.247727305327889002e-01
1.011633391570387897e-01
-1.853097764633293565e-02
2.797009196184383484e-01
-3.633991736045303345e-01
-2.863737572323603597e-01
-8.378173007638149983e-01
3.069285413844071719e-01
-5.818695888191633969e-01
5.658593457206115840e-01
6.110183755971583253e-01
-4.479152835868422944e-01
-9.051820544455280171e-02
-9.046080387686146196e-01
6.986674867562125968e-02
2.618472446986326307e-01
-2.282011919744901807e-01
-5.837596189396643265e-01
5.180878014604946014e-01
-3.493155078020875326e-01
-7.475200588553239101e-01
4.240414209258625000e-02
2.529429966104208560e-01
-2.319025533404868167e-01
-1.487778705656428446e-01
6.706375028485198619e-01
-4.853280231828702718e-01
7.991635956927811701e-01
8.354308244971018205e-01
-3.459439492346629841e-01
-9.723698124107267304e-01
6.402780463308082037e-01
2.760503610090063731e-01
-5.054805923001646217e-01
7.428399301042234448e-01
9.543714700027707831e-01
-2.991807968936068818e-01
6.144209617797520284e-01
-2.927696624037761097e-01
-8.017782528188757141e-01
-3.791657807387829315e-01
8.444934787834073031e-01
8.304497238721106900e-01
8.932737643261592364e-01
-5.604655930084612159e-02
9.160735192017179784e-01
3.951481004626902216e-01
3.444078046609087007e-01
6.782844898879059059e-02
-6.523018497319716946e-01
2.547002829848032945e-02
3.796397863502825043e-01
-3.037465098144962461e-01
-4.182572373783166597e-03
1.269839052047903039e-01
4.406725908371416089e-01
5.958132869504948470e-01
-8.554519160167952663e-01
-9.893052319112189963e-01
-8.668799182617912269e-01
-7.304848886177599532e-01
-3.638027533449548212e-01
8.604768721499100881e-01
4.112659505204852017e-02
-8.688835573297108983e-01
5.358952896645932107e-01
-7.829542648223186685e-01
-7.314985399627627061e-01
7.270734756844270397e-01
-8.238308450054949716e-01
9.053075366292302473e-01
4.415568512106988752e-01
7.877631199505845672e-01
9.928107601529436721e-01
-9.450757602705632809e-01
-8.092743241333808513e-01
-2.547233551902419180e-01
-8.565459251115410400e-01
9.725327095478573103e-01
-2.621363457237824157e-01
-7.262258123863787329e-01
-1.744645260915140828e-01
-7.064846628049106236e-01
6.004074264870833399e-01
-2.434988822018520072e-01
-6.484873540292135363e-01
-5.967926033722783519e-01
3.879249702592593163e-01
6.923241599500977728e-01
-7.950494591433128200e-01
9.941010701535628602e-01
1.308492937035534709e-01
-3.244200445241316455e-01
8.903085637212715397e-01
-9.887591524147283373e-01
4.770941296435562418e-01
5.137280685534650893e-01
7.495781701861212731e-01
-1.683347876447280900e-01
5.402423516854832908e-01
-4.341340290709987393e-01
9.664255093305214039e-01
4.488728063413855995e-01
5.942388351388354639e-01
3.611677671599344830e-01
7.996304215028195994e-01
7.279635085326616739e-01
7.641424635314661984e-01
6.897474608599019064e-01
-1.880944819842524929e-01
-3.372598594441695852e-01
9.417474190828079017e-02
-7.947041211500016633e-01
6.608544807850995628e-01
2.259562709428231120e-01
-5.100453635425539201e-01
2.180290954831345385e-01
-2.217072404776718741e-01
2.736506244712182401e-01
-5.038982838968724121e-01
-1.501171641709730942e-01
5.497260364690272905e-01
-4.746818381751383153e-01
4.854341986793202501e-01
-7.806738588960848713e-01
9.536469461125374192e-01
1.832824129939223390e-01
3.120952558260783327e-01
-5.774883801675949613e-01
-1.084713063367666042e-01
4.784148842154556380e-01
-8.316893941837084636e-01
-3.035611410110994335e-01
8.496898338807732376e-01
7.819241057083017310e-01
-2.588090271757994554e-01
6.254686083277609665e-01
-8.290004921339824140e-01
8.231421344974072518e-01
6.285105495879490523e-01
7.111031393627476049e-02
7.789301979546434662e-01
-5.791379507780760605e-01
9.669306550113576648e-02
3.559591191334519067e-01
1.421029238605620026e-01
5.154109145264060832e-01
4.570659060887636294e-01
1.825773618514088259e-01
1.369348793154434585e-01
8.835058557457737827e-01
2.040710953110835835e-01
3.165343747693660781e-01
2.800650646759450524e-01
5.336245407004958086e-01
6.974691654746929537e-01
8.742904185689097663e-01
1.153946553197273683e-01
1.284915583090040503e-01
8.700929192688742209e-01
-5.814468818544065165e-01
-9.494717278906383839e-02
2.852033584964479562e-01
-6.998031816246357284e-01
-2.727447268475291509e-02
-6.444480053043126766e-01
-9.367306962713983776e-01
-2.276430475326296499e-01
4.750653457399172108e-01
-7.598862419273826330e-01
-9.204412459523834134e-01
4.468580578290985983e-01
1.142870800828179600e-01
-1.535807254846055514e-01
-5.612936934590260218e-01
7.555681675908361150e-01
7.488146121362411201e-01
9.252861481668082089e-01
-9.483043461965048326e-01
-8.795942901834559180e-01
3.575839929816500007e-01
3.747703726513913480e-01
3.824836618897189400e-01
-1.069658985162100784e-01
