
0 62.156005 20.526745 24.123502
1 62.28979 36.595713 19.807899
2 64.708861 47.859106 15.572814
3 64.708861 51.013119 19.182183
4 72.595005 51.586253 19.888155
5 72.224942 55.196813 15.75516
6 71.610234 51.306597 21.628531
7 75.233924 50.397926 20.299259
8 75.233924 58.219344 18.457729
9 76.167445 59.948326 17.124785
10 78.963651 65.122881 13.540718
11 78.963651 69.067387 10.542623
12 78.963651 67.579881 12.947413
13 80.975183 67.713211 14.882046
14 80.975183 67.911651 15.459044
15 80.975183 67.697382 15.897064
16 80.975183 64.994752 15.887226
17 80.975183 64.686766 17.110733
18 80.975183 66.791806 18.853861
19 80.975183 67.620218 18.158228