9.953099782757679481e-01
6.202652000398318766e-01
-6.939257703610084427e-01
9.821537389111310024e-01
7.458079850494485630e-01
9.002215304481522296e-01
7.849831787854744114e-01
9.702168141466664952e-01
-4.970195194560926844e-01
-4.837302946968013995e-01
4.322415465442381866e-01
-5.953238042289710208e-02
-5.040492153139903841e-01
-5.147559592942061446e-01
-8.781563113669998977e-02
5.028142783680822347e-02
1.150602685251835844e-01
5.543030810718541090e-01
-5.377666355222863181e-01
9.663470013698118866e-01
1.429323488585185764e-01
7.655516617820816716e-01
-3.541607947868166129e-01
-2.815339043324061041e-01
-3.167217953221361793e-01
-1.584296024457045871e-01
-9.312229071655724333e-01
-8.964555347671430141e-01
3.951367336689912690e-01
6.379190259974043542e-02
7.059988155646632624e-01
-2.420969959838252805e-01
-9.537472212997444299e-01
6.327136901774201849e-01
1.593477442256412413e-01
6.804103295411612073e-01
8.633286406332305596e-01
-9.288153816113859929e-01
6.083159905802302259e-01
-5.785845646165856948e-01
4.041628212174084300e-01
7.897234756169515535e-01
-4.679683764290230030e-01
6.150348489237711380e-01
1.061061623154753164e-01
6.794687089063160546e-01
8.532921580097951875e-02
-4.609516531270558826e-01
1.520445960670437913e-01
6.746503725140975405e-01
9.447856923344484237e-01
-2.488257494886723098e-01
-9.356167008521476536e-01
7.138177043659610366e-01
2.057466768673530400e-01
3.291146743520283469e-01
5.522886739384820221e-01
7.423771628885362794e-01
-4.842670779567126438e-02
3.145870791014802048e-01
6.858429545220541268e-01
-9.811221416864506217e-01
8.083093274420987129e-01
-2.506403462290938133e-01
6.397249079382907322e-01
8.517689883873793555e-01
-4.760626739025284326e-01
-1.297468380571145108e-01
9.896989001636606886e-01
5.814609593186388370e-01
-3.653883610756405442e-01
-4.745618531232209669e-01
9.853769314878400021e-01
6.392370557708622059e-01
-5.185254065207971497e-01
8.235754221495474869e-01
8.524715655983647888e-01
-1.685080076319416253e-01
-2.699402163644570862e-01
3.855386078408176154e-01
-3.080019866161722852e-01
-9.810344136870545739e-01
8.937758945777063424e-01
9.506198010425930267e-01
-4.957972931918106507e-01
7.881571843365020591e-01
-5.580237797393639010e-01
-7.365980612979012854e-01
-8.155473341103161022e-01
-8.353723389964313739e-01
6.689339964679317241e-01
-9.763559891317783457e-01
-4.536328695375353437e-01
3.521987415264720145e-01
-9.245023172818491730e-01
2.158472126417281256e-01
5.228243694124306007e-01
-8.872834415848891432e-01
7.589782059087601951e-01
4.375905448498915717e-01
4.415695451141705696e-01
-5.333715435107948544e-01
-9.737999327343871414e-01
1.397004749578876215e-01
-8.681590859637307034e-01
-3.075247827984595173e-01
9.285946906574737980e-01
-5.257664047497279114e-03
-2.891870352182936976e-01
9.468088122017781494e-01
2.140500248188030863e-01
-4.299132868935273688e-01
6.203092353376371548e-01
6.463457542353312490e-01
5.993218116498655323e-01
6.941750956031378372e-01
6.900044816467361120e-01
5.636753777079641647e-01
-1.758774443472128635e-01
7.941693679933592431e-01
1.146571763360171303e-02
-8.562266565340397317e-01
-4.899172070970656545e-01
2.661311572716162921e-01
8.226531631375697540e-01
1.565143980538790114e-01
-4.859789333280841728e-01
3.129844094696907497e-01
-9.963438125767754006e-01
-5.867640339512036896e-01
-4.379329612478628508e-01
8.574715691584640087e-01
9.547406331979171323e-01
5.515883322161108104e-02
7.196468152690538300e-01
7.595123477898924058e-01
9.464442516806883532e-01
-7.609711059457715532e-01
5.338856095921880041e-01
-2.739550842869873382e-01
7.877968307250093893e-01
3.798036535788162915e-02
-4.804262922322644069e-01
8.276353872784953936e-01
3.783783950825669873e-01
2.974354903397462557e-01
-1.085779178683845547e-01
6.153476959025778736e-01
9.015548568440783228e-01
-1.078488818750245049e-01
-9.342557616277127330e-01
-6.148535530324927834e-02
2.307945231824406473e-01
-2.095503402440870300e-01
-6.329978355268395251e-01
-6.497065950334077744e-01
6.224034213839537699e-01
-9.193373672659186369e-01
-3.463143354689708353e-01
-8.898094825889908410e-01
-9.701768484829089711e-01
4.185129026517517836e-01
3.368253802392302543e-01
1.333925170224494750e-01
-8.143720331701671533e-01
-7.356781912379553034e-01
5.717264025369390712e-01
-4.554715648818439266e-01
-2.995493950265590843e-01
1.064529020818876237e-01
1.632604421022065821e-02
-7.711472455294829942e-01
-6.610614017584530711e-01
-2.424606408113529898e-01
6.166686661924576374e-01
7.985633349040806017e-01
-9.321064177239224424e-01
-3.789434273918859120e-01
7.588971199463365735e-01
-4.437530026121023763e-01
5.196222290693384149e-01
-3.050308142401476630e-01
-4.995321985382006336e-01
-2.228231990594191636e-01
-5.590615648492154310e-01
5.670097672180687276e-01
-6.450815206081106368e-02
2.920307539927089469e-01
6.184732555669603116e-02
7.431935742889816954e-01
6.017479743893221489e-01
7.000341808028769375e-01
9.089609133847176281e-01
1.491831295210452879e-01
-7.706689665862385130e-01
-6.158552429516519489e-01
-8.908384244261253748e-01
-8.790233332747510175e-01
-9.328114580796311728e-01
9.357798056314599044e-01
1.905297260116936009e-01
7.593114813351491410e-01
-2.526079048650853309e-02
6.232460758779567733e-02
7.358951562669020507e-01
5.949833664260830712e-01
6.199493899024530741e-01
2.456069647877390238e-01
8.346480238052345069e-01
-4.976922859193355642e-01
-8.143927388629423891e-01
-1.061365552977773241e-01
-8.365501631880727373e-01
2.688353922955331043e-01
6.105368693892945231e-01
-6.855875440830780931e-01
-4.249057724558797933e-01
-5.381528228303378292e-01
7.437160415966626026e-01
6.050088694988433602e-01
9.793782290917807387e-02
-2.586626424335958241e-02
-7.333711602718786526e-01
-9.079648511528397581e-01
1.257558642153437933e-01
-7.745244833120792372e-01
-8.944542431989717102e-01
-5.982845409479780052e-01
-1.172979084440741726e-01
1.878413542801782299e-02
2.395267936017606569e-01
4.967284357625956215e-01
-8.199513781378289234e-01
5.510735733893521449e-01
-1.910418842885905910e-01
-1.916293872429615242e-01
3.881501851622477517e-01
5.734221774393073456e-01
3.511294686112309549e-01
-9.094867408037325962e-01
-7.160539407294217451e-01
-4.997803815616792544e-01
3.995277834767583247e-01
9.931175416237136844e-02
8.185884258447313488e-01
-5.567017462548413675e-01
9.520511580538462137e-01
8.271649895903292471e-01
-5.575385391821274794e-01
-9.576677192692180096e-01
-1.653028163711578458e-02
-8.908573864209028415e-01
8.193832668550289355e-01
-1.473103181942918560e-01
-8.640320673156147713e-01
-5.201930861214312252e-01
5.164738333308462881e-01
9.582709647336331571e-01
3.709060864061566321e-01
2.764106072492413801e-01
5.673104847404055739e-01
-7.713010798079298347e-01
6.766186195257444247e-01
4.915476591225886871e-02
5.954068752650873986e-01
