-3.032515751134012838e-02
-7.339897456441970558e-01
-9.867120401424922527e-02
-5.243314691675138306e-01
8.497741192615007044e-01
-8.904341784930576154e-01
9.006489952790726061e-01
-2.347327988169114477e-01
4.971767827750475099e-01
-9.028729144258869077e-01
-8.903792290163525802e-01
2.536069749741314272e-01
2.239541849009336616e-01
-3.836066212775652851e-01
-8.781563113669998977e-02
5.028142783680822347e-02
-7.866021961387716921e-01
9.822050061009313104e-02
-2.868923728024124209e-01
-4.171578244412206260e-01
9.727589363655058108e-01
8.059325330150013400e-01
-3.187558076762408987e-02
-8.883288699396425514e-01
-3.167217953221361793e-01
-3.766767085305315899e-01
4.773462858637593786e-01
-3.107028799727820090e-01
6.473887804425393355e-01
5.924183292058342598e-01
1.071737100616700911e-01
2.967006974498580529e-01
7.178230264165585961e-01
2.942743635490228105e-01
8.573257496173269931e-01
3.702303986404607006e-01
9.718957335625761917e-01
-6.322677233204279101e-01
-1.638394994776559699e-01
-9.770531425247015456e-01
4.041628212174084300e-01
4.063977158932967626e-01
-3.325215427854879557e-01
4.439731399678641388e-01
4.977669182767860967e-01
9.257081468808179281e-01
7.507829442837390399e-01
-6.621681850194418573e-01
-3.520910988704657463e-01
6.746503725140975405e-01
7.593945687094489916e-01
-7.345675049997542061e-01
-2.294790407738900306e-02
3.095445988648495295e-01
-4.135339271961377960e-01
1.721572334582937014e-01
-4.538074822138435938e-01
4.994875385558879000e-01
8.900074418643271201e-01
-1.871242806578015117e-01
1.433623825380994088e-01
-9.811221416864506217e-01
-3.162060479908734845e-01
2.268343737749716205e-01
4.907480630559968304e-02
-2.171598959442042620e-01
-1.474564008886483091e-01
-1.297468380571145108e-01
5.054096946855584083e-01
2.898426637501920755e-01
5.413209244968819611e-02
-1.234323774546439711e-01
9.853769314878400021e-01
-8.230467113110104815e-01
4.570554395864581121e-01
-6.727347585359308990e-01
6.105013447826599382e-01
2.776172699232974939e-01
-2.581423733867491688e-01
1.524233778930237371e-01
-6.863537969250783632e-01
6.029426121681202844e-02
-2.174236972522671785e-01
2.546453608735195218e-01
-9.551689985270148675e-01
7.881571843365020591e-01
-5.643979359387947259e-01
-3.301004426907903078e-01
-8.155473341103161022e-01
-7.018932139904552336e-01
3.355683813704224416e-01
-3.828739412586781299e-01
-7.582316673460169909e-01
-4.697963473885522490e-01
-5.781862011178044991e-01
5.995155855128790900e-01
9.068317622320212212e-01
2.486428403086053951e-01
-6.750352394374208309e-01
4.375905448498915717e-01
-7.216900913050157129e-01
-5.333715435107948544e-01
-5.930141806515283331e-01
1.397004749578876215e-01
-4.464310435118521436e-01
2.697969296978941500e-01
3.225172250915699923e-01
6.981305997998923374e-01
-2.734653522023458017e-01
-3.524007751974800318e-01
6.594433406496333916e-01
-8.282236095861448266e-01
-9.387460489690055976e-01
6.650821362130427961e-01
4.674012347436287129e-01
3.393768713958766892e-01
4.832271951119750941e-01
1.339164136700778940e-01
-4.993003265713413796e-02
7.941693679933592431e-01
9.860694974698558379e-01
-8.256567670982484231e-03
-1.512839429759806897e-01
7.409140714217021806e-01
2.433242438101042016e-01
-3.244107357257319801e-01
3.931062656512762654e-01
-3.300710658882399784e-01
5.264298621540624001e-01
-6.678170201345112744e-02
-3.883686599484428292e-01
-6.214285855696963790e-01
3.548634890987343304e-01
7.292474837096418749e-01
8.947298860634731454e-01
7.595123477898924058e-01
9.464442516806883532e-01
-7.609711059457715532e-01
5.338856095921880041e-01
-2.441017358658190695e-01
-2.205016184909869281e-03
3.827384808039271391e-01
-4.804262922322644069e-01
7.221422016844398772e-01
6.877438365749619642e-01
-1.354004731319271571e-01
3.303447624350797085e-02
5.778240402004626297e-01
7.884847355338964192e-01
-1.152908627323334656e-02
-8.953428339263316271e-01
-6.415064787435551530e-01
-2.575934123544121324e-01
3.383003534122857037e-01
5.121377546861514141e-01
-1.691146772427036815e-01
-1.818777454966802321e-01
-3.384212445872345487e-01
-1.444057412976169630e-01
-7.184355245582152438e-01
5.600237899602489300e-02
-4.132356196381705704e-01
8.715547857261789488e-01
-1.830388722506082200e-01
3.009221808940076848e-01
-7.356781912379553034e-01
5.413037937492499729e-01
-5.611336432708806665e-01
-7.466741447388685060e-01
4.724265952667572321e-02
6.770705434882582363e-01
3.070221216877548898e-01
3.560430281559554544e-01
-2.424606408113529898e-01
-1.377110397727483448e-01
-1.406137125770929863e-01
8.757915967472527097e-01
-3.789434273918859120e-01
6.880648756475065131e-01
2.681481900888491587e-01
5.196222290693384149e-01
8.366836691206036569e-02
4.703112407139813378e-01
-5.658220294446745235e-01
5.410286466187039789e-01
9.843917670050557067e-01
6.668874472866146430e-01
-7.797469704574346849e-01
-9.363692456110894735e-01
7.431935742889816954e-01
6.017479743893221489e-01
1.151800056120593219e-01
-5.340009545662620649e-01
-2.245651582013064029e-02
-2.735572801206447302e-01
-9.393220613734369895e-01
-8.908384244261253748e-01
-4.055373663484607150e-02
-9.964809768291642555e-01
-6.344687774359571986e-01
-1.731859837820923786e-01
8.146103394436230438e-01
3.566274853955857527e-01
-8.686630900838885339e-01
1.145365893784620059e-01
-5.610365083189954305e-01
9.672820268255089005e-02
-4.688007590513483258e-01
-5.825695472572851585e-01
8.464436241912303149e-01
-3.542198596047827497e-01
3.400255794213817850e-01
3.892876502387401239e-01
-5.687004989182826709e-01
6.377854642357660975e-01
-6.678848780996555767e-01
-4.249057724558797933e-01
-1.225889666531183586e-01
4.969723856057262079e-01
6.185602368870750656e-01
7.275066791926998455e-02
-8.117898357656645469e-01
-7.333711602718786526e-01
1.382153938268797511e-01
-6.140142038744911268e-02
-7.745244833120792372e-01
4.186126291518892373e-01
9.550263966550840422e-01
2.122745043700047241e-01
-1.402378881284218615e-01
-4.879027421874366777e-01
4.967284357625956215e-01
-8.199513781378289234e-01
9.475492442749471333e-01
2.472686355752233833e-01
4.740121252350946168e-01
3.881501851622477517e-01
8.508858597187620720e-01
1.227164123304103072e-02
9.528171278792130217e-02
-4.641453112271434200e-01
-1.700416654320802134e-01
-7.908888114417806925e-01
-8.056415551093591976e-01
-3.288995287561653491e-01
1.308607227056146627e-01
-2.636924114671510555e-01
-9.752173846043654670e-01
5.693897207227793800e-02
-3.928324001161154211e-01
-3.618003439225057072e-01
-8.908573864209028415e-01
8.193832668550289355e-01
-8.421286728055445980e-01
-2.706075935307603597e-01
-7.602873395743439122e-01
-2.307836302091803571e-01
9.582709647336331571e-01
6.353633438514936227e-01
2.895017956431824580e-01
3.214357220061561105e-01
-3.023750227374690791e-01
2.278398682935447450e-01
5.031654064955315420e-01
7.984517519268439223e-01
