
0 58.238675 14.575198 18.837406
1 62.478381 26.947742 17.042672
2 62.478381 37.293445 12.470354
3 62.478381 43.447214 16.336765
4 74.260283 45.465385 17.855985
5 74.260283 54.703446 15.803147
6 76.584904 60.85161 14.324321
7 79.47358 65.826842 14.519402
8 79.47358 68.895764 10.975162
9 79.47358 72.306977 9.154635
10 79.47358 72.906708 9.691647
11 79.47358 72.435742 13.742405
12 79.47358 74.262188 6.837
13 79.663714 75.133764 5.964661
14 82.755167 76.857721 5.530479
15 85.397442 74.646266 12.391914
16 85.710176 76.849053 4.392843
17 85.710176 77.593028 5.079712
18 85.710176 78.894434 4.268316
19 85.47784 77.322855 6.318684