-4.116918263966646840e-01
-4.242672086874637039e-01
-8.758913751229993050e-01
6.795579233920019391e-01
-1.149606512601550889e-01
9.669186121275386014e-02
2.208540828926004451e-01
2.482021111831591575e-01
-2.360711059838505044e-02
4.669504039055771827e-02
7.035505374292256864e-01
5.906562845193497058e-01
1.798741722642693830e-02
-2.774185441813981079e-02
7.049489470463947693e-01
4.563695461421726218e-01
-8.497080370609688682e-01
-5.379274809732887963e-01
-9.461255109398551966e-01
5.211602540217330493e-02
6.545618191584963164e-01
1.225160599347134838e-01
-3.545064469849061872e-01
-8.413226849573245403e-01
4.199322052692398000e-01
5.249678104487502939e-01
-5.594657369814670655e-01
-3.242696754190212971e-01
3.035587007325155628e-01
2.996718520808971942e-01
-9.500952028640508029e-01
8.912566136903676828e-01
6.466933534935230821e-01
-5.101735435617196224e-01
-4.655377821017501194e-01
-7.075195433964636127e-01
-6.851426428407827451e-01
2.048520031554623699e-01
8.510246314177862814e-01
-8.470787826492951478e-01
5.518633936883359237e-01
7.540614161061709453e-02
5.834469716960410945e-01
5.455809013118901873e-01
-2.715503775482530635e-01
1.318576307183796370e-01
6.207273259680439192e-01
5.559358351024867861e-01
6.596076268919948138e-01
-7.967641382466115196e-01
-4.965863045773342144e-01
-9.266344714757424050e-01
6.767074925525222717e-01
-1.617118389331644313e-01
2.075840148135095209e-01
-7.985843039399520560e-01
1.706819406205517531e-01
8.463126709561787919e-01
-4.475955510961047157e-01
-6.541749126183387109e-01
7.227413165987317534e-02
7.344961933522433650e-01
2.239380800036230301e-01
-5.882477452387036010e-01
3.451671830911406946e-01
-6.897560496154186982e-01
-9.893575969044936524e-01
-6.836511458254952434e-01
8.515769573281550819e-01
9.896407467925538715e-01
9.184378091664835431e-02
9.404331840723356706e-02
9.358680383995032770e-01
-5.266945629657517891e-01
-5.845808354583774680e-01
4.824170841468975457e-01
2.264068768965645795e-01
-5.737434389948323776e-01
3.706950175141696668e-01
-2.613482220015954649e-01
8.009425314816507324e-01
9.520352993862595259e-01
8.527042730813341187e-01
9.295113146730793474e-02
-7.438790321536719041e-01
-6.381802179849285217e-01
8.502536839209966502e-01
-1.787622231499719216e-01
-2.854597165316001828e-01
2.381232088914990719e-01
8.015340929335308395e-01
6.343851770866797413e-01
4.714089278063644528e-01
-5.468444867133381848e-03
-9.806854171421270916e-01
-9.675755209550669367e-01
4.396074845617596871e-01
5.539611232919838812e-02
5.091976713826249501e-01
1.039824955255137517e-01
-9.006021735314544419e-01
1.904372505476858990e-02
6.138243487255794495e-01
-7.660628596334888574e-01
4.646218700662880785e-01
-2.969634228965098988e-01
-3.708220115562579355e-01
7.027872424421133246e-02
-9.583790053881369175e-01
-3.995954208710086331e-01
1.804313762842977287e-01
-3.199370457402166412e-01
5.048160811923119162e-02
-7.364949183660309817e-01
7.623228840123410510e-01
4.570662316429860983e-01
-7.312841088129744538e-01
8.147033201484163989e-01
3.282943826923734321e-03
-9.241670485995354678e-01
-8.626149060773879995e-02
3.863415901402815766e-01
4.981349342231091715e-01
2.885439917692742551e-01
-2.438672041602125695e-01
-9.190828166778661767e-01
-8.848126906354756294e-01
3.395578712942777244e-01
8.438896145540430993e-01
-5.113261201463839001e-01
4.143584764094718764e-01
8.178257217022169012e-01
-1.762120065602330587e-01
-5.079847066939127131e-01
-7.057003195403677154e-02
8.174494768806945810e-01
-9.323268406385412099e-01
9.443884437617320327e-01
8.377136614684099758e-01
-3.378024796506304828e-01
-7.480497898541085267e-01
-7.902893948118103751e-01
-6.030821807528461420e-01
-5.353004718245826243e-01
5.523980518062352463e-01
1.887439157531789480e-01
9.812321352134201202e-01
-6.439719905295380187e-01
5.135534254558262734e-01
5.790403111734956365e-01
-7.205793396219961622e-02
3.868855388971259579e-01
-9.311899746355927210e-01
-1.529614372342511519e-01
-2.822214960610982537e-01
-2.984086698193855192e-01
-6.471616948816834025e-01
4.527478791475647579e-01
-1.662743917554636575e-01
7.234862845569076661e-01
4.457060975691156113e-01
-2.037193844038209800e-01
4.814397174687774505e-01
4.874132077143789044e-01
-1.671114925956909136e-01
3.319667874270177954e-01
8.038679230146366095e-01
8.687609451743718569e-01
-1.082323246228662494e-01
-9.599396229347145759e-01
-8.562425703015199563e-01
6.878597954849490215e-01
8.793836934008303352e-02
-5.947252109181910829e-01
3.013944405729274134e-01
-5.890963149726087256e-01
-1.676308653872737864e-01
-9.141299852753383970e-01
7.331937680992164363e-01
-4.876902106187250840e-01
5.197239785992158190e-01
6.044121549623293621e-01
3.829993202829962140e-01
6.581938822578292658e-03
-2.276649101887702198e-01
2.309042125422449132e-01
1.125202368006352760e-01
-7.128336182036310031e-01
9.003281572220340756e-01
-3.819604266610332477e-01
2.017279479766906913e-01
9.029774358249631483e-01
8.180110799510438291e-01
-7.472117077846300859e-01
5.626568136310081680e-01
2.973420028283859651e-01
9.067051291502370436e-01
-1.725217724640684125e-01
-3.710187685565695670e-01
-1.528181014410314731e-01
-8.588263149349850689e-01
5.846810697595961059e-02
7.606503491823324303e-02
-8.771531793131734922e-01
-6.267601454166500385e-01
6.026412823571831723e-01
-9.869730981573998640e-01
-8.892074430865997137e-01
-7.177784734187351301e-01
-5.893202151883583095e-01
-2.765016680754306400e-02
-3.237397231868288650e-02
-7.721745531724002465e-01
-8.681733060694729609e-01
5.758421300991625191e-01
-5.768574779901294303e-01
-5.622424348545926875e-01
-7.725670076212134418e-01
3.436528149608237825e-01
-1.852337325711297389e-01
-7.268862952915542408e-01
1.878532372239487547e-01
7.702230415682873588e-01
6.153341430617993435e-01
3.025362557985151746e-01
-1.804459507561200216e-01
-1.501919544624197300e-02
-9.203174851720403726e-01
3.933984956258700372e-01
-4.051672377536230663e-01
-7.171347527627482954e-01
-3.042179548825889590e-01
-3.670135996234766829e-01
-7.803631343291195233e-01
6.087560200510520048e-01
6.056786340274078473e-01
5.972611954484383645e-01
9.806900668782767561e-01
-2.398220673355733190e-02
-5.172756137463738746e-01
-3.610052887524282106e-01
-3.035946798183979389e-01
4.051653657992959623e-01
-1.155813421636311400e-01
6.070790832736676634e-01
-6.989237817392781604e-01
-2.955661623220762202e-02
7.989121017817351067e-01
2.668880939579698630e-01
2.422657801415084577e-01
-5.796436632039794201e-01
-2.020136581123264108e-01
7.125824969977279100e-01
9.067184556390122108e-01
1.567058679331021498e-01
-7.900463142982045994e-01
1.946314316504740294e-01
3.699235919990204735e-01
-3.128801381580090801e-01
1.457652331794336842e-01
2.458711604034884424e-01
-8.508047088951460335e-01
-1.998901554726997265e-01
4.813167193747753814e-01
2.353310934264474241e-02
