
0 61.993529 19.323129 24.822852
1 61.993529 35.431765 23.08571
2 62.362171 55.650756 9.707667
3 62.362171 60.947716 3.704429
4 62.362171 60.960743 3.907687
5 62.362171 61.131489 4.56774
6 62.362171 61.294244 3.389243
7 62.392305 60.880653 5.88687
8 62.474196 60.531808 9.207653
9 62.512757 60.26891 9.282076
10 62.512757 61.714627 1.179425
11 62.512757 61.033046 3.71023
12 62.512757 60.901488 5.953932
13 65.429364 61.764976 1.396478
14 69.613061 59.238569 10.923815
15 72.633889 61.43783 6.334716
16 72.633889 61.396546 7.114351
17 73.53004 64.156111 6.020782
18 73.53004 64.421596 8.382182
19 75.392734 64.374767 10.783292