-1.146314959010230616e-02
-5.556354420462679133e-01
-5.345966508051844812e-01
6.878907079056701956e-01
-5.886720752825105318e-01
3.638853122178515864e-01
-7.152171155593101126e-01
4.027837536999456791e-01
4.141859310541584627e-02
-9.055937837920686739e-01
1.884918940575484037e-01
-1.306911702631203820e-01
-9.937673919344067741e-01
4.892152127199254075e-01
-4.311461260379088056e-01
-6.119150077431501078e-01
-8.046993944350877559e-01
-2.210128121651282473e-01
8.799016201536822290e-01
-9.750205603176869129e-01
8.922856057581034506e-01
-9.080775327375167905e-01
1.417037904783304825e-01
-8.794508298402730073e-01
-9.321463856701150963e-01
4.660288276115003292e-01
7.375994045678284650e-01
1.477674298533104835e-01
-3.405482440531824029e-01
-7.454978083830949842e-01
6.471619001715940289e-01
-4.704915837505787568e-01
4.416980510522448000e-01
6.090062796431092718e-01
-6.365739882108611969e-01
-6.171980487014772088e-02
-5.846926013730420202e-01
-5.817438611051792829e-01
-2.517488179137883364e-02
-4.230858297103816668e-01
-8.278454615063999267e-01
6.529006444684857247e-01
5.368711563700128142e-01
-9.292178248736782109e-02
-2.517383968402930883e-01
-1.510691794784340125e-01
3.234759445679551426e-01
9.725077716356909097e-01
9.188497164477833490e-01
2.546365284969873688e-01
-5.513921522134968001e-02
-9.720369761383795826e-01
-8.593522388835870274e-01
5.228519383917840102e-01
4.973446144533839597e-01
-2.647700372989432172e-01
-4.726526724009401104e-01
2.004921456202779506e-01
-8.321501739425873900e-02
8.100443099603069630e-01
9.254772490129437035e-01
2.294961662409158443e-01
-1.743556505535248657e-01
6.089935955961753855e-01
-2.064466388266306129e-01
-4.973562224827781098e-01
-7.007155816811461158e-01
-2.016446254156407658e-01
-4.073989753034621408e-01
-3.017156601723116616e-01
-4.083845834589443502e-01
5.493373401134695744e-01
2.639062652648922480e-01
6.464399427002966991e-01
-7.609697616210204796e-01
-6.361222425523413992e-01
3.958405293654632118e-01
-4.656889631904386206e-01
-6.220247141123542711e-01
5.709186353508484135e-01
7.870993878269594290e-02
6.213077007028851018e-01
-9.488859672638141340e-01
-6.611235497793113147e-01
-7.126266130933949228e-01
-4.070519041650484393e-01
-1.209517057260309780e-01
9.567870451409308252e-01
-8.178080187450054162e-02
-3.514087381006900657e-01
-1.110442186367563977e-01
-8.820867785781389969e-01
5.979685278312019125e-01
-1.774542884366132611e-01
8.668436153771283958e-01
-1.227520083652968719e-01
-2.772248072992060663e-01
-5.303568811627044077e-01
-5.877455345558495470e-01
-6.399726834029919598e-01
5.485939951661760183e-01
7.645577914966665833e-01
4.379947666305783471e-02
-9.194047068262571898e-01
3.664246882386315018e-01
-1.154379996489189875e-01
1.372469374311886536e-01
-4.214067689012470641e-01
-3.340224022268623028e-01
-8.660633117137299664e-01
3.793046357610316832e-01
-4.153982452577853479e-01
-9.336005863683056738e-01
-2.663702159534659941e-01
4.083614698481596861e-02
-1.415942481399805608e-01
-9.224233228853790933e-01
-2.284394148033963567e-02
6.292009234661679606e-01
1.264101485851460982e-01
4.932693879021345928e-01
-1.621958150041040714e-01
-4.342463376650196327e-01
1.892036838328934323e-01
-7.087194924870325874e-01
-8.567168944380889606e-01
8.853754886622122733e-01
4.414109137439472530e-01
-3.643484894979818201e-01
-5.305334905204002194e-01
-2.291882395712301346e-01
6.249539597282987025e-01
1.751446908941194369e-01
-9.276557292125395815e-01
7.166066050455386360e-01
7.118442787107333025e-01
3.910058229253274842e-01
2.981373574982595365e-01
-8.853435656261314790e-01
6.901730124276554967e-01
5.777622844307108707e-01
-4.537258732296041153e-01
8.842669291823630484e-01
6.451447171193984698e-01
1.373009201823474079e-01
-8.040415878878672817e-01
3.852463040824525287e-01
6.321067224617595848e-01
-3.330222324420144542e-01
3.693366046973871608e-01
8.354954607352114149e-01
-2.552496539772897144e-02
-1.555417191992809478e-01
9.648400463526238813e-01
8.647136713745491310e-01
-1.421568896708147456e-02
-5.963790388516265750e-01
6.376088363792682401e-01
7.445948454136948058e-01
2.147243209235367711e-01
1.140965090154932859e-01
9.913581596979079702e-01
-1.009950923960702962e-01
-8.573141038356455468e-01
9.586318509934039778e-01
1.777937117814896162e-01
7.928561239584048792e-01
-7.659508947768467468e-01
3.186371816558120074e-01
-5.013033725953341957e-02
-2.171891526212696988e-01
2.211735895407744845e-01
3.161160908823237303e-01
-7.229214379466575302e-01
5.993918781915406058e-01
-6.556176642935618304e-04
8.364347335234025849e-01
-3.441236791197728184e-01
-7.457241631351265720e-01
-8.549724696890173004e-01
4.541906736511356346e-01
1.940811388136776117e-01
5.199870779925630515e-01
-2.079000549535241493e-01
8.488267031095777515e-01
9.227231378056188760e-01
9.349379536480153519e-01
3.741189016591941474e-01
-7.844782055922150388e-01
7.271831042141303492e-01
4.602220489697899097e-01
-7.892555390278825911e-01
2.758496678801365398e-01
-3.513052206010149892e-01
-1.568452191299685161e-01
-6.606178430833200554e-01
3.221000966543630106e-02
-3.053090615643925254e-01
9.785239392919833357e-01
-3.363990555141995742e-01
-4.668178507805686994e-01
9.575280993783072958e-01
1.722936322727521841e-01
3.832322687184188670e-01
-3.613860357385014765e-01
-2.351494171473715866e-01
3.930021110557024855e-01
8.957782453909188813e-01
-3.539124525152059775e-02
-6.941330616316208069e-01
-9.245713403662108032e-01
-2.050902024447922578e-01
6.287597783778255955e-01
7.662257929639801901e-01
9.440080786781925859e-01
3.932640312281989736e-01
5.974652375306475083e-01
5.774426584064773493e-01
-1.665864528412022150e-01
-4.265373642545953192e-01
-4.748629206091581345e-02
6.880220089980151332e-01
-3.285592748545931308e-01
7.265262212379961504e-01
-8.543416749458145887e-01
-4.790006592953477416e-01
-8.676866534919231988e-01
-1.011810656559588573e-01
-8.202294926415885090e-01
7.961297019383779539e-01
-7.205052089828418715e-01
-9.081602659205951777e-01
-8.913082497375484081e-01
-7.835578473919118103e-01
7.411883652133794964e-01
-1.973738631332246918e-01
-2.917799711015680586e-01
6.461328242126718191e-01
9.695997353566823129e-01
8.153615465866499434e-01
3.578184571114528811e-01
-7.265268046977801930e-02
-3.979618624509657643e-01
6.025857380444679112e-01
-2.171287649152406907e-01
-5.607737275493018814e-01
-2.442560923643906090e-01
-7.170056464377070338e-01
7.380766925744126628e-01
-2.000441485520083607e-01
8.072218327786353509e-01
1.654052732788877655e-01
6.015825331349156091e-01
-8.102567219346386018e-01
1.077235694937530575e-01
-7.859785698529979658e-01
3.305159371550947522e-01
-4.566678974237143862e-01
-4.681081279685026519e-01
1.567332228654048087e-01
7.298630990433163657e-01
8.165190890968128112e-01
-5.987041023659112060e-01
-9.843527358699806218e-01
-4.200446498242382809e-02
