
0 76.82713 21.845353 26.024675
1 76.82713 39.608261 23.079163
2 76.82713 52.938045 19.613108
3 76.82713 59.479533 21.437681
4 76.836687 65.836444 14.864609
5 76.836687 69.632015 8.688039
6 76.836687 70.730006 6.030246
7 77.017264 69.58938 9.187811
8 77.017264 70.714792 6.738671
9 82.304819 67.826929 14.426099
10 82.304819 71.306413 9.516416
11 82.304819 72.364297 7.30396
12 82.304819 72.321655 15.048907
13 83.066302 74.763614 10.79472
14 83.066302 74.275816 15.090199
15 83.066302 73.450457 13.744515
16 83.066302 74.886592 12.790124
17 83.066302 77.990405 10.245358
18 83.066302 73.979485 11.908218
19 83.066302 74.652022 13.167063