-3.656387741393061219e-01
-3.265018528142136223e-01
6.506131936914301139e-01
2.775788518732380528e-01
8.013618015703645181e-01
-8.494521479931962382e-01
6.752786792982834463e-02
3.263020508054723656e-01
-6.107377796536883618e-01
9.187381184293177405e-01
5.991700669766095722e-01
-1.980541789013749998e-01
-2.547920722674554828e-01
-9.234162201595879083e-01
-2.166159752009670925e-01
8.131842620402431887e-01
-4.019256096633414543e-01
-7.568707488240100645e-02
-7.770748744799396146e-01
5.919553958736119004e-01
-5.059551267815092235e-01
2.938928515224641380e-01
3.438191646351054231e-01
4.808016869040656616e-01
5.544167728074398394e-01
1.525855043725405924e-01
7.839407523449779536e-01
-2.108735574749485142e-01
-5.672160019827490185e-01
1.426330071656252141e-01
5.338407320171485448e-01
-8.096758519216098460e-01
9.602180118882872595e-01
2.793968885787689871e-02
1.706510302453123629e-01
8.340294697407819591e-01
7.834220259909117079e-01
5.473965281182753273e-01
1.036822840756617126e-01
2.733342557805920059e-01
9.903046359341907134e-01
-7.822514874460284595e-02
9.406774387818523930e-01
5.500974650274446098e-01
7.379552471957517845e-01
-8.392262887828685347e-01
7.720604668822732553e-01
-8.104225540888081447e-01
-6.293478004319350561e-01
-3.036229842150892644e-01
-7.097637231838824778e-01
-7.772341961755024897e-02
-2.431077044176572777e-01
-9.847010827972044744e-01
-3.546658904722308492e-01
9.130269100765147083e-01
-4.204759596468361504e-01
-5.918622642867827910e-01
-5.403271504080007226e-01
7.626344994755700490e-01
7.206595388088108400e-01
-9.747451834776936774e-01
-2.048236309996585014e-01
5.069541081698536455e-01
-5.700477357748061635e-01
-2.037225640961786155e-01
3.854160603619198877e-01
6.395327255575098402e-01
6.379289400316856540e-01
1.650057945268268433e-01
7.252942757372145000e-01
-1.553313767857411598e-01
-2.030548284622601951e-01
-1.168505116506930452e-01
-4.925242473206159488e-01
8.801925585880931990e-02
-1.692224786152809468e-01
7.847873524078206042e-01
3.117617179070890643e-01
-7.249856928808418033e-02
2.138093027199774454e-01
4.491119638987788321e-01
6.053309909381914267e-01
9.240654113658919311e-01
-6.406226203329532520e-01
9.923573377756400582e-01
-6.109156428261395266e-01
-1.831443683823208435e-01
4.844942369544686933e-01
2.694133968122174316e-01
-9.091795846372516809e-01
-5.055228948925476473e-01
6.272579396346211755e-01
-7.532674492480579964e-01
1.795040433060137719e-01
-2.107857019305818813e-01
9.816770252063828917e-01
6.341953173542573818e-01
8.616126279159710410e-01
-1.133907874391895110e-01
-8.292567004047177726e-01
-3.193291272396832081e-01
9.872831491499676204e-01
-8.722407148781829989e-02
7.784081200780705867e-01
3.380634109717441937e-01
-4.268681588806002569e-01
-9.292473387760507020e-01
1.425549461618464964e-01
-6.187268083883676884e-01
4.532181084825204209e-02
-6.832784180827635723e-01
4.488352246612925533e-02
6.589910189897298931e-01
3.110791412043958371e-01
4.109170668435917495e-01
5.136137258108155468e-01
-3.656754764709144734e-01
7.351549365966638661e-01
7.557692930263086861e-01
6.612763859290282653e-01
-6.415133662206498055e-01
7.434972092178318004e-01
6.576511051082767345e-02
-5.581624459529921367e-02
7.006283251205451812e-01
8.940476801561219045e-01
-2.985565925987101465e-01
-3.533882297188897237e-01
6.143431068545268658e-01
8.490355636397779460e-01
-2.680677053753968142e-01
6.404154596214435280e-01
-6.681207131029582857e-01
-1.214129200114648643e-01
3.120475909972875161e-01
4.455667727343473050e-01
1.990125882208730879e-01
1.649522810768599967e-01
6.960564657687600132e-01
-2.726071632829869529e-01
-7.349962413067696598e-01
-8.148147747554064235e-01
1.910107222875807587e-01
6.576417464745327734e-01
-2.121275976457108747e-01
6.863226951509586726e-01
9.159479288915486350e-01
-4.117819204811203893e-01
3.747486662974082172e-01
-5.240992768753853781e-01
-4.709139300691989050e-01
7.215860385972239222e-02
7.696586662653224220e-01
9.448922143149414143e-01
-6.075929735394918207e-01
-2.381854950259671977e-01
4.131550470361140537e-01
8.179541257800710952e-01
5.186077951876550962e-01
-1.907558316820401334e-01
5.001170219841586384e-01
1.433561982369557786e-01
-7.371556149352591625e-01
-5.151663202643412820e-01
-7.503664969498191617e-01
7.202092983904593293e-01
-1.103726070172299512e-01
9.153569725666854673e-02
5.602813243876079152e-01
-2.196524101976613519e-01
3.355795224359490181e-01
9.144109978456864685e-01
-7.341012680436964644e-03
-9.161974413539206719e-01
8.329540138256910087e-01
-3.405878045174193236e-01
9.240227202630602044e-02
2.109319754075860143e-01
-1.817364739105697957e-01
2.025766762367191554e-01
-3.802584175322631932e-01
-6.713882101986885509e-01
-6.126689022418478903e-01
-9.827749138225387870e-01
3.695348856119684555e-02
3.289124989936644816e-01
2.283833003878996681e-01
-4.860337112598933640e-01
9.755170366509766655e-01
8.317794912537548324e-01
-4.798441696775508358e-01
3.066742443312155952e-01
-7.850531312999899924e-01
-8.894569985931735090e-01
-8.145449604368080188e-01
-4.063084132603438370e-01
-3.469645991754286563e-01
3.353692284016469571e-01
2.768708315502816930e-01
8.154354924380329273e-01
-4.689862601838594713e-01
-8.610994601049661856e-01
3.321979144587310362e-01
-9.049313548507227356e-01
9.920395207631795831e-01
-5.075978802607481466e-01
-2.047238991970865563e-01
1.854364914720336710e-01
6.206588339887253447e-01
-2.763233166263407981e-01
-1.907399706727164190e-01
-3.631511147048880339e-01
4.576953934847669547e-01
1.028839543413180291e-01
-9.799448946895359391e-01
-5.713487907658154619e-01
-3.070550136753062986e-01
-1.604498038882935518e-01
1.544020396800673822e-01
-1.684359164490929484e-01
-6.026181521327131918e-01
9.712012316007525570e-01
-4.068568487690815694e-01
3.001439588813530346e-01
-5.142112890126337987e-02
-4.155922448501512267e-01
7.793364526400414771e-01
-6.785788387018505396e-01
-9.819970354254075051e-01
4.989393914438857713e-01
3.659137599195427804e-02
7.215419765444581746e-01
-5.287190824067871109e-01
-8.920973466984938316e-01
6.068657731437139269e-01
-1.012479185656995906e-01
-8.673093867283190317e-01
9.298771745831313496e-01
-8.535624290675452031e-01
-9.527139473518673185e-01
3.948375254032248094e-01
9.928650432260068825e-01
9.680237450577617864e-01
9.837677810401768141e-02
-6.963386877633079841e-01
-4.452587851723976975e-01
7.054608783911879843e-01
-1.129604986635814878e-01
-7.084569690262254582e-02
-1.307504466697346768e-01
2.098781671344500666e-01
-8.533198035046398733e-01
1.179041427290898891e-01
-5.401907378066839183e-01
6.261189608585475685e-01
-4.026566302380152340e-01
7.478973920204607939e-01
-5.520740069816028051e-01
-5.123335357935405732e-01
-6.749126120516855121e-01
5.192419442001685592e-01
-1.929758416129434551e-02
2.416398956174057311e-01
-2.404573445963191780e-01
