
0 93.936796 36.885517 41.131456
1 93.936796 60.672005 38.794668
2 93.936796 74.813508 32.553515
3 94.108142 83.870009 25.410764
4 94.108142 86.627135 22.599536
5 94.108142 84.693359 26.212103
6 94.108142 87.410866 22.330712
7 94.108142 90.7098 13.827386
8 94.108142 88.768966 19.129692
9 94.108142 88.662443 19.375732
10 94.108142 89.882562 16.62791
11 94.168142 90.228906 16.362957
12 94.168142 88.40459 19.600564
13 94.168142 91.50096 12.836072
14 94.168142 90.940231 13.793007
15 94.168142 93.171813 2.431574
16 94.168142 91.610116 12.934803
17 94.168142 89.783326 17.52912
18 94.168142 90.408067 15.765646
19 94.223414 90.288587 14.915735
20 94.223414 92.267281 9.214621
21 94.223414 87.868632 20.633798
22 94.223414 92.370103 8.359261
23 94.168142 87.282055 22.009602
24 94.168142 89.456634 17.023726