-1.604842373497429309e-01
-8.856342484420289818e-01
6.913676744215088155e-01
-3.054529026839259975e-01
-1.142813048396739362e+00
-5.350900351680722977e-01
8.409144631708505013e-01
3.541706126757259154e-01
8.915232552089550344e-01
-5.175664628609860651e-01
2.588310099819561838e-01
-1.582370501933635154e+00
-1.097779555648257244e-01
-4.087372500447953305e-01
-4.340357728594967379e-01
3.482006653978640953e-01
5.077068146782248714e-01
1.107103905448213688e+00
2.523743238972110392e-01
5.358889919010165759e-01
3.441265220556878335e-01
6.541408258740741832e-01
1.224543425678472186e+00
-1.271579120430834431e+00
-5.941273544242514637e-01
1.026286640122125782e+00
-1.135705441580432851e+00
6.585892504957132632e-01
-8.966104629532981596e-01
-1.151638288829538670e+00
3.824351674217379982e-02
3.134957105355787865e-01
1.933310024299918911e-02
-1.133922840099370832e+00
1.202684382586074907e+00
-8.208150172829145053e-01
-3.253718115988525894e-01
-2.668304895914695996e-01
1.842811460380138211e-01
8.866877803555996140e-02
5.262172242885342355e-01
-4.407863714885211781e-01
-1.365004469896331063e+00
3.461895733639532846e-01
-7.388752464139125564e-01
-6.253937794822024276e-01
4.007506637900256630e-01
-4.048208196953910765e-01
-4.256899601021952306e-01
-1.145657423977848310e+00
-1.481228079837588474e-01
-5.548390133436674754e-01
7.614307645193636453e-01
-1.000904815086654853e+00
4.646692493776377608e-01
-5.192339436282116250e-01
-1.636484925965564219e-01
-7.574149934426046560e-01
-5.262480930022953585e-01
-6.307240218000199627e-01
-8.999703159936892627e-01
-5.845337966775800975e-01
-2.353625177112521061e-01
4.110676673972704087e-01
-1.078368330902308020e-02
-4.240256178492760042e-02
-6.128369943486220439e-01
-4.821650895095141443e-01
-3.257980718088206440e-01
-6.492347168678327396e-01
5.647129056059291274e-01
-3.239891371140233844e-01
4.304674472658276962e-01
3.326303730368185274e-01
-5.264585070107862252e-01
-7.063180077777397869e-01
-6.857647931373543893e-01
-7.347466336456862646e-01
-8.887634149067304978e-01
-2.293339963532698145e-01
-2.312166580881634403e-01
-6.533850153069702404e-01
-7.735403291574876050e-01
6.951625084740538085e-01
-6.765719404444457963e-01
-9.772643765997077736e-01
-3.678098450411444731e-02
-7.481642801957133493e-01
6.048424728601342615e-01
5.155361006879803920e-01
-9.634926264247687389e-01
-5.474441242845117239e-01
-2.273895544505354360e-01
-4.311107297674717787e-01
-4.489587917679307427e-01
-2.218849551881984627e+00
8.766836441471893560e-01
-2.262215171218058818e-01
6.253723730673776959e-01
-2.085450199352773260e-01
4.179634269287341164e-01
2.817806140729793296e-01
-9.372910419802625848e-01
8.298758885831476473e-01
-6.070877304102850758e-02
-1.010323658539646896e+00
-6.192903841785890595e-01
1.631511783288323580e-01
2.435526204419145302e-01
-6.239312065510908001e-01
1.349292051883036692e+00
8.314894848328455712e-01
2.120899472531476704e-01
-4.268426209525537363e-02
6.629859584204620404e-01
-8.134966872815214689e-01
1.406474065795813300e-01
-1.040390011873883191e-01
1.813303312956774105e-01
-1.932445476331920986e-01
3.307051284277889858e-02
-1.143605983140694449e-01
-1.047311040130085857e-01
-3.348439624023849537e-01
1.073405623078750759e+00
-4.379875328763587206e-01
-3.687437329128324670e-01
2.274645221432340936e-01
4.045092142196959895e-01
-7.976657412265852898e-01
-9.697451659671235680e-01
-3.584145466504121691e-01
7.004281103992437973e-01
-5.295925675616599548e-01
1.965059075789449272e-01
2.828950915195158414e-02
3.444427448839293415e-01
6.611824764327114412e-01
7.558460900800870741e-01
3.076112127845231914e-01
1.023157134829723591e-01
7.679838672118846077e-01
-6.238052003758286501e-01
-3.818586890083291302e-02
-1.026435993760436288e-01
-2.216340917431199320e-01
4.101772642931218460e-01
-4.513498339260026415e-01
6.630880957800279196e-01
4.652394851920612640e-01
-1.146461135047512236e+00
3.454924548880701218e-01
4.246625109669107667e-01
5.035519068046195867e-03
2.175456736347953779e-01
-4.407867178860199742e-01
-1.319809740784466445e+00
4.603474183244417040e-01
-7.455557393098434238e-01
1.903942620446977541e-01
-8.367197435476634304e-01
3.203880219815152808e-01
-5.732807269207724765e-01
7.767293080042725339e-01
-4.686962691557511884e-01
6.380690026962313466e-01
6.601285797639021569e-01
1.188480987437447733e-01
2.647449905162049255e-01
-2.698984753246063684e-01
9.747834191233823997e-01
-1.072023481934192946e+00
6.025169508502583593e-01
2.204651123880363994e-01
-1.578288910854830640e-01
7.055719210688036203e-01
-1.777517846421933501e-01
-6.883859138192798266e-01
8.789253011462034859e-01
-1.020772708817805796e+00
5.303621294552510745e-01
4.474364730747004137e-01
-1.331018026132890553e+00
-5.888438145095956644e-01
3.650550064451317800e-01
3.977689074878485442e-01
-1.002884692416965429e+00
8.009542562203244565e-01
-2.499292417282028556e-02
-7.442898786960725488e-01
7.101028922585801706e-02
-6.797728397982720772e-01
1.131930706049525170e+00
8.761089078879261138e-02
4.209417001755452192e-01
-1.183153844888396033e+00
-9.858445269967616720e-02
6.856929517114724870e-01
-1.952580255627432426e-01
-8.218985393547690865e-01
6.483454465352547214e-01
-4.516533551285478731e-01
4.657236688763004284e-02
-3.594288841261539247e-01
1.003750403161464355e+00
1.907259182198717262e-02
-1.801985089556293218e+00
-1.165062108106748318e-01
-1.558378401255278711e-01
5.487776237625188180e-01
-7.219877820903328192e-02
5.745947741922635688e-02
8.749600437372248019e-01
4.376075076774451622e-01
6.500983148564386527e-01
1.956175998361175117e-01
6.598341277743332567e-01
5.064344542134457949e-01
-2.930226092348809930e-01
3.418975287230401339e-01
-1.347985497644754727e-04
-1.918888827448799184e-01
-1.639911506216474857e-01
-2.972184500597645496e-01
-9.189543301325845404e-01
-5.355354793094373178e-02
-5.328023034451760953e-01
-3.971072104290082061e-01
-1.194277428401618435e+00
5.694731893959131819e-01
-9.793571802692891959e-01
-3.699714457756361208e-01
-1.337938775000247382e+00
9.476617859000031618e-01
1.806675963117614081e-01
-7.175995409203815845e-01
9.590419110748507059e-01
2.674638139044244745e-01
3.524546223906562803e-01
-4.720013464357322719e-01
-2.528603614459256632e-01
-9.329868745162672727e-03
-6.511875715661500363e-01
3.491311843331798004e-01
9.604525242672381502e-01
-2.023687668633145087e-01
-3.257321159358638196e-01
-9.381725459877175988e-01
-1.365196130216553838e+00
-1.609732808395790415e-01
-3.039564184544067960e-01
-5.561988320163688826e-01
8.491110623671392910e-01
7.344545295250730632e-01
-1.606341880083709817e-01
6.696712267162998611e-01
-2.923688056080241404e-01
-7.917760245612198711e-01
5.423920787928071530e-01
4.626804417625838273e-01
1.459914475441952408e-01
-9.726381039570505260e-01
1.109948370591000155e-01
-6.866166567617332239e-02
-4.450741192249020595e-02
