
0 61.725871 25.147232 24.176149
1 62.092143 37.513334 21.555311
2 62.092143 38.938731 25.143125
3 62.297895 52.995626 17.804701
4 72.844496 53.784166 18.649455
5 72.844496 49.067712 22.908837
6 72.844496 59.301256 16.139475
7 72.844496 57.987691 17.556117
8 72.962233 53.62266 23.801407
9 73.760346 58.358052 21.902895
10 77.042122 61.547435 20.342956
11 79.141928 66.842979 12.55148
12 79.141928 66.149367 16.567795
13 79.336913 66.052183 19.02582
14 79.336913 65.334692 21.033857
15 79.336913 69.026914 12.611493
16 79.336913 63.78599 21.574498
17 79.336913 62.062359 22.989096
18 79.336913 72.609915 7.522361
19 79.141928 72.86798 10.002995