9.935406502652073257e-01
-3.878125284743225709e-01
-4.569629926322194002e-01
3.780522647329702668e-01
-7.654859498897623737e-01
9.829886802452096894e-01
-7.762990825547075868e-01
5.890787824769534442e-01
-7.655357995903420143e-01
-7.543164236129540345e-01
-5.507555083981774402e-01
3.539036326067006577e-01
4.228892692581911472e-01
-9.703235001559493700e-01
-4.293150911914274115e-01
-1.343505507236804064e-01
-9.698447676805947992e-01
-9.904869594591527715e-01
1.714096035133134688e-01
3.304854016101508307e-01
3.574813299891332896e-02
-5.540340932387162187e-01
-5.546239475343841541e-01
7.136970461830554058e-01
6.078161600162068634e-01
-8.059948774517049497e-01
4.524353156261540221e-01
-6.669190990391753449e-01
-1.335168241828101898e-01
3.050669105738037512e-01
7.157176785217171933e-01
9.657532608980545774e-01
-4.646964922684104771e-02
-3.947543729807954094e-01
6.285396761239538943e-01
9.613334363507499702e-01
4.676513711905927462e-01
4.211949895413440448e-01
8.211524345140777115e-01
4.235125265757311297e-03
6.878588634334383833e-01
-8.732246053652090723e-01
-7.389665639496194594e-01
-2.990415988002526060e-01
7.353596941582150048e-01
2.477544345778037727e-01
-7.823451005766872690e-01
1.743823748986856881e-01
-3.020595862052490865e-01
8.310784732955851517e-01
4.923163722964716271e-01
-8.203518465054144837e-01
-7.903175839939351466e-01
3.849225392041635274e-01
-6.445851629739738353e-01
-1.457163319364698228e-01
4.971786186502398230e-01
4.115142420890314234e-01
7.817984872693242160e-01
-9.688888128645445352e-01
5.497949183591139821e-01
-7.888304348553778489e-01
3.923341263550585989e-01
-3.323289033364447143e-01
-1.973480501867390657e-01
4.193093497516864332e-02
-8.751799008935030599e-01
-8.894909373007522380e-01
7.587468741526000038e-01
9.003551295197393944e-01
7.447523406756422215e-01
2.667021695398252845e-02
-9.253306293303731334e-01
7.276743757865402618e-01
-3.178803701209382826e-01
5.950664757846988451e-01
-2.157649795656897407e-01
-6.166746828532565505e-01
-9.037380216366959207e-01
-5.529806222214550537e-01
-9.727823470926830751e-01
-6.835422315975592245e-01
2.116194167349894073e-01
-6.781770825940431902e-01
1.842111758101745433e-01
5.342221053687223886e-02
-5.048352889714262659e-01
5.583489081799752896e-02
6.582280617069036222e-01
1.654728929049471553e-01
-9.129273150700305539e-01
5.992772764024207888e-01
-3.270189118961854824e-01
-2.921040897546858250e-01
8.223323770974784175e-01
-6.981512476478337614e-01
-5.904666110270206936e-01
-3.862546735809009313e-01
-1.966716023727848039e-01
2.373651986633211752e-01
6.759562387316460086e-01
-2.629338772420952708e-02
-9.570109099783181694e-01
6.992046674197891498e-01
-4.466943761979602634e-01
-8.565368043760630545e-01
-7.755396543964681033e-01
1.350997085902430062e-01
3.308437507980777070e-02
-4.458653649477333225e-01
3.177732949835347931e-01
7.165690389182224340e-01
6.689342025859728036e-01
6.892692099858532817e-01
-6.753237951233943548e-01
2.965451911673888663e-01
-2.539542827685157267e-01
-3.993526069358011021e-01
-1.357770527106718639e-01
-1.786017668586972196e-01
9.351820303583591176e-02
-9.132926677953263628e-01
1.441430842893542952e-02
-2.366029147749000305e-01
5.104495848346015663e-01
4.525765180765439766e-01
8.246635643434658824e-01
5.018302189930887725e-01
-9.803016338450274425e-01
1.585249853106516227e-01
-5.370007518137633884e-01
7.058505248933879539e-01
-4.251747919616797322e-01
2.383514893740763529e-01
4.329133945177170428e-01
5.980675236593380184e-02
7.916339988598566357e-01
-3.569341430559602735e-02
6.713865556957625547e-01
9.370121161759701334e-01
-5.730793381752352644e-01
4.239150643666078633e-01
3.709558667826757805e-01
-2.561385675803400375e-01
-3.808748711970206813e-01
-1.403928464751880156e-02
7.393592653711738016e-01
1.334554186600651615e-01
-3.745212256275491924e-01
-4.275185084633217336e-01
-6.224502303152452676e-01
-5.792059701205443112e-01
-5.326279635502602083e-01
-7.929279940977547181e-01
5.618827800006109818e-02
9.470803781341385896e-01
6.684057201155273464e-01
-4.930162265231730068e-02
7.609399009812747305e-01
-3.463048752449167100e-01
-9.662790165001109433e-01
7.229138908513883521e-01
9.295000264863864103e-01
-7.315353002752451594e-01
-8.252681273860762445e-01
7.708310726860776452e-01
3.638839735820329491e-01
-4.984165308074197664e-01
1.910099052299261135e-01
-5.145845888913935795e-01
2.882800650332235648e-01
8.559184859199782114e-01
5.918117749351330392e-01
-9.619672729653536702e-01
1.489270680092125154e-02
-6.098798281390691578e-01
5.431018326227825543e-01
1.367938128742234305e-01
-4.623282608366658941e-01
3.070460095891338614e-01
4.836188313448026577e-01
-1.069783889437176949e-01
-6.176022914631271732e-01
-6.263071027791040635e-01
9.234055807728116516e-01
3.083167112482136929e-01
-6.646289904167779206e-01
8.947225539590397680e-01
4.600281110574591104e-01
-2.979303386972844692e-01
2.592686316934342816e-01
-2.827696110937569784e-01
4.334655212217330966e-01
-8.580130083620682857e-01
-3.106194314697683367e-01
-4.954051974471442854e-01
2.885551975021323212e-01
-6.929906196348512015e-01
6.005920792094761040e-01
3.140655606589857207e-01
9.082663632409233578e-01
8.565949588344865528e-01
-5.176821173994903269e-01
7.388700497431870406e-01
3.419219263211774607e-01
-5.340440265433259448e-01
3.841138464387077178e-01
-6.079451997891858195e-01
2.735694583133516655e-01
-6.629678873964914843e-01
3.932494002311808234e-01
2.865547904601184470e-01
5.142039308555550470e-01
6.198313171718683456e-01
9.390088262918898643e-01
-8.844945043115859384e-01
2.431722790864554451e-01
6.117839107185603087e-01
8.039091391566353106e-01
8.348126956238866025e-01
-2.660648154111702191e-01
7.132707634846575662e-01
3.255745522264938963e-01
-9.585877282296695334e-02
-7.822201470524672295e-01
-9.327984653969234596e-01
-3.538676237921209999e-01
-2.770237093886374069e-02
-3.822002165308955313e-01
2.504005553246722027e-01
-9.533070444115370190e-01
-6.098242754305316371e-01
-7.539220609677954599e-02
-9.549209353591225913e-02
-4.914322985942265465e-01
-5.501935630545238265e-01
-3.553078234083373310e-02
4.823089146773398284e-01
7.443923426529719389e-01
3.125351608695763339e-01
3.095570829348992525e-02
-6.975912056052251398e-01
-1.880265897848896195e-01
-3.427918322056262568e-01
-7.752165683702711974e-01
4.436856482997240114e-01
1.568905935425357612e-03
9.743401890900513784e-01
-2.116957869420450500e-01
3.311861771538273658e-01
-1.272675406520444863e-01
-5.606342656406650971e-01
-1.669577766748224779e-01
9.379701092279653096e-01
3.772805177223017559e-01
4.818578523410428360e-01
-2.533694673101918315e-01
-6.520564517445603947e-01
2.577715709585195469e-01
-3.426536587264079614e-01
-8.132561908568591846e-01
8.643776520125223684e-02
4.555330821479670611e-01
-3.763233474744074325e-01
6.377773053888693422e-01
