2.134569571280919842e-01
-4.573491766983501794e-01
9.930527692595287892e-01
-7.526601456613413177e-01
-7.835533684039077684e-01
-1.164431354869797097e-01
6.143112127233569808e-01
-1.768129619306977318e-01
7.675456185642348661e-01
-2.985999291766086028e-01
9.778981862059550334e-01
-7.339799805304489944e-01
-8.364999029933140040e-01
-9.552321236439835772e-01
-8.702434646438357291e-01
-2.513272920892930529e-01
-1.793190039761527466e-02
-2.660667177085047630e-01
-8.610586830641353551e-01
9.813000747964550907e-01
1.174951227239002804e-01
-2.979010285035643690e-01
-8.998641080079226029e-01
7.209063765044594341e-01
5.936320769187597435e-03
7.006296659983013431e-01
6.395464915282529361e-01
-4.308150318256576128e-02
-2.739054146668937761e-01
4.145076611427731539e-01
3.679035406975521560e-01
6.697912871120810241e-01
4.638580638633604813e-01
-1.543293046940368285e-01
5.070876038401956887e-01
2.320453671915856386e-01
4.220173703193039749e-01
7.322186074724328364e-01
-3.932112652619104143e-01
-4.372308250454282064e-01
-7.107426110576218203e-01
-2.238502580745351800e-01
-4.991195552447749151e-01
1.604570857538722972e-01
-8.491004805558037827e-01
-3.868535826713730419e-01
2.786375786146959577e-01
-2.781259823152719690e-01
3.413503581925056984e-01
6.002466656258920175e-02
4.351068350256979134e-01
-3.520859615103311135e-02
-8.743037035637810650e-01
-8.837867042811105023e-01
1.262460747670917094e-01
-5.828422353341717876e-01
1.739200912881955219e-02
-4.681613420665708958e-01
3.149174875232256809e-01
3.395539822665227803e-01
-4.871606110860995376e-01
-7.395691070570828973e-01
6.472805551330045315e-01
-3.079527848275909196e-01
-1.389706490794244687e-01
4.467794514745031531e-01
-9.865904483285126148e-01
2.146143505440942789e-01
8.665923098864689589e-01
4.937928382382015258e-01
8.784861075605754355e-01
-1.795425346707708592e-01
5.975834262669750263e-01
5.876478819531532061e-01
-4.851902962132734753e-01
3.208487382501972185e-01
9.929932699101486904e-01
5.633092725392199185e-01
1.011709488440530880e-01
4.049551019483961234e-01
-6.258256037863429988e-01
-2.203869150569151003e-01
3.807571353270082781e-01
1.694377965845557110e-01
-4.306685992714345268e-01
-5.172208056540150700e-02
4.518439449365494465e-01
-4.553657038415861447e-01
9.590735831010512857e-01
-2.842438828216624636e-01
4.916870705052311941e-02
-2.810914507113890792e-01
5.180746469618136008e-01
5.949394509616972027e-01
-1.629010201905447541e-01
4.690033271647540136e-01
-8.931349292544665808e-01
6.709418390209929139e-01
-5.540556722770069165e-01
-7.756635773810784951e-01
4.386021680339637907e-01
4.458924061476856604e-01
6.864088766438249944e-01
5.629382372793347855e-01
-6.048300769825742940e-01
2.803869044770563868e-01
-6.433092679099543520e-01
-2.476647947041055176e-01
7.176486618201454171e-01
-7.913695117378092281e-01
-4.769802047064923833e-01
-2.296810435717879795e-01
-4.395970348565108043e-01
4.438360090795780977e-01
5.471927185016070005e-01
1.110220762361482372e-01
9.750181636170160981e-01
-7.106299818819274972e-01
-2.434510968848293544e-01
3.947120329708173614e-01
-3.161745771371171632e-01
-3.590618190259564635e-02
3.778568763767520267e-01
2.439968512931403044e-01
-2.303382321004179278e-01
-4.742676263685809968e-01
-8.320681686072928240e-01
-1.921990198034582153e-01
-8.511695798939884483e-01
1.914941282527018451e-01
-9.961596346414636205e-01
-6.148725404590793531e-02
1.753788502513036196e-01
-3.941983563549247283e-01
3.287614180127134134e-01
2.070790324887250566e-01
6.768279418116789348e-01
8.382393339138627386e-01
-6.570417745207852711e-01
2.643782783488000110e-01
3.784000178244373291e-01
2.033129924990644266e-01
8.001693604917203828e-01
-9.192426740888175463e-01
-5.234726755073491056e-01
-4.308512681043155101e-01
1.192316955547561008e-01
-7.714227137085138963e-01
-3.827988807585420705e-01
-4.684510526699448008e-01
7.708637300853191654e-01
2.962346427449278341e-01
5.303728909738096853e-01
7.176656331054174220e-01
2.980004453687934429e-02
-2.796182965733637893e-01
2.098175077376576159e-01
9.087314541117053057e-01
-3.525635428607487576e-01
3.735157187096633802e-01
-5.834438111060329391e-01
-1.859736185867482128e-01
-6.822169488957110506e-01
4.340121839923245517e-01
-6.943774241580573658e-01
-9.770142665185646003e-01
4.794528221950993263e-01
-7.060694374239577797e-01
-6.388624826804978341e-02
3.895088860281310517e-01
-4.957430400247782032e-01
-3.931718934236825280e-01
3.704655269674175244e-01
-2.731054100007779262e-01
-2.508550142678716011e-01
5.371153799043806298e-01
-2.564086537099568019e-01
-4.803359992073739093e-01
8.650551516398725660e-01
1.317183788054332449e-01
-9.632572078688947936e-01
-6.042605289434903604e-01
9.804675810219243282e-02
-1.990522516066508540e-01
-5.359667825715219713e-02
-6.750938727421629260e-01
6.130361430537680789e-01
9.756041894413218785e-01
5.217561047415986142e-01
-6.314738998993116859e-01
6.003626414309684023e-01
2.308975988280630443e-01
-2.033330262943640054e-01
-5.144320004875926333e-01
-7.467504384920675697e-02
7.874487029533006055e-01
-6.841074099792929797e-01
1.948833624324570746e-01
-6.601823673236084655e-01
7.563635090440796738e-01
-4.192242277592943545e-01
-2.438751808025851897e-01
-5.695935650757280033e-01
8.201376136232205738e-01
4.510102804051063785e-03
1.383094304857110934e-01
-3.470105092738933195e-01
2.901638509026236434e-01
-2.576866694545942860e-01
-8.530536131405339617e-01
5.708224905405461236e-01
-7.612686020601642234e-01
2.674484829079504244e-01
9.102899915623656746e-01
5.227995352017797970e-01
-3.992036533258587205e-01
-1.188983506860605832e-01
9.133033253604696533e-01
8.962217176193649770e-01
1.411972525126614642e-02
-5.704449092807426513e-01
5.001663237582176791e-02
7.410460245057188811e-01
9.044723078137071326e-01
-3.025485497355731024e-01
-6.427204215281401289e-02
2.306447706575087686e-02
9.627963551683689225e-01
8.739645052276057147e-01
-7.536151882807300417e-01
-9.816117835605546738e-01
-9.794399740655077569e-01
1.335036242589082711e-01
5.445487149516601288e-01
-1.008652674741166155e-01
-2.441692241693100840e-01
1.785583292686969692e-01
6.598320757305151663e-01
-1.578634280911492827e-01
-2.549317006771596450e-01
-7.945940233970003597e-01
-6.030902406825058293e-01
-2.012650199803722728e-01
7.153576865375634863e-01
-2.268483519277206817e-01
-9.300634751943137601e-02
-5.075770132352186437e-02
-4.038549187845261734e-01
3.198895140221167388e-01
-4.564864188464212713e-01
4.579342952528391297e-01
-2.667902475746226632e-01
4.674395709334815407e-01
-3.667085460142802678e-01
5.238920775716646716e-01
1.807504736747000962e-01
-1.171202519291949518e-01
7.944647257328352197e-03
9.736085312808762104e-01
8.324850337472122774e-01
-3.354805052847908975e-01
2.589204353217491317e-01
-9.208270154194897472e-03
-3.483199025230174772e-01
-8.468526377842624520e-01
