
0 93.501683 32.921691 39.501157
1 94.051733 53.021447 39.394667
2 94.051733 70.831599 36.298212
3 94.370514 81.21366 27.843588
4 94.370514 85.435839 24.244118
5 94.370514 86.933298 19.777804
6 94.370514 84.440608 26.066027
7 94.370514 85.743915 25.22424
8 94.370514 85.532001 23.218183
9 94.370514 87.850915 20.407302
10 94.370514 90.450983 14.585995
11 94.370514 85.876329 25.92213
12 94.370514 91.061277 14.639158
13 94.370514 92.555311 6.333092
14 94.370514 92.119393 8.768627
15 94.370514 90.413811 16.485177
16 94.370514 88.444679 20.597288
17 94.370514 93.143752 1.340099
18 94.370514 92.344911 9.829318
19 94.370514 90.409314 16.386284
20 94.370514 91.579104 13.469619
21 94.370514 91.968962 10.619105
22 94.370514 89.941577 16.381702
23 94.370514 92.681055 7.381168
24 94.370514 90.915776 14.491603