7.818561442136726658e-01
-9.851181570490239459e-01
3.823183214848777656e-01
4.501038068571481254e-01
-9.102249881512067820e-01
6.858316660991266023e-01
9.263622276232077457e-01
4.969306736783483114e-01
-5.882391943936320367e-01
-6.488536089512515481e-01
2.863520235132186453e-01
3.601461410180717415e-02
-2.018401564017302530e-01
6.650933188503624915e-01
8.753895310138359864e-01
-6.505185774676864874e-01
-4.117547085735586698e-01
-3.807594973590069376e-01
9.596562496897365069e-01
-2.087157175874352344e-01
5.979131827255192988e-01
-1.744141809829979906e-02
-9.960255054891742343e-01
-5.869067006408987819e-01
1.954519119086486345e-01
2.829473745577930632e-01
5.605487061614391475e-01
-3.297052724551838843e-01
9.007575471108846266e-01
5.016932496905075478e-01
-6.700938600872872186e-01
6.326304727182283649e-01
-6.694456951349430085e-01
-4.170370813138379873e-01
-9.371123522396374028e-02
-1.979145576622871605e-01
9.664135084562985867e-03
-3.473911663724000842e-01
2.465768697013934752e-01
-3.835176582352231023e-01
5.973750627869007790e-01
-4.128140152610708657e-01
3.555410509173602129e-01
-9.850923741681647527e-01
5.582083620526154810e-01
-7.506271037455345407e-01
-7.283286928412870953e-01
3.073078918839209361e-01
-4.429904196501475155e-01
8.831494720140327104e-01
-2.407174818222794777e-01
-9.270043142195987240e-01
-4.379722353659767364e-01
2.429940927007812057e-02
8.440984940117974844e-01
-7.514158481619654939e-01
9.030524513025706135e-02
3.962130201921059136e-01
3.029660906734343850e-01
-4.695886066864394248e-01
-1.956772139227234142e-01
-9.292773665471165678e-01
4.596707781019264694e-01
9.941972194984352029e-01
-7.971630501420057247e-01
-6.072152035746156695e-01
-9.920513219322371068e-01
-3.331210510328739272e-01
5.495743084825588376e-02
-2.272939108827123356e-01
3.142058672598566638e-01
-2.504788657993068934e-01
-6.906980903397665905e-01
-7.014678270969407770e-01
6.744013438405913607e-01
-6.581896525501331752e-01
4.812669406444358700e-02
3.655694484937548339e-01
6.649174038778831175e-01
-1.145103518784109653e-01
-4.184832323839722257e-01
-6.785073935800025602e-01
-7.328099859984515962e-01
1.577583596951996903e-01
8.421733057001612455e-01
9.657601360400747126e-01
8.003886695329309742e-01
1.389949160813870321e-01
-4.031384463308793631e-01
7.472306087910738359e-01
-6.493439850116529133e-01
1.076539241601461860e-01
2.131730875828414806e-01
-1.967501426074478310e-01
2.339825154177987976e-01
-6.148343919226444410e-01
-7.934535932978497019e-01
6.227712872143240652e-01
3.998277980593363257e-01
-4.299222883262756589e-01
8.846861746865148923e-01
-6.251383648025277129e-01
-1.810964929495575415e-01
-5.334917393411298114e-01
-8.986007774135753579e-01
-9.709887495706244209e-01
1.204863458625868855e-01
-7.792132157736799680e-01
2.677671246071575695e-01
4.361629052313580335e-01
4.211026639853456821e-01
-5.564432666398713145e-01
1.084961197919729337e-01
-1.447682705957415994e-01
4.770761410968715754e-01
-2.976483799421529852e-01
-9.486999608534962825e-01
6.216137302859690017e-01
3.456849607235152888e-01
1.254084974840330435e-01
-9.460297142431772777e-02
-9.626594242230404053e-01
-5.845530780388417114e-01
6.894327497177790143e-01
-1.666361878271549468e-01
-1.600399791926012671e-01
-1.163337537474262717e-02
4.392795943360570110e-01
-7.337660650638555548e-01
5.898562619566791732e-01
-4.194623416092724266e-01
-3.431422152535505976e-01
-8.158890128684139764e-01
-1.624938845544023902e-01
-7.885325575567445622e-01
2.497209198076257852e-01
8.297714868730348137e-01
8.969372598625784399e-01
8.690873288078073688e-01
-5.234967261104703784e-01
-8.837904118208763649e-01
4.778618725364351949e-01
2.443509833156347621e-01
5.906198607943702328e-01
9.822683965126710603e-01
-6.001117270763070000e-01
-1.786432579024153089e-01
2.223176174929397675e-03
5.258527921080011769e-01
4.109968974795465968e-01
7.075404638398159474e-01
-1.061151381562166485e-01
-7.410924684953728026e-01
-4.653662648162530946e-01
-4.973949981479515170e-01
-7.524923090437509732e-01
3.989950890025462105e-01
2.172075285635719499e-01
-4.170840867393696971e-01
9.101483789223951959e-01
-5.968358538406806080e-01
-4.156127872354029584e-01
-6.322737368346718068e-01
2.066020094421567865e-01
-9.356854576289339587e-01
-9.792992964564430913e-01
-4.128786681188809649e-01
7.203614394527169118e-02
1.030579976241170481e-01
9.238328434472879991e-01
-6.978038905341148457e-01
-3.371092436128597658e-01
1.198085780643953768e-02
6.836553494103974060e-01
3.347919114092372528e-01
-4.003830431845962767e-01
8.704740994776187790e-01
-3.627061540485088109e-02
-1.808073543047217235e-01
1.804420446333823147e-01
-3.514867533429999469e-03
-8.393938249355401560e-01
7.302585309765385890e-01
-5.504103151493175972e-01
-2.430582537302659052e-01
-9.575903528340907744e-01
1.109792158838360798e-01
-4.510134063508761670e-01
-8.424832800959072276e-01
-6.912629471394495795e-01
-6.377825603404585486e-01
2.968416473867883099e-01
-8.891875175042522894e-01
-4.050221574121815049e-01
4.706236958808029947e-01
4.355146924789754515e-01
-2.306071055809186809e-01
-1.727136087695209099e-01
-6.276070817433576643e-02
-7.863103404198121815e-01
7.584459775616019250e-01
2.298896125157814385e-01
-4.880950767649649968e-02
-2.973761494738342837e-01
9.413154568981905168e-01
5.929379787552853109e-01
-8.582558511019333647e-01
1.543196078668018778e-02
-4.260543408957651046e-01
1.757313618448488324e-01
-5.052016204232743224e-01
-8.962539309745145566e-01
5.455378113363835713e-01
2.275718177187295854e-01
1.898454610308466517e-01
-3.452919619619378988e-01
1.352171385870402087e-01
-6.791760864320235402e-01
6.216752280536059772e-01
1.301848948025650099e-01
-8.527096606849915439e-01
6.220254073442668119e-01
-3.790870705739433077e-01
3.962918900715819426e-01
2.289123541599058509e-01
-4.635419179007582713e-02
5.706033791949287615e-01
1.038835946448621872e-01
5.185648250244563329e-01
-4.636573954925224950e-01
7.244874136228851569e-02
2.587026909267937658e-01
5.792878146199351708e-01
2.416418238806854468e-01
-5.301804887568908331e-01
-8.332404355713818322e-01
-2.921149508732538980e-01
-5.096740087885553994e-01
1.961517049084233744e-01
4.256019781159214865e-02
9.837915771919156782e-01
-8.830448761011833181e-01
9.519503290842818988e-01
7.730730427992626996e-01
4.937612367855059858e-02
1.474764788944487037e-01
1.697705728615330756e-01
5.287912976687729749e-01
8.685367948549724826e-01
1.832319814120906276e-01
4.805794569274839390e-01
3.179344168612681099e-01
-2.745021961793603360e-02
-2.523836414856330812e-01
5.207613438951834706e-01
-3.706332760449082553e-01
-8.958440701461700684e-01
1.018094641064446471e-01
2.956715430847869364e-01
2.926405156005431607e-01
-5.302832517642945831e-01
-7.752161482140693671e-01
-7.540554675477406654e-02
9.546278774517304999e-01
-6.288450238610236998e-01
