5.661771919759581717e-01
5.205916189677710637e-01
1.777775838950939047e-01
5.349522751099897722e-01
9.465461138559563281e-01
-4.421381070246592770e-01
4.742934064674022565e-01
4.969306736783483114e-01
-5.882391943936320367e-01
-6.488536089512515481e-01
-2.547133371239793664e-01
2.442783107992372305e-01
-9.593697808169057151e-01
5.231094026263174435e-01
7.447900630963903978e-01
-2.124769438825913070e-01
-5.714764988474587692e-01
3.988749571962642015e-01
4.008168328378842737e-01
-2.916402286437473901e-01
3.918566398854426147e-01
-4.864927818241069346e-01
5.313853032638393703e-01
9.282006308412358297e-01
3.645201194324831917e-02
-9.760274468014149551e-01
8.581662056039718323e-02
-1.722154555081378824e-02
-3.878568314614938561e-01
1.740582737407634362e-01
5.321343532112288166e-01
-8.350524960050851320e-01
-6.579999713596977884e-01
8.851139672543009151e-01
-2.514748699213829042e-01
-1.921840084351003064e-01
-3.746655498544260166e-01
-3.157490826567377340e-02
6.466085135817711826e-01
5.639113198242506897e-02
-3.447251852630233149e-01
-6.913493725599124673e-01
5.060809341834355823e-01
5.302468464238832002e-01
6.514211068019366557e-01
-3.239022916068696745e-01
3.678810283575271178e-01
7.423016320560629211e-01
3.639805821602906111e-01
4.048457029772030147e-01
-1.745473934248464865e-02
5.662596599677742759e-01
-3.763875281327155875e-03
-3.482295475020587006e-01
-1.997877459477148676e-02
3.366377005113776466e-01
6.215103901657295093e-01
1.672508095160645247e-01
9.679691152092622097e-01
-8.103675526099902715e-01
6.900003259164331215e-01
9.084397197868301355e-01
-4.573052217800197550e-01
6.849083634448773772e-01
7.349106532784348556e-01
-4.707692376232770481e-01
8.207867286751135971e-01
-1.553315505212122805e-01
8.424191568658205842e-01
5.031865955861949402e-01
3.382996320865276907e-01
-8.219642581991328800e-01
5.573228606954230280e-01
-5.558947437147625514e-01
3.347612510243933581e-01
6.375795652010067815e-01
1.708882304125827201e-01
-4.595902813819752186e-01
-5.558288626796836773e-02
-8.459570900958810480e-01
7.075070142570698550e-01
7.269309405526140910e-01
-9.900907033181856054e-01
9.973509227681902622e-01
8.985764675678766800e-01
2.555864380882260090e-01
3.535398124714876911e-01
1.871041736916123632e-01
-3.277523375776603132e-02
7.203475582206537720e-01
-1.173556220122935478e-01
-4.766449195102333558e-01
-9.635406656006271220e-01
-9.756167784736209381e-01
4.962375278429276282e-01
5.426859185836485633e-01
-9.819352228257645088e-01
-5.459380327027487656e-01
7.025120255923746893e-01
-6.415554332588508935e-01
-8.315612897702859829e-01
4.520391472645353126e-01
-6.091123422062589832e-01
-1.947654700599734667e-01
3.046437375044397378e-02
-4.263011692180445067e-01
8.321379657383443096e-01
9.203163448513098643e-01
3.283167984697641373e-01
-4.765280724727405381e-01
3.296070540823872186e-01
6.948661484518636744e-01
9.229883678405925718e-01
7.332364644125859421e-01
6.457053096487976873e-01
-7.625354736088421070e-01
-2.663269487087636112e-01
2.061941843949137709e-01
-4.731561409110121019e-01
1.247275837358041706e-01
-3.109238259753202005e-01
5.359829457091562777e-01
2.495481854330305893e-02
6.564710420784878320e-01
-7.237620261470101291e-02
-3.689622714400675463e-01
2.379253558949252501e-01
-1.178632890007478284e-01
-6.725166189351676760e-01
3.148574298778910041e-01
9.680000071064671641e-01
-3.951656594560626345e-02
6.801415815911937557e-01
-7.593602344790673087e-03
-6.834253097621505457e-01
-6.284871482956808642e-01
7.973362982974108171e-02
-5.252909496593711758e-01
5.134806878735251878e-01
3.716382103609434662e-01
4.470454758227713210e-01
-2.346263229691514240e-01
-9.071648613840717079e-01
2.113326016270788976e-01
8.124355800429605701e-02
-5.271819730148445959e-01
6.709063003344186704e-01
1.143124647644484515e-01
-4.257176795723238705e-01
-5.418025898700342680e-01
-6.843857081226896177e-01
8.013663726052728808e-01
5.651512769038258277e-01
-1.168536962803503609e-01
2.581189054578849618e-01
9.244818804726440131e-01
1.866284688930865965e-01
4.711571784485730774e-01
-5.234767526185155617e-01
1.558973503579061948e-01
5.032182888644283203e-01
-7.293425116232328254e-01
7.795295384174842912e-01
8.031033067865487318e-01
9.461258731094799312e-01
-6.334306300423486746e-01
8.800849346862698042e-01
1.644829032241150735e-01
6.868775511998941319e-01
-6.602697913753576842e-01
4.717551553801333508e-01
-9.450112563132049281e-01
6.348763985295855505e-01
3.138324317005614095e-01
-5.114099249729773256e-01
5.116106763059287132e-01
2.066154000092534915e-02
1.551125863046651787e-01
-4.763837000556430112e-01
1.629586459532816889e-02
4.685667125046377723e-01
8.629534084500540825e-01
6.206146087518347176e-01
-5.926586321054820861e-01
-1.751053706292877710e-01
2.480604395372500992e-01
-8.558440324596445770e-01
-9.638272819645710143e-01
-5.629631842070854653e-01
-3.881293817060904594e-02
6.093814110615856094e-01
8.647662123026345071e-01
2.175266314199604256e-01
3.264239901487910878e-01
8.077786685812475831e-01
5.423018273285225010e-01
-7.555316815311572398e-01
8.892492612962350496e-01
-7.138979577578896674e-02
-3.966301314866489403e-01
-7.748788277593801066e-01
3.959553299707874174e-01
-6.677514173204317505e-01
7.086653259477790900e-01
7.537006585793755153e-01
9.432235503557273582e-01
-5.255802252599053315e-01
3.796760593788750526e-01
-5.965040892523227889e-01
4.489103830190408484e-01
-8.253121082794285801e-01
-8.108547378819601636e-01
5.734968562128441860e-01
4.843197561284255936e-01
-3.424740148359968206e-01
-4.426690014671397222e-01
-8.308546953311575223e-01
6.660357510513708057e-01
5.111505198380268400e-01
9.438293312492032072e-01
4.761599151397248875e-01
4.138488377857145739e-01
3.136355419601397632e-01
4.242395383793486907e-01
-3.299669189048637374e-01
6.424332500447542671e-01
1.987349085125766912e-02
-5.445464562316426615e-02
-5.259183558441025141e-01
9.995840108081843756e-01
-8.744278345629852289e-01
9.035374258039796658e-01
7.789065436366611195e-01
9.757036939210486093e-01
-4.500927035736528303e-01
2.062218918927452016e-01
-7.022073521121983131e-01
2.255668988819785614e-01
8.921700663673313159e-01
5.376756885425268973e-01
-8.700524092913857199e-01
-2.363714056823327248e-01
8.456940968230173272e-01
-3.253708913498563060e-01
-7.689568394355095204e-01
-4.553888154809788702e-01
3.864830292514966903e-01
3.142357148956498314e-01
-5.398632199351363070e-01
-3.669590328079628261e-01
-2.491382642539012870e-01
1.531455397489607240e-01
-9.190869518385376136e-01
-9.476469187035263531e-01
-4.449797385783094139e-01
-6.133105431854610767e-01
-6.929272853077161898e-02
-5.677604950018724228e-01
5.926090834091573001e-01
4.915655766217681411e-01
-2.760961655476474874e-01
-7.823751812976105224e-01
3.998477671521587506e-01
1.680425129664320227e-01
-3.042135370552054852e-01
