
0 92.258736 25.25032 33.839619
1 92.53704 47.634265 35.287737
2 92.53704 65.419727 32.975195
3 92.53704 77.957118 28.524189
4 93.37505 83.654705 22.792838
5 92.650924 79.66635 26.681394
6 93.542505 83.282894 21.728717
7 93.542505 82.565377 22.063902
8 93.327729 80.224592 23.178793
9 93.327729 81.970249 19.525574
10 93.327729 77.404099 23.816882
11 93.327729 79.265612 23.151607
12 93.327729 84.01495 19.756764
13 93.37505 81.542673 22.26712
14 93.37505 83.226199 20.085994
15 93.37505 84.647302 21.797952
16 93.37505 90.691894 10.772063
17 93.37505 90.410857 10.668177
18 93.37505 88.823525 14.334608
19 93.37505 88.254906 14.486042
20 93.37505 90.897904 8.276454
21 93.37505 89.301978 13.017509
22 93.37505 90.566114 10.707722
23 93.37505 87.515247 15.153611
24 93.37505 89.400968 11.683458