
0 66.95828 18.217102 19.391547
1 66.95828 30.499428 17.176239
2 66.95828 37.738039 17.6985
3 66.95828 44.440553 19.052517
4 66.95828 47.824828 19.7865
5 66.95828 54.384801 14.444061
6 66.990898 58.733918 12.190962
7 66.990898 57.091011 16.325849
8 66.990898 55.838192 17.425086
9 66.990898 58.652115 14.61831
10 67.026147 55.230884 17.79182
11 67.203524 58.888608 13.49402
12 67.319824 53.396467 17.831363
13 67.319824 56.88526 15.247635
14 67.319824 60.949164 9.603214
0 70.385986 16.424888 20.916845
1 70.385986 30.432754 19.942949
2 70.385986 36.765761 19.907438
3 70.385986 41.769023 20.791486
4 70.385986 50.577093 17.444661
5 70.385986 56.287118 13.839037
6 70.385986 56.981721 17.747806
7 70.385986 59.030689 16.211466
8 86.760535 52.928894 24.685538
9 86.760535 59.66813 19.311552