-5.743883351272549564e-01
-7.788328705228861892e-01
9.637566452883113977e-01
4.139404647344909760e-01
-3.155383139261990211e-01
7.900323510646658498e-01
7.121654286679368617e-01
3.370324165994402210e-01
-3.185458903707362177e-01
-7.109519550547230282e-02
-3.775166252773487496e-01
-3.370761613726096506e-01
6.419090951825474622e-01
-9.592241214325412102e-01
-4.023829893984415262e-01
-5.222255381559537391e-01
3.289598868783050190e-01
6.062890104662110868e-01
7.055762580856177468e-01
-3.717002064199027567e-01
1.779980800467576008e-01
-8.907968873769869234e-01
3.509933360065147223e-01
7.055379414549907136e-01
-3.613242385484912722e-01
7.142284037220913984e-01
-1.228016166922896030e-01
4.033904196440413203e-01
-1.212719079016709056e+00
-3.149809539593240171e-01
4.430800280717636097e-01
9.865089824260621088e-01
-9.230264717537990382e-01
-3.301228272869680125e-02
5.354904005815044332e-01
1.486731642039222367e-01
9.749591943937416794e-01
-4.876581323877804963e-01
9.235000337887591670e-02
-2.718841212337338442e-01
4.448500784987309276e-01
-6.143007609980757344e-01
7.907780378196866966e-01
6.037291234576814825e-01
-4.438983087811696482e-01
-4.504178706872875582e-01
8.033147017195556572e-01
-2.615476274305373883e-01
9.397247241091453152e-01
5.004286595187341646e-01
3.140593995869665755e-02
9.858680048422436837e-01
3.439157014312917982e-01
-1.743452464502281696e-01
5.985796840085457760e-01
-4.110702210009788415e-01
3.237233245636982892e-01
-7.534351021052083652e-01
1.740443994017855378e-03
-2.508826192662383728e-02
-1.175914673254960796e+00
-2.933097435949781895e-01
2.836770611479507709e-01
9.984904122406796922e-01
-1.921609731179180214e-02
1.417222024095480815e-01
6.742912392025102175e-01
-5.460625968538932451e-01
2.861663059428892070e-02
2.241508174654910368e-01
7.167392053973036248e-01
1.460054131584537229e-01
-4.567119461414231862e-01
4.270672762919315579e-02
3.750187944692950359e-01
1.850521418513373928e-01
6.279676004769267905e-01
-7.680940865987762045e-01
1.362836184014507346e+00
2.234738789510378465e-01
3.536968466201158012e-01
-8.009377230502299216e-01
9.220965345405456315e-01
5.918401223715994419e-01
-1.269568848411700701e-02
-7.173872202365534356e-01
-7.834767777631830299e-01
-9.294913204504903770e-02
-1.287237436582940209e+00
-5.903810923614245809e-02
-8.642852765434922979e-01
3.116196191959880180e-02
1.140749088226778341e+00
3.122701117620643729e-02
4.307485617638097120e-01
-1.217113424625952511e+00
-5.983798758579088606e-01
-3.097213598794477107e-01
2.655387746895718770e-01
7.066847371001394595e-01
-7.935896398915447403e-01
4.402187271232850252e-01
6.428056053213038190e-01
3.754878728083136524e-02
5.094148113585593718e-01
9.343915142042442668e-01
3.691862371085888883e-01
-8.661656192645978969e-01
3.402761679847758347e-01
-2.768271593719024218e-02
-5.450700613737968769e-01
-8.359695453229583073e-01
-6.180693705375064351e-01
-3.589462856023414306e-01
-9.000518622394434454e-01
6.062987861756834462e-01
2.652107266862134827e-01
9.542909230386684705e-01
-1.276265453049051590e+00
9.382270414865503394e-01
-1.012133658233692390e+00
6.802475372088944150e-01
-4.807209551333981312e-01
-2.444728183575198832e-01
1.332647268326183354e-01
1.237758528688410742e+00
9.319423079530307907e-01
-1.723489210947745376e-01
-7.651138195467117598e-01
-2.373101753401455627e-01
-6.444502040052793035e-01
9.218561778545367735e-01
-1.243296720861745808e+00
7.760002131100327549e-01
-3.107240866086106168e-01
-1.985612349890192307e-01
1.649217500481018339e-01
4.122369860641711403e-01
-5.469370991701392182e-01
1.291214305108089544e+00
-5.188394434247507458e-01
-1.070183298984551806e-01
2.635097708136681094e-01
3.100828475264524875e-02
1.854817446591960906e-01
3.448806365800443086e-01
6.239457962299446159e-01
-1.366251288965149580e-01
-4.927677900831352042e-01
-3.270823851132534932e-01
-6.954011862869330374e-01
-2.067344070857002059e-01
9.703302795218073928e-01
-6.466456925033315928e-01
3.985539525503925540e-02
-5.073150524963800090e-02
-6.951360830260926438e-01
-6.626437750373304070e-01
8.459313030514927778e-01
-8.088800436592760157e-01
1.014154424627811135e+00
6.796389636410129498e-01
7.270280018966384095e-01
-6.035265671421701228e-01
1.024308249959542838e+00
4.755051036236019879e-01
6.624922376340613983e-01
-7.920665796763215472e-02
-1.766834495989894616e-01
5.092292188338840564e-01
-3.406473899522585724e-02
1.211103109333341310e-01
-1.232929413322235490e+00
-6.527363576461715500e-01
8.091709217002556187e-01
1.603749870203561856e-01
7.597690184559269255e-01
-7.641617065244751261e-01
-3.586919948786769230e-01
6.414043699953166922e-01
4.724153280869044513e-01
-4.025560151188772307e-01
-6.644450079282184785e-01
-9.310290691669381724e-01
-7.425703832247816383e-01
-3.185064577520801965e-01
-9.956788458251880636e-02
-4.476854214718641867e-01
-8.553428706558096062e-01
8.056566520431649447e-01
-4.505675526663961428e-01
-9.456577706678646056e-01
7.903954614756756314e-01
6.982738257453946495e-01
-9.515874014935058467e-01
2.051357164024981139e-01
5.517196939835047331e-01
-1.902214504713257703e-01
6.398569966457794411e-01
1.442383694905256530e-01
6.050029812081383906e-02
1.500922029200024155e-01
-1.119896592107519906e+00
5.724426557804901394e-01
-4.197880304099561033e-01
-8.444106233680017670e-01
-1.006064748690459032e+00
2.706114887577413253e-01
-4.282310929782621178e-01
-1.961968004938122734e-01
8.043262407142751091e-02
-5.120478206201117821e-01
-2.941426113814211707e-01
-3.479736191577382787e-01
-2.237711207546150827e-01
8.235793968520188635e-02
5.081843891132804131e-02
-4.511993706375993507e-01
7.996221639510778800e-01
1.649591628885624939e-01
-2.055387285059009361e-01
8.165026985675969406e-01
6.769012949912962540e-01
-4.084565853860380180e-01
5.848184838479231901e-02
-6.064026753276927639e-01
5.356952483722896563e-01
-8.223343631678032839e-01
-4.099869956266563586e-01
6.859390389911750319e-01
1.288287846237025080e-01
-5.046223258050662741e-01
-8.224756904605670105e-01
7.531434225281063988e-01
-9.849965471407499118e-01
-2.188366008078374003e-01
9.254045252009207578e-01
4.745142781703411972e-01
4.454376148401659741e-01
5.929209365791208164e-01
-1.083165875059061811e+00
3.362059737483815702e-01
8.883571027422758615e-01
4.291024093006355900e-01
-7.625231142456752043e-01
5.029908903770796691e-01
4.789233190178610045e-01
-1.037919045040205823e+00
-3.863329334724718844e-02
-1.200141594854023275e+00
1.132226815623828431e+00
-2.442332575839427089e-01
2.399103132793583559e-01
2.103913407448167461e-01
-5.056700264976072834e-01
4.803952451495515641e-01
2.096721868160459912e-01
-4.308255521135833099e-01
3.696152628361183412e-01
3.574442721122376709e-01
3.139350484647639994e-01
-4.529075830254567503e-01
-4.076969768536530814e-01
-3.666729838309917833e-01
-4.380253449736913884e-01
