6.783425546938832706e-01
4.926276003686829164e-01
6.033393218405637137e-01
-6.210499395684125901e-01
1.064764754298962890e+00
5.427409449357729621e-01
3.319546308395801004e-01
-9.460440692925503603e-01
-4.581308308515522620e-01
-6.133030840854246657e-01
-7.376512076689767383e-01
-1.166086673499700660e-01
7.898626901058806993e-02
5.389314415559534055e-01
-2.748301862161509623e-01
-9.509115195776153273e-01
-7.068796888226034358e-01
4.543115571948553866e-01
7.926326390599758298e-01
-9.468624017553979311e-01
8.588611741356668716e-01
1.429309766048725561e-01
1.441116369364026983e+00
1.046182796231375445e+00
-5.115617046415633640e-01
2.776452712367349362e-01
1.026935582107680656e+00
-2.110972713712796711e+00
6.778678571528840013e-01
-3.869086777152547896e+00
-9.210129594216925897e-01
5.806991142714179599e-01
-1.548766095584340197e-01
-2.533785408082013177e-02
-9.051031037905062915e-01
-2.651756574318260284e-01
5.027032038002769987e-01
4.848175372964568908e+00
4.990231054534063349e-01
8.567845135239693377e-01
-2.192273745578515731e-01
-3.996613428080355579e-01
-6.650134562499380175e-01
-1.663268051079594523e+00
-5.097808510613336397e-01
-3.449278945894947990e-01
-6.111354217044060455e-01
1.286139738959531265e+00
2.171573225986945244e-01
2.280186954297684365e-01
-1.126627375433511657e+00
-1.805352803667088224e-01
2.273923164974216427e-01
7.763608929317336038e-01
4.487456341785833747e-01
-9.316067785112805977e-01
-1.415713557375288811e+00
-4.940954877952630775e-01
-2.930549997438645082e+00
7.358879844234562650e-01
-1.172341566300908022e+00
2.740306493990339876e-01
-9.463592410176303593e-01
1.033631683439669269e+00
1.939861496614285474e-02
-2.808508578024839331e+00
-4.140398855422492419e-01
-2.435143558077859538e+00
-6.948541620091353010e-01
-3.312320762231986682e-01
-3.387043867231526395e+00
1.358714790243834791e+00
-6.848828519890050037e-01
7.517942532006341994e-01
-1.553058955588535461e-01
5.787957679662121269e-01
5.927434097002236557e-01
-3.042465009015861144e-01
9.030840249382382501e-02
5.533054428757542276e-01
2.066951767693886999e-01
4.663542698262072017e-01
-6.164119948014600281e-01
-3.229036496298859360e-01
-9.019699486105698938e-01
-5.625508199301416656e-01
-2.056772502715890211e-02
-5.059290911660643264e-01
5.410399391624828302e-01
-2.493086272505942169e-01
-7.119190137652660066e-01
1.742533950669727272e+00
-1.997311789031475660e-01
-3.224259772006836666e-01
-2.338485862018739314e-01
4.578885249172515159e-01
1.022139401358337141e+00
8.051617221661127033e-01
-3.537993121540677910e-01
7.356746687961600584e-01
1.100516923101416411e-01
7.964403575446077355e-01
-1.062101300149662642e-01
-5.973520147528870172e-01
5.154111747383103292e-01
5.211217252153600016e-02
-3.646821699489656288e-01
5.296632348622120068e-01
-7.087575174390161603e-01
3.956363470579293828e-01
1.824821924319169897e+00
-5.383444996056157006e-01
-5.819094027051766593e-01
-1.000196918330717166e-01
1.428119971197470139e+00
-3.018541490161571333e-02
-2.689674822279687627e-02
-1.952101843511791224e-01
4.094701024873041439e-01
-1.098831267342480489e+00
8.387382832462062510e-01
5.037550142789835039e-01
-6.392057337409244866e-01
-2.028288668836698283e-01
1.708209211017003959e+00
-3.704056990469172250e-01
7.812372739962855084e-01
4.651183250784994838e-01
5.018407890465866883e-01
-1.730512107367221941e-01
1.767306559791196885e-01
-4.574040329432721430e-01
9.989717845877976732e-01
1.572316032728601432e+00
6.543252131032227525e-02
-1.029337018538885040e-01
8.697669435772245605e-02
-3.126540041792981173e-01
1.903148385422866740e-01
6.095646541446286815e-01
-3.443761992851217535e-01
-5.754349146217303534e-01
3.150522720089309336e-01
-5.691210049780356384e-01
-1.822621346129594810e-01
2.744209614606481495e-01
6.507787116852110643e-01
-1.036612083985978261e+00
6.544586241716654484e-02
6.586376456006779456e-01
2.231582611879010081e+00
3.047326081657675267e-01
-5.772266625785192895e-01
2.842279683252719180e-01
3.456564875500646172e-01
-3.610626426728408972e-02
4.168550733299487554e-01
-2.949280704546172194e-01
-1.218835695699833355e-01
1.644596346028785738e-01
-8.244889824677750223e-01
-5.557073297941508283e-01
8.870647015346064812e-01
-6.625690418692222750e-01
4.297898650133959442e-01
1.401937670841708616e+00
-7.697743913621674094e-02
-1.549836323042528829e-01
-8.959515363037695579e-01
-5.262361269681443965e-03
-8.621949975030467339e-01
-2.519955516234162474e-01
-3.354077227850760790e-01
5.247300022799777919e-01
1.515766404948997448e-01
6.740802089558683985e-01
4.107061756818747855e-01
-1.065011012682951064e+00
-1.619847235438804489e+00
1.769387453044197533e+00
-1.621599192023897296e-01
-6.528605402865037544e-01
-7.603351094619389960e-02
-5.417946325850686584e-03
1.111371127165801997e+00
1.034657845754498595e+00
1.229785128360924462e+00
9.836993772806013059e-01
8.215552823659239001e-03
-3.627561322013186929e-01
8.196590417058472466e-01
-3.900445961976835574e-01
1.125261677332226595e-01
1.768302791714872202e-01
-9.586384237176805989e-01
5.720527056188502435e-01
2.763973249861746417e-01
-2.335488936086873024e-01
3.847004450942960174e-01
8.971090317382794943e-01
3.456083259544906385e-03
6.372697202926859150e-01
2.076361499775531083e+00
5.285869075825126995e-01
2.115332075715093296e+00
2.565922256119896883e-01
-8.373265733158723467e-01
-8.740607819576895476e-01
1.423388496712241214e-01
1.096343325971578464e+00
-8.625791985182253985e-01
-8.903052963924102947e-01
-4.818047516587326551e-01
-7.864469321519416967e-02
7.017912126079565160e-01
1.335625091510440843e+00
-3.819229408065093201e-02
3.681585413408711149e-01
8.769344952080248001e-01
-9.579898499191998873e-01
-2.459770497145503387e-01
3.534183664152767967e-01
7.764676634917537790e-01
1.724496546876726599e+00
1.985118450418112482e-02
-5.232360885822793239e-01
-5.631630734601422716e-01
3.627612271729516724e-01
9.363445810534927194e-01
5.098233515929339044e-01
-4.069123092465132263e-01
-6.825454948508837827e-01
3.332831575383737865e-01
-4.752822926920506896e-01
-6.786222979556003621e-01
3.830492271466312548e-02
1.121003319352862571e+00
8.039159683740295659e-01
9.128690417097620191e-01
9.229553498850252488e-03
3.611458700552768741e-01
-4.719977099392599906e-02
-2.891267662172076758e-01
6.584901166042375076e-01
-2.823146473923913713e-01
-9.154617872591032102e-01
-4.145514082108540110e-01
4.670875196504047366e-01
9.702905203198912698e-01
4.551437439377924443e-01
-3.180256645585421982e-01
-1.987321511939143387e-02
-2.522727787251719977e+00
2.792624702032422968e-01
-6.182249151268992549e-01
-4.494160991780996595e-01
1.797641932870029713e+00
-3.441202365058431689e-01
-1.999128467348947336e-01
-6.793916185521340356e-01
-2.826677993005348166e-01
1.256471094513352815e-01
1.844336191572881756e-01
-2.766991543799406927e-01
3.930792226138292711e-01
