5.973481471252302111e-01
5.483043747920475219e-01
1.285523406056086060e+00
-7.239156832096897976e-01
1.020708567890386442e+00
-2.162417856154442930e+00
8.600812814753819313e-03
-8.334987432572998900e-02
6.668177964654812273e-01
-4.219659685956031470e-01
-1.071903346713378058e+00
-1.385083624033633387e-01
1.313531475316929709e-01
5.860409247952808043e-01
1.213863991910161255e+00
-9.542830313311504442e-01
-6.694321063097296021e-01
3.994278481336128173e-01
6.335600612119890451e-01
-1.224463455128166567e+00
-6.949596926317518353e-01
1.837985985437107506e-01
-3.530005997250243999e-01
-1.581447704199032245e+00
-7.385971695384736524e-01
6.505073265050889675e-02
5.770873377214713607e-01
2.990895010298983969e+00
-3.281939913219298344e-01
-1.991955330768381716e+00
-8.875138072597104077e-01
-4.765973246663001150e-01
1.249951362813537248e-01
-1.828215130959586973e-02
-6.576464605376957095e-01
2.892322786639365262e-01
1.142866846199024344e+00
3.786455762929134550e-01
-5.773113079824048199e-01
1.289404555098996319e+00
3.686526768286313427e-01
-1.151013743269531098e+00
-3.175638072875751061e-01
-8.675497143474094619e-01
-6.222268998928153216e-01
-5.954436953489963269e-01
-5.651728023363837838e-01
4.426446119849627436e-01
4.431916176641712696e-02
6.023441184481233002e-01
-6.858947148384046955e-01
1.168754656254987534e+00
2.579884796627352483e-01
8.588457282353497702e-01
5.772814936272249176e-01
-1.968707125275717118e-01
2.962727981765563845e-01
-9.939167561618048596e-01
4.809832587471440379e-01
6.162074961481400770e-01
-4.367249394355093850e-01
2.356578677781465680e-01
-6.644860167337605095e-01
9.831191322714041281e-01
-1.473671838890425190e-01
5.103943363813485679e-01
-3.490948110986553665e-01
-2.310960519081990849e+00
-2.041633377257295212e+00
-3.026016467763162354e-01
-2.370972212675223290e+00
1.527123505422811833e+00
-5.996573515835224022e-01
4.434784389164830309e-01
-7.640797725386098971e-02
-4.292547584714215825e-01
4.975884740996121547e-01
4.956701675904950921e-01
-2.015005791583102557e+00
2.698161994456715340e-01
2.224577103612421225e-01
4.062502810099185568e-01
-8.492774718995091954e-01
-4.173640263646594684e-01
-9.296369460540974128e-01
-4.523233135774579194e-01
1.441706872366856462e+00
6.153943509201094120e-01
3.132613788793472964e-01
-4.316559382931038358e-01
-2.245732614820203366e-01
1.053829210497842173e+00
-2.070793428806429748e-01
-3.849215727926192931e-01
-7.740194743701813707e-01
6.101242069524356326e-01
-4.251106118526982725e-01
8.186012781839453467e-01
-3.278834470439281334e-01
8.343038813020051681e-01
2.858997900996538832e-01
7.375321302208533991e-01
-5.250602019579116986e-01
-5.303578975923711747e-02
5.633728689871675410e-01
-8.437341837453060656e-02
-2.598831147434315092e-01
-4.783639222700977744e-01
-1.166746438724387325e+00
2.579519341964073287e-01
-6.335263352555305927e-01
-3.571886549365124730e-01
-5.735902324308624900e-01
2.928580190689841767e-01
-7.804889893948725454e-01
1.759241193048011881e-02
-6.993240032978184639e-02
1.700770140276322007e-01
-8.199026001404389197e-01
6.771715906498531057e-01
7.944649690540964704e-01
5.777783029582839180e-01
-7.402708585085439053e-01
-3.206275533070673811e-01
1.711351843529828720e+00
-4.089600233649530736e-01
9.742877673195019517e-01
6.692268816415135602e-01
5.810980713884604798e-01
-1.709371456805914014e-01
-6.150152036113402110e-01
-5.338930401573156459e-01
3.576646178946284171e-04
-5.282370179280075906e-01
2.258920535741021363e-01
-2.036605553239221045e-01
9.472440275178585223e-01
-3.760909545613811966e-01
1.248524785227251022e-01
1.022456364225489411e-02
-3.207234812063907703e-01
-6.502920151916219416e-01
-3.240163787069710866e-01
-1.314672212477140389e-01
-2.943211243418222822e-01
-9.787084325907378091e-01
-1.133299583486477191e+00
-8.596742798213801162e-01
-2.755192788702637979e-02
-4.372359991875632845e-01
2.119493878075488169e+00
5.840050250135203624e-01
-9.974197734613793331e-02
7.169558600552929928e-01
4.025485575277242267e-01
-5.653438517004002462e-01
-2.337847596151777285e+00
-8.433972308817079544e-02
-4.340614868570841778e-01
3.890265472896279886e-01
-8.099446274009327595e-01
-5.035990461657419148e-01
-1.459644763066699547e+00
-7.697338235289175046e-01
1.994428099615180028e-01
8.473871289497646453e-01
6.336385857797555143e-03
3.691688979251830371e-01
1.298336279648672487e-01
1.207135093261430203e+00
4.926586296531093034e-01
-3.541828655384114954e-01
-3.150498128771015427e-01
6.796217948058531633e-01
3.492673784436525763e-02
8.056261835849267694e-01
4.688679072748289656e-01
4.902058321134176166e-01
-1.328117707724230989e+00
1.379127955704797737e+00
-1.645531213063259890e-01
-7.534619318268076515e-01
-2.943510687311861052e-01
-7.777223176467380483e-01
1.335414088712273184e+00
1.124007827759956057e-01
-2.342111673322335164e-01
1.041966317614599902e+00
-3.158110802309195275e-01
-4.110441999495623722e-01
6.303791284279971485e-01
-8.292702094247859090e-01
1.589750782898354808e-01
2.612664235631099174e-01
7.100348030230653196e-01
3.920459569082362233e-02
2.891111868366311732e-01
1.938246272201031017e-01
1.577533542323508620e+00
7.551006076941870759e-01
1.020184754688629458e-01
-4.963546141385411503e-01
2.234634671217309965e+00
6.365690811262830762e-01
3.363250307023052388e-02
3.262685492642506957e-01
-1.688741315953199651e+00
1.481749157655661286e-01
7.384975167149040454e-01
6.221505671308810159e-01
-8.743568056687344159e-01
3.210527213997114160e-01
-8.455701886958194580e-02
3.996191240326196770e-01
5.752920153057229369e-01
8.469413901476269269e-01
-2.780417711140157899e-01
6.512229159491114139e-01
5.380595708064785931e-01
-8.317995888966402962e-01
-2.168818131864972965e-01
-7.658731015088665606e-01
1.677407350177235745e-01
4.370953861871455515e-01
-2.027993879971947688e-01
-3.524600368157822516e-01
-6.584765655448610033e-01
4.014184070180508712e-01
6.049409603760992349e-01
4.719639392675365475e-01
-2.430673088182274399e-01
-8.999747788905765322e-01
4.482464881214308083e-01
4.523862610706310128e-01
-6.995009263112703657e-01
5.792688846542957126e-01
9.871903964354939998e-01
8.824693932222569259e-01
7.568276591513738438e-01
1.441270078401527821e-01
9.280465978151275497e-01
4.506710109704361589e-01
-2.394531284158469275e-01
6.154639104699903829e-01
-5.307950105775429694e-01
-6.163623759252923051e-01
-3.796899364477706595e-01
2.475759348625583278e-01
7.827287126166708742e-01
4.448244867037672856e-01
-5.258141371765967520e-01
2.417469570191535799e-01
1.406322910659386860e+00
-6.571449053657533179e-01
-6.125059507458128216e-01
2.192389825722411423e-02
-2.913635810402489312e+00
3.987011863024535890e-02
-4.497899251107420615e-01
-8.923434867758839317e-02
1.814032931701262674e-01
1.337330462298455813e-01
-8.342097472763496113e-02
-3.856640656482130947e-01
4.103243331988084552e-01
