-9.125666401576615350e-02
4.774581788907534818e-01
-7.019901239988413089e-01
-9.099665900903750604e-01
-4.722224343422629644e-01
9.060669967965455651e-01
4.979397788088963939e-01
-4.790559307603998729e-01
5.969715982340371152e-01
-9.480227607097047038e-01
-2.702974949486747214e-01
-1.897812671732037604e-01
9.748962912476393239e-01
2.219194820966425841e-01
-1.360424315293018438e-01
-7.631504391535446352e-01
8.874890641970409888e-01
-1.062960381350779304e-01
1.981455555782523081e-01
6.072270203733451943e-01
2.162414388263953491e-01
-1.087028742156805894e-01
-8.917917202178973213e-01
-9.342006538536247184e-01
-5.286984262931400114e-01
4.016831042547419628e-02
3.404863031053932954e-01
7.857235202160752774e-01
1.628403867697840735e-01
5.140132640834780275e-01
-7.373138562640573213e-01
-2.711967437629805300e-01
-2.395700289834497010e-01
3.902831551876002614e-01
-2.005420267262136846e-03
-2.808468624343822828e-01
9.744963936524835280e-01
9.350202662013364918e-01
3.704674243963035352e-01
6.491914950296577835e-01
9.474144917448539260e-01
4.713827856507561975e-01
-2.879742033461740736e-01
3.690380822302530284e-02
-9.718002288897695795e-01
2.830063313907955624e-01
8.701958769468109978e-03
8.216754798266960869e-01
5.935951758818469592e-01
-3.794503082374349745e-01
-1.593295371385277104e-01
7.900208742992220756e-02
-9.875088550833817092e-01
7.141684112174235821e-01
4.964635512241535320e-01
1.629519830339383191e-01
8.637105197808105927e-01
-3.180864876489488680e-01
-5.143715771003316561e-01
-6.080173691358008448e-01
6.339160058201012138e-01
-3.781032494732405880e-01
-4.050578233199741973e-02
4.015815594537930355e-01
-6.252480466454628516e-01
6.446943070327526559e-01
7.505540764676650323e-01
5.500239530259085630e-01
-6.698383950723134639e-01
-2.823945978090947051e-01
-4.088619571050184920e-01
-2.381295033548125328e-01
3.829273363053635748e-01
7.900731277282009302e-01
6.669289750435405395e-01
1.565300891925534010e-01
5.178712044216158272e-01
-6.014889237820304491e-01
5.374518872418423410e-01
-4.659862883153917945e-01
1.138239505358249470e-01
5.777783338433792881e-01
9.321327157830299193e-01
3.510930164703474077e-01
-4.639256672712921414e-03
-9.515998227566135892e-01
-1.688216722745010667e-01
-3.543320657133490759e-01
6.512130703746006333e-01
-8.120041745899426733e-01
-3.670961413490541059e-01
6.847414462714636052e-01
5.240347045705124884e-01
-6.168552327305096838e-01
3.074288948371570740e-01
-6.126414839954501534e-01
-4.144598596611757113e-01
-4.943830881858262138e-01
-7.472856339813696014e-01
5.615201313734217159e-01
-3.155690269315545304e-01
-5.745598927495840780e-01
-8.031436806248721805e-01
3.551018504727880831e-01
-2.094406375667778875e-01
6.814786524421403424e-01
-4.889392330754511740e-01
-3.648593602181908757e-01
9.276561296491641073e-01
-4.758992582336469823e-01
2.469289618816357113e-01
-8.488562374474262207e-01
2.938318756407960475e-01
8.114721897928656169e-02
6.461799899335127773e-01
-9.603482963733667166e-01
8.487119499502397968e-01
7.291811919867214886e-01
-4.579034213702868339e-01
4.654536119799732585e-01
3.672244052552424698e-01
-7.846979832831773027e-01
2.269021121125414098e-01
-7.353828007617264628e-01
5.009907222814773409e-01
6.844771810801690837e-01
7.867641196783647928e-02
-5.700682167626625052e-01
7.171147743009858022e-01
-3.714624673650952502e-01
-6.345912641213256045e-01
-2.896203868492337463e-01
-9.352256149786442041e-01
8.975623204844500602e-01
3.316995456060802816e-01
8.175735491640032659e-01
-6.123517362621524462e-01
-3.285383906493719586e-01
-8.642126825049847305e-01
-4.440328765401779787e-01
-5.636625202819849356e-01
4.476021119330741982e-02
4.788675611687172040e-01
-4.374554382815232234e-01
9.079146765520687001e-01
-9.559963653665779493e-01
5.611048770038515876e-01
-7.307018233425763842e-01
-1.679277091125008781e-02
2.188256401282631103e-01
-1.901032416986643270e-01
-1.597643403211970181e-01
3.637333413916188363e-02
5.408925643117945548e-01
8.387086429885848293e-01
-4.158658266709402973e-02
-8.166480394455604142e-01
-9.775256363319353436e-01
8.816614222217773467e-01
9.748841384837616530e-01
3.673404866244787126e-01
9.687372023996057013e-01
5.038790125030545575e-01
-5.797039861241550796e-01
-9.324246262863942203e-01
4.717578994033091444e-01
-9.563149305551079671e-01
-4.542495061337330498e-01
-4.583742611306551584e-01
4.787246151075632561e-01
6.063983251483866521e-01
8.686723367583726318e-01
-7.551857931444123651e-01
4.221892339505080027e-01
-7.708769549229250728e-01
3.855701806982729796e-01
9.137551287558789426e-01
-2.497326561498500741e-01
-9.256501877375700182e-01
-6.174685520710785358e-01
-9.059366242133646274e-01
8.138450232250771244e-02
5.384327414521632438e-01
-7.341207504313074228e-01
-6.593284797251730556e-01
-4.516364097501519570e-01
-7.109362282039495273e-01
1.300821940992518133e-01
1.558459449156712751e-02
1.219223117630376940e-01
5.246992360555446933e-01
-9.047741087918856895e-01
-6.397139875972552847e-01
5.712888903094928139e-01
2.460045165826960645e-01
9.498031030227804816e-01
8.697052135349490065e-01
-9.776147079167896159e-01
4.251135092892988077e-01
2.263978200197620527e-01
2.248017025734938557e-01
-7.332510782808947525e-01
9.629225295831951303e-01
3.568988037876137387e-01
3.477425001401925897e-01
-8.137726764625330400e-01
5.343855499819096799e-01
6.412482310224085769e-01
7.875342030718934794e-02
-2.266972061976968433e-02
6.243417441630378928e-01
9.435127888933303453e-01
5.305915982282949361e-01
-1.718938793498190343e-01
7.861138160615150916e-01
-9.916689090877857105e-01
6.354259238058086456e-01
-9.560926568330518904e-03
2.318850410231394488e-01
-7.586421885967902234e-01
-2.715437590107252497e-01
1.206654311519033129e-01
-1.383663078787022993e-01
2.679216206277816870e-01
-2.471406361319965495e-01
4.179988743012472696e-01
8.980831202474690578e-01
4.527658522539841357e-01
-4.449559986889779495e-01
-2.958691472186547600e-01
-4.240166735903068140e-01
-9.656635858018343122e-01
3.247581638671226401e-01
-3.472734310708636141e-01
-8.097232227530217763e-01
-8.594587299054159413e-01
1.768784205391684683e-01
9.711978544714252592e-01
1.371887422673121470e-01
-8.274482245465872854e-01
-4.308429648489364716e-02
-3.542317781801216370e-01
-5.774559502135130362e-01
4.444512777391553815e-01
7.729381055848261184e-02
-2.881762397838536494e-01
-8.535099043213731917e-01
-5.107573756735139803e-02
9.868393380041302620e-01
9.719635041731924385e-01
5.511127764290340014e-01
8.864253072445733572e-01
3.421921520991635379e-01
-2.745060341358644962e-01
2.599804260447502458e-01
-8.687574003286613333e-02
-6.437482727121868198e-01
7.702454304472206026e-02
8.915258611966963009e-01
2.845268320320812894e-01
6.797984935549985508e-01
3.829108449415374871e-01
-1.829298622316195555e-01
-5.509234878128379531e-01
1.135578085770596601e-01
