-4.811349829320921145e-01
-6.807450494238758143e-01
8.232208730490622184e-01
-1.939030459293689113e-02
8.908421779918640482e-01
-6.821770501067558889e-02
-4.279974681347551435e-01
-1.396390572567511867e-01
-1.314925090093694848e-01
-2.413836049078987855e-02
-2.012199226533013530e-01
7.542078085865473458e-01
3.052627390669262475e-01
-7.019595713338044884e-01
-5.772123379056772752e-01
5.624923528464491618e-01
1.689699490655829361e-01
-9.530733297151616767e-01
-3.913825815671234665e-04
6.135073663362164975e-01
7.191679445824512573e-01
7.582790392453135908e-01
-7.364941863355676244e-01
-2.274715108169043098e-01
-2.243187496110499168e-01
8.056766515264737194e-01
4.537514982449037948e-01
-4.089148551238741547e-02
7.201680060948310036e-01
9.822372363487752445e-01
7.115830260801541129e-01
8.232161683679832809e-01
-7.003587546592620061e-01
5.414350594574921516e-01
9.910060146963346472e-01
-6.757308062489701950e-01
8.358010615718667324e-01
-6.061324292190133356e-01
8.208018009692106265e-01
3.004511956425548469e-01
-9.745818879574330573e-01
7.997463296773583696e-01
4.269374915798043180e-01
6.014124986716051779e-03
7.467763208813205100e-01
4.929883079784709299e-01
-5.037181091955376111e-01
6.999560470433587867e-01
-3.415485221306122643e-01
1.973746701248022539e-01
-6.391681929397285966e-01
-9.243722049238531913e-01
-9.674402231574694699e-01
5.536928739656299392e-01
6.670181491821922659e-01
5.441290825918432272e-01
5.947072548509140244e-01
-9.147699202765970927e-01
-7.255605853450388665e-01
7.146878386171240383e-01
-6.533451543610622192e-01
6.452414144783771288e-01
7.733153352704036365e-01
-9.789546518226344141e-01
-2.446849951345153595e-01
-8.237719338565638871e-01
-9.497832266383887667e-01
5.240782758320476908e-01
-3.399020240787768987e-01
-6.427502053160503159e-01
9.691574558171687226e-01
9.091826013910118132e-01
3.371655396582042830e-01
4.314859468751293115e-01
-1.748584467610514448e-01
8.580080976766635281e-01
-1.837535005919477271e-01
-7.298718743839860412e-01
8.532879390303902412e-01
5.620679330830880005e-03
-5.354923561733537785e-01
-8.986204816711553800e-01
-5.174050097557669758e-01
9.298433340912151124e-01
-3.087348610822118200e-01
2.430598896427937916e-03
9.526597379804815358e-01
-4.602926318982558662e-01
3.917404177890206896e-01
-2.946116602288006980e-01
-5.630820094689426014e-02
-5.536820270081543871e-01
8.680255081079193413e-01
-1.478723777483907931e-01
-1.249842821464279830e-01
5.077504609914798017e-01
-5.445884209277211951e-01
3.173892698092404263e-01
-4.841172357267531368e-02
-9.211114626450140896e-01
-1.244015975009071795e-01
-9.266831740465331091e-01
-4.278509884729164714e-01
-2.853693641300698580e-01
-3.862725141703147180e-01
3.226685305623622213e-02
-4.154824051192358425e-01
-4.622610544370480135e-01
-7.112590085858672140e-02
6.545802498404191816e-01
3.312201720804051064e-01
-7.164671453251922895e-01
-8.829846130964564832e-01
-4.428843653991652030e-01
2.337674606916397835e-01
-3.833674179125248216e-01
3.706379417314011882e-01
8.911967589748481799e-01
7.950393227847725175e-01
4.813163225024572611e-01
-5.153098849200825615e-01
-5.976607627435490677e-01
-2.808175363262297441e-01
-3.004873734251953810e-01
9.914813788047898147e-01
-5.516212783477598691e-01
5.123149402548787812e-02
7.059412741197237384e-01
-2.323874946858039969e-02
3.700479942769461239e-01
-6.913930145199700394e-01
-7.576983533441228325e-01
-2.401712078529369965e-01
7.121858752733554176e-01
-3.994722098709588831e-01
