
0 61.693524 41.410058 16.473899
1 69.642793 42.468002 17.949231
2 69.642793 33.937053 24.306758
3 69.642793 36.163751 23.146758
4 69.642793 39.474859 21.653725
5 73.026736 44.349359 20.039056
6 75.799419 44.278344 23.445859
7 75.799419 50.73637 18.248775
8 75.799419 48.296145 24.01127
9 78.681472 46.563871 24.671249
10 77.075906 46.963076 23.756278
11 77.075906 51.601305 20.499123
12 77.075906 53.569391 16.797483
13 77.075906 53.677754 14.328742
14 68.992049 52.756059 15.741594
15 68.946081 51.102227 16.663606
16 62.512757 48.649263 17.762323
17 78.594884 52.724448 18.217553
18 78.594884 55.290159 17.101577
19 78.594884 59.906278 14.569727