-5.835141886920220955e-01
1.696410557557246346e-01
-1.281746933213612216e-01
-1.188680902151033614e-01
6.280463348685039193e-01
6.855043591439540229e-01
7.836299086421649740e-02
2.922853711290880341e-01
-1.951849264785909810e-01
6.358454934654338420e-01
6.081076932379525513e-01
9.286513418858060032e-01
1.424796320987375964e-01
-8.024859699485880071e-01
-8.586894982155064415e-01
6.653047278641497364e-01
-5.501059530076588544e-01
-7.658968063656246272e-02
1.803624375126056112e-01
-2.263469941030207266e-01
7.850879211888615039e-01
-4.477811560984745753e-01
7.932192615936843882e-01
3.777873385037617826e-01
-3.998348989585733815e-01
-4.276215697971035290e-01
-9.286108875926100126e-01
-6.488255092053720752e-01
9.784220528898652791e-01
1.854971157202336407e-01
-3.253204516111900535e-01
-6.358286277805025311e-01
7.863831624149100197e-01
9.406386815911100818e-01
-8.842363767580971867e-01
2.012594985886451138e-01
-7.190744982337329283e-01
-6.024706895568587850e-01
5.552969552033952816e-01
-3.346008026352431663e-01
5.456975030534874094e-01
1.508101682301614677e-01
-3.535102641635456955e-01
-3.861889431221410263e-02
5.226601117952203168e-01
9.797180249170844846e-01
1.094610799062087914e-01
8.999966724803960538e-01
-1.267891801792777606e-01
1.574222802327207571e-01
6.597619409593389328e-01
8.259253858995831976e-01
7.246876098805368205e-01
1.299981260182270226e-02
5.142671063383423835e-01
9.227839763513738802e-01
-5.342110285988632690e-01
7.150107224376673898e-01
5.856278555361227323e-01
-5.901951121204294104e-01
3.535501306817689926e-01
-4.945782160505718394e-01
1.498207203951684718e-02
6.500313727084663373e-01
5.627904155984462253e-01
3.483594810843753109e-01
-6.211075805567052299e-01
8.641944471775249159e-01
6.190170085791613097e-01
4.124889723606981473e-01
6.566495533467486823e-01
-1.749080696462499418e-01
9.804895959981125841e-01
6.050003929942175951e-01
-7.502703661779288602e-01
-8.940837072888017101e-01
-5.454180230972678345e-01
-1.562150724644086885e-01
-9.137217783227766787e-01
4.701844108004720191e-01
4.436704122613901458e-01
-9.376476607794281826e-02
-1.120800255325251626e-01
-8.037354422608173898e-01
-3.689192344931857548e-01
3.847580832316070953e-01
5.867593185176036563e-01
-8.388414243806467940e-01
-8.730494682255318661e-01
-8.829114497555914376e-01
6.368419418668205267e-01
1.103893927058925417e-01
-3.577717086030989257e-01
-9.183253145894845204e-01
3.251872664568171700e-01
-6.790028224556154957e-01
2.747683788048433939e-01
-3.742260495231135575e-01
-2.931731878624479481e-01
-6.004544561536622194e-01
-4.307429524138715049e-01
9.450230510532378059e-01
7.652566586193281228e-01
-9.675819183847325089e-01
-7.128706868639191896e-01
-7.357863318972381883e-01
-8.844979538960979770e-01
1.153239248200652600e-01
6.404206532263541085e-01
7.491136408126517487e-01
-8.783330502716690802e-02
-3.559903152408245841e-01
-5.995830635639387562e-01
3.714996454839427642e-01
-7.141908814773281211e-01
5.622368480788797473e-01
9.591198107811647056e-01
7.439433474457151085e-01
6.902676501106388418e-01
5.595660734694751781e-01
-1.127687585676120374e-01
-8.527106251414859894e-01
3.818675292906366092e-01
9.174473900700137463e-01
5.985185345334824714e-01
-3.439118933083227247e-01
5.267431937271402909e-01
-6.870740029704378582e-01
2.731277677211554344e-01
-6.266304215045634951e-01
1.314284642937810776e-01
9.012854755906241078e-01
-8.259495858464778184e-01
-5.262608205766448055e-01
6.863026592524441583e-01
7.682991850453220195e-01
-9.341734074473784233e-01
1.779269355238657369e-01
-5.174133412910111307e-01
9.605711652504622666e-01
-6.077864908355754547e-01
-8.614476098003502891e-01
4.328793860443427288e-01
-6.263137819201456402e-01
1.034048987265916431e-01
1.927153421450813475e-01
-4.409938038005434269e-01
-5.374613563362755642e-01
-2.333452510145481718e-01
2.321726252022668913e-01
3.974957958117515400e-01
4.081850712281522853e-01
9.217251702290427673e-01
7.353124369782371161e-01
9.930831920102065613e-01
-2.328915392045631805e-01
9.759731202856503085e-01
-7.168306942177706809e-01
9.236321276637762256e-01
1.690211680823625606e-01
1.798627279839635218e-01
3.000682959975706776e-01
2.259833599662854908e-01
8.851025841959796470e-01
1.995625975519317308e-01
-9.870592121047900847e-01
-1.641473216028150883e-01
4.760397120843160579e-01
-8.791639820870988942e-01
-4.349961151352892408e-01
8.530782583711464806e-01
9.402484583352817005e-01
6.893791513598608311e-01
6.534654826028147845e-01
-7.202396143102323123e-01
9.715072407224689677e-02
1.333054343606996373e-01
-1.986476543515875992e-01
4.425885941353209230e-01
2.626541538308879709e-02
9.452211305008462183e-01
-7.672659598023534588e-01
-8.640361267923526434e-01
2.300428238001115400e-01
3.261385693668317209e-02
6.398941267446625059e-01
4.033854096565903102e-01
6.939476069141450321e-01
-9.344412710565199731e-01
4.078885594919168245e-01
-9.742898907983255086e-02
7.442509860683945710e-01
-4.252940121107469107e-01
-8.667258594034821240e-01
-3.035130927817681901e-01
-3.806893935887285529e-01
2.572405067325966854e-02
-5.997834303367244324e-01
-7.612898369186500425e-01
3.279372465920131763e-01
1.676126869839009714e-01
7.218567464746783457e-02
9.606022615235718654e-01
6.062898169625947631e-01
-8.336646976685311294e-01
8.175898688380263124e-01
-1.165788598533723519e-01
-9.990402350782265906e-01
-7.807267414633123348e-01
-6.224327215922822454e-01
4.273629542160106709e-01
-9.434511900097839465e-01
1.685479214079796950e-01
-3.926216632140122620e-02
4.892227691186614713e-01
-5.650108403935649726e-02
1.025988653590501620e-01
-4.186463271371052564e-01
5.657975459635360416e-01
-8.368624050742703435e-01
-2.572082070087953198e-01
-4.746179455014687409e-01
-2.242528096204376986e-01
8.193976105979883240e-01
4.467655701389585676e-01
-7.771046523212588042e-02
-3.396152428214125329e-01
1.800922725507012601e-01
-6.399358968462252051e-01
3.039973228964605312e-01
-9.702215041302262311e-01
-2.502300559900660915e-02
2.435614917285626735e-01
3.596449119536173633e-01
-3.272982962640496041e-01
7.176544527584221012e-01
7.042933726809348371e-01
-4.532929713027902263e-01
3.272579069552816744e-01
8.491594488229756710e-01
-7.956469868207123319e-01
7.447091913997982981e-01
5.970452953121543338e-01
6.498675327627534415e-01
-2.703654994958801794e-01
-4.305235490907775020e-01
-5.167770213731559537e-01
7.818094343952406433e-01
-8.837166285667730214e-02
7.953679722694952936e-01
1.299454299296423088e-01
-3.717860822000162990e-02
-7.784730634562719853e-01
9.577002403714818257e-01
4.145976610104384896e-01
-2.370891216171020499e-01
-4.317611328569463947e-01
-4.409689915646808345e-02
-9.706201190014653868e-01
-2.838654342597137781e-01
1.810914068792499609e-01
-6.951488263124296907e-01
-1.952146073025970985e-01
7.555634944829046074e-01
-4.749524996703320401e-01
