
0 93.743754 38.709107 39.64988
1 93.743754 60.930322 38.452618
2 93.936796 75.892999 31.464666
3 93.971096 85.277977 24.17252
4 93.971096 85.79709 24.074551
5 94.044803 88.939056 18.698108
6 94.044803 89.066084 18.6307
7 94.044803 87.33706 20.602111
8 94.056393 89.885115 15.642989
9 94.277198 87.705837 19.354114
10 94.277198 87.087921 21.860648
11 94.277198 89.52357 15.334216
12 94.277198 88.425492 19.622839
13 94.277198 89.943418 15.308198
14 94.277198 89.503886 18.591065
15 94.277198 88.851178 19.937931
16 94.277198 90.158071 17.163589
17 94.277198 90.403934 12.410174
18 94.277198 89.951439 16.826714
19 94.277198 92.07875 10.270522
20 94.277198 93.187819 1.87876
21 94.277198 90.739611 15.299147
22 94.277198 93.342922 1.672886
23 94.277198 89.742643 17.90503
24 94.277198 88.911702 18.751807