8.329805169170523271e-02
-1.112976811271318284e-01
6.383189518362313297e-01
-2.878953203260240512e-01
-8.174341782754012131e-01
-9.824797619741445498e-01
-2.171634264815659243e+00
1.175621607845586947e-01
-1.426255889421456535e+00
1.017377893022729518e-01
-1.482519725615287776e+00
3.916806759425804363e-01
3.239196435740597790e-01
-4.079501457691220301e-01
2.331486205982276627e-01
1.907260465873812927e-01
4.268310932270407143e-01
-4.375858624966302846e-02
-6.972360238195024484e-01
3.505831961367708249e+00
3.597136842491239772e-01
-6.352587772943006639e-02
-3.133107605807843310e-01
2.852693551513126868e-01
-7.852188916075991676e-01
4.330167367440431736e-01
4.495583988528274455e-01
-1.126934644812174424e+00
-1.294436799112012704e+00
-1.037520394500351717e+00
-7.849818598089369770e-01
-4.228410777231733642e-02
-3.859005889510481735e-01
-9.491193818145329253e-01
7.603615011374140753e-01
2.089967829748501926e-01
2.817440979220769970e-01
2.503804491694391898e-01
2.294639766699519134e-01
-2.247558165141425590e-01
2.277617122470269040e-01
-2.460787764766281804e-01
-8.100316938482660101e-01
3.077625604861726760e-01
-6.202703678848056068e-01
-2.176367683188565327e-02
9.077198145369205218e-01
1.212758131938045825e+00
-1.021972763693956177e+00
1.419344756614850933e-01
-3.475898738507290364e-01
-7.733169999468952893e-02
3.798691668899071283e-01
-5.977823299124427336e-01
-1.961538567541617262e+00
-4.996804477162415381e-01
1.188500489199353805e+00
7.144753475041856206e-01
-5.991486075064498262e-01
6.316698358251311429e-01
2.744377250964733506e-01
-2.491863316744089563e-01
-3.231821917746639794e-02
-2.517829018651334572e+00
-1.999653156933998144e-01
-1.422049057840716113e+00
-1.060628259559263764e+00
1.890620270238293488e-01
-5.129659666894679226e-01
-4.670067161477347017e-01
6.335483193295692317e-01
-5.264740951768757116e-01
6.513062334626927852e-01
-8.906046698929284133e-01
8.198805958706981700e-01
-6.429023548797450083e-01
1.623019961192945573e-02
-6.708080413892938410e-01
8.596135597233468539e-01
2.135186175948166065e-01
-2.502255136890588205e-01
7.882662680221085294e-01
-6.810173661505592585e-03
6.422128872421525303e-01
2.674143670472091672e-01
-7.728846573751075866e-01
-5.868506251190737100e-01
1.288359338723191971e+00
-7.929791005950749261e-01
-4.177142878348784338e-02
1.642152187035257893e-01
4.804792760360941384e-01
2.834049848985067399e-01
-1.823099959484107413e-01
8.105857381135224138e-01
5.145481442378033732e-01
2.027376869004579585e-01
-6.527280252256679738e-01
3.547197045592214604e+00
7.014574155832341562e-01
4.786852067303153380e-01
-1.179531271972773965e+00
5.473547990823979248e-01
-1.341153047050389180e+00
-7.228142209241373850e-01
-5.107767766381456076e-02
6.996768169366444079e-01
7.213805650135150793e-02
6.288546624701266685e-01
-1.454847880305057684e-01
-6.866147568942668755e-01
3.842524924707077516e-01
-2.269343135149325397e-01
-5.289189300993885068e-01
-1.148403028252130031e+00
-6.680942193368503146e-01
-5.170869259029108322e-01
-2.571056317056158447e-01
-2.001281561352767469e+00
-2.737902094225805882e-01
-1.071269820787710492e+00
-2.425342913946316736e-01
3.437841753358122920e-01
9.069833807614082755e-01
-5.523528308656290298e-01
-6.252109341862571723e-01
3.893546417549440530e-01
2.538172808302539551e-01
-7.408715014649583930e-01
-1.355613333573455703e+00
-3.702885621337163036e-01
-8.777513891711576921e-01
1.794270772365344491e-01
1.425138295223725426e-01
-1.355530796444900932e-01
-7.046916052710994194e-01
-8.412460619460149225e-01
-4.789356487332590007e-01
-8.240195175289985463e-02
-2.097561254726188207e-01
6.003205597883991551e-01
1.268116566043734572e+00
-4.631925481621491092e-01
6.994920165941860279e-01
5.939659753953008270e-01
-9.561121393729540840e-02
1.513301983493731961e-01
9.042376288115994143e-01
-1.354758126416769071e-01
-2.330555170328421077e-01
4.114700917886073284e-01
-4.191042719749896728e-01
-8.798194062350190858e-01
1.738714870430470572e-01
-6.409466753878725331e-01
2.258281491583836176e-01
-2.864544151637078984e-01
-4.010487144169475604e-01
4.629016546929490827e-01
5.394430883486054373e-01
-2.271346303002824696e-01
-3.327164821302378006e-01
-2.449976396467375417e-01
9.661146773416267042e-01
9.739452670169609361e-01
2.001173268794700366e-01
1.068744389040110931e+00
-1.656453545586598630e-01
-3.243543514868129501e-02
1.095468925396555077e-01
-7.890631269451037211e-01
-4.103168987383822852e-01
-8.468381020293203054e-01
4.104330484642274568e-01
2.105291263652991351e-01
4.299969598733990317e-01
-6.002337024443272773e-01
8.442245542209740883e-01
3.834542332758491545e-01
1.103117276263591018e+00
-1.310273118223627353e+00
-1.283964225391116099e+00
-1.322635155710812638e-01
-6.846416813889449893e-03
-1.045805424741118317e-01
2.459903446468182930e-01
-1.902443356951759812e+00
3.568588895887319090e-01
5.718538042278026312e-01
-6.786196514139205549e-01
-2.171187198411067554e-02
-6.264230969779864822e-01
3.653088653190189605e-01
-7.605450755445728461e-01
5.268803222635863870e-01
2.121649163006901484e-01
4.684792476237210623e-01
8.200613961733385082e-01
-1.491217680483089558e-01
-1.112672668856718339e+00
-3.639824003846593992e-01
-3.254779154938609587e-01
-5.441348613746040952e-01
-5.917271340074432562e-01
-2.036269004902424573e-01
-4.686250474562728696e-01
1.290299520419237567e+00
-9.696953250072939956e-02
-7.573648499314259430e-01
1.036165352114168714e+00
6.339247250928357058e-01
2.211785831431596350e-01
5.308588245393401905e-01
9.375212441595230928e-01
4.790030139821535235e-04
-6.083938964668544891e-01
-3.118466267744706144e-01
3.937355033686015249e-01
-8.897115271875061238e-01
2.561568351275942956e-01
-1.557356624124391353e-01
-1.758185290558459402e-01
2.519064531861229250e-01
-3.376201830126239312e+00
5.736808635749095220e-02
-2.051545678674064899e-01
1.952613022222824957e-01
2.250077075935956294e+00
-1.002118579123504188e-01
3.876039138891625435e-01
-5.995403786181193739e-01
-2.062681211819354932e-01
-2.517274742507615848e-01
7.496587994935042243e-01
3.340341644554745137e+00
-7.714728792697295168e-01
2.579769652414110603e-01
5.456383996049052332e-01
1.617741463016560965e-01
1.755748362882490365e+00
2.925080711040272674e-01
1.053359959684135427e+00
-4.750127441082164226e-01
-1.019095908302784625e+00
3.185907296552656920e-01
-6.828921551987051641e-01
-5.551126738752296674e-01
-4.227889516980535278e-01
5.225805710009922000e-01
-1.819508231969416689e-01
-2.861552751603084754e+00
5.215494413094852177e-01
6.167278704965323266e-01
1.498014953463273624e-01
5.734943832606097525e-01
2.284192251995358081e-01
-4.526167155633483707e-01
1.497106317903540429e-02
-6.018201004182911484e-01
8.099400276410052557e-01
5.327717960219920945e-01
-1.194751866186161360e+00
-3.957259719740724435e-02
8.234334308960193916e-01
-3.191626170013110442e-01
