
0 75.163138 35.79355 20.170874
1 75.163138 44.226884 19.105056
2 75.163138 30.969783 25.172653
3 75.163138 40.691548 22.520508
4 62.407544 32.757215 22.420759
5 62.194967 38.140014 19.444698
6 62.14834 37.762524 22.778523
7 67.593977 46.891894 19.915726
8 62.14834 40.355061 19.702844
9 62.039515 42.704378 20.045728
10 62.156362 46.8158 18.704523
11 62.156362 44.791847 19.002329
12 70.807863 44.417061 20.860837
13 70.807863 41.962872 24.573646
14 70.807863 49.185728 15.299175
15 64.576758 45.472574 17.858695
16 70.909616 49.024057 17.019778
17 64.042547 45.69303 18.795556
18 64.042547 44.960137 21.135101
19 75.93067 48.05347 19.53667