7.242576474544342169e-01
8.587355017021010006e-01
2.366265435248529059e-01
-4.924410787877662177e-01
-7.485346513756310216e-01
4.632573855954806863e-01
6.891974966736431618e-01
-8.992491830806448316e-01
2.525729753136447542e-01
6.511969080570803037e-01
9.621680263910508124e-01
9.750920467066910291e-01
7.836831865867281977e-01
5.129106031862700199e-01
6.378508526964903336e-01
6.965239692819213957e-02
4.108728239093009105e-01
3.760481144269012255e-02
-2.609394593957623520e-01
3.127336222551193590e-01
2.666485434742427163e-01
7.853780946776489635e-01
-4.010205466048435419e-01
-6.419125626245629768e-01
1.634777168344836440e-01
-2.540042128972486157e-01
-2.131883788848103478e-01
-9.922858098933058368e-01
7.579786113687918547e-01
-7.992264163720459447e-01
-5.506430607663501675e-01
-1.870797852536054684e-02
-2.260004675177900157e-01
1.955842347205951626e-01
-8.723748774909403370e-01
4.990488601492075738e-01
-6.948641431289497294e-01
-4.075382247240002531e-01
-8.825534739013440877e-02
9.179778390238995112e-01
-8.539801471414960599e-01
2.334091706680956335e-01
-3.207110105065749117e-01
1.046070780777408338e-01
-1.667383334638299353e-01
6.740063086692851257e-01
-5.160126307814210112e-01
-5.478665424945361462e-01
7.619045392708216902e-01
7.925051870756469885e-01
-5.273974776939944764e-01
7.004016489522493227e-01
-6.942896871274952808e-01
1.579260479089517055e-02
-4.742287025079054974e-01
4.482753536956529672e-01
6.813769190821854504e-01
3.157849027706278733e-01
6.348164989650018075e-01
-8.564191245811036968e-01
-5.789123504459907643e-01
2.793606252892102404e-01
-7.099723736805068075e-01
1.734222263700728739e-01
-5.424168005819003380e-01
-5.908429380408617426e-01
7.116804938506438027e-01
9.440995847396420615e-01
-7.825184349548826024e-01
-2.515390985794452305e-02
-9.541097177018642572e-01
-1.331177692063172380e-01
-9.444437479595657603e-01
-7.401831505682077150e-03
5.241822961035529360e-01
-2.359769293904283582e-01
-7.989436108147778270e-01
-8.031096681789273717e-01
8.393027395368846122e-01
9.983722136113544199e-01
-1.099928558428477920e-01
5.138083402264281840e-01
-1.014419213062618397e-01
-2.418942315742123039e-01
3.470933172917407550e-01
8.472838902613826217e-01
6.182920577307440269e-01
5.485298949201966590e-01
-7.294313757308195090e-01
-2.324628789518845551e-02
-3.821528279251953375e-01
5.628711979676512822e-01
7.210237253590665585e-01
-2.593602334437226098e-01
-1.295703358345345890e-02
-6.016599600805236925e-01
4.525870819420945157e-01
5.547825308995586457e-01
1.319475616976522048e-01
4.815187571001127154e-01
-2.156345397234771255e-02
-1.714073703481397981e-01
2.810828813735248843e-01
4.097420810585350459e-02
3.885842065960898317e-02
7.619273177316081558e-01
2.974234631813197360e-01
5.802793630198870289e-01
8.912184127953448609e-01
2.499815328661081359e-02
-8.639242738426127222e-01
7.710139692840078940e-01
-1.510596490915128154e-01
-5.713612308186108990e-01
5.876323789875816939e-01
-6.384369761505734875e-01
-5.032070415777323280e-01
-9.792805010660501353e-01
8.391332198885106397e-01
4.600815369622155426e-01
-1.556120959692757211e-01
-4.982946392577900507e-01
-5.003233454337976394e-01
2.822955330987819700e-02
7.197198806211262401e-01
-2.155168116807630874e-01
5.515766699655366700e-02
9.078304425048386861e-01
-7.230858021382715606e-01
4.963950845469569106e-01
1.077048372397571008e-02
2.067254602579833289e-01
-2.835569282547361070e-01
-7.174521405254590256e-01
5.636768880784255309e-01
-8.726196759847337781e-01
-1.083515012118967391e-01
3.813717229743966985e-01
8.943228057229031247e-01
7.323447978501842481e-01
-7.513553984698613242e-01
-8.025823556740185882e-01
-8.661733973694465405e-01
-4.387116963930792757e-01
1.991129179048052311e-01
-8.092995164080019066e-02
-1.299362111846034118e-01
-6.376918817434005238e-01
2.579563958222064191e-01
-9.297015266538708467e-01
3.252771847668796124e-01
-8.299649674593367887e-01
3.143255607430108789e-01
-2.145027788595001983e-01
6.813101068556417506e-01
3.907693861366781096e-01
-8.892690589761589326e-01
-4.783445236904544373e-01
-8.975925496407128890e-01
-4.834304228813175452e-01
-8.241666419721282999e-01
6.890000504152526961e-01
5.335157256053275621e-01
7.507074104074771270e-01
7.318014367442666757e-01
7.406135053384828026e-01
-4.421179971602908765e-01
4.343305443601248594e-01
3.944398926243239956e-01
1.361247968122214491e-01
5.489290982869157176e-01
-1.529345677857674168e-02
-2.575135403888733077e-01
-1.969424149828467030e-01
1.636543294669001725e-01
5.471464252146129859e-02
5.118608633287382581e-01
-5.517338964227429532e-01
-4.000439164868934139e-01
9.385362567873789530e-02
-2.307199798824208781e-01
-1.071167191597248713e-01
4.831658781775618472e-01
9.939419122087118641e-01
-7.841129427816910802e-01
9.703922366019330781e-01
-6.866438495949944709e-01
-8.957692156020358176e-02
1.683961114384600055e-01
2.350081966202925976e-01
-6.683826904791483337e-01
-8.437986652961291245e-01
-8.445149901992283770e-01
3.654612386009170599e-01
-2.987281257152012426e-01
7.722112505756550949e-01
-7.958719425465856645e-01
-1.993038766179269228e-01
5.640592852374901600e-01
-4.425946362666945966e-01
-7.265277321208640782e-01
2.452483434054220091e-02
5.228771079574485725e-01
-3.685572475118847890e-02
8.467248982418613679e-01
3.146924542254299073e-01
7.488732291650905815e-01
-6.697648304120131790e-01
-1.510160453645754686e-01
-4.234683077421030895e-01
5.537052075186064126e-01
7.201523310262225586e-02
3.868267246345311605e-01
-5.007458450275970030e-02
-4.101927345628382238e-01
-5.577019541495857879e-01
4.095805679682595901e-02
-6.542353408222005839e-01
6.631883619859246792e-01
-3.495500123007542204e-01
-7.989320654387968013e-01
8.603748644722386540e-01
-1.299182229118358567e-01
7.523971927638648527e-01
1.114025570121559561e-01
-4.060387788818471400e-01
-2.316973760102276625e-01
2.451334697055225220e-01
9.931249136584618942e-01
7.519342986777073357e-01
-8.440895923395603795e-01
1.060379611595352323e-01
4.509021029173050366e-01
-9.748555894046417869e-01
3.722249997873985361e-01
3.281265500726655571e-01
-2.203255554149636808e-01
1.982489549075787671e-01
9.102683751323290551e-01
5.641803175032229500e-01
-9.417432500131661666e-01
-5.858439889173292503e-01
-4.555219632726865697e-01
2.717920358335548237e-01
-9.456551355071702858e-01
5.792841156151955495e-01
-6.083209639484861153e-01
-3.420299260491643789e-01
-6.691195924608490664e-01
6.214436711527062673e-01
-5.939746993050798451e-01
-2.226170974321350915e-01
8.926619550117795843e-01
7.265802377871857232e-01
-1.729822598140122736e-01
1.144887766670292795e-01
-4.656120591485619631e-01
-3.042489634745930704e-01
7.470378923384137781e-01
2.939273133126296678e-01
1.695106385619540301e-01
-2.945859319069872306e-01
9.735500401659109571e-01
9.161354137077040161e-01
2.667524586950169585e-01
