-5.338646043536590113e-01
1.540234020632544887e-01
8.770874619999331490e-01
3.014732660608745451e-01
-6.391826134316498376e-01
3.028835491803238966e-01
-6.664980556680928370e-01
7.734535341489663374e-01
-4.999541566668053161e-01
8.604067999907141218e-01
8.718559230042699504e-02
-3.482456501806083793e-01
-6.548024939017493828e-01
4.406056120161125911e-01
1.517921958653360992e-01
-1.186281047301271929e-01
-3.936441476840331077e-01
6.229259478787163573e-02
4.423877246633687310e-01
-6.631677746227711001e-01
1.496280268352689902e-03
1.368899167175792186e-01
7.184198306051869931e-01
9.563670202886140892e-01
-7.700546176776545959e-01
2.267600533866216406e-01
4.204250233329585029e-01
7.480678026730280816e-01
4.460606449114501437e-02
7.203592730949757161e-01
7.329230617011524007e-01
-8.096964048818964255e-01
-4.282940711969986936e-01
1.420516910310440917e-01
9.070396425870193013e-01
4.506439166787474804e-01
2.256879498419923635e-01
4.739442462161909120e-01
3.059396181964157968e-02
-5.701862799583434782e-01
-8.607755027114039059e-01
6.247852108671574367e-01
5.275604140661107611e-01
4.772288355288312189e-01
2.548205376161367663e-01
-8.299364374150566270e-01
5.303793256715327864e-02
-3.858079285953623927e-01
7.171829586446247795e-01
-7.235219875190681549e-01
5.311218750923289988e-01
-6.568601739470469880e-02
4.891056368541428778e-01
-3.917721029609355643e-01
-4.144093001928459419e-01
-1.383979521073339658e-01
9.250331756204386302e-01
-3.883742553662898889e-01
5.680960929409961668e-01
7.230754137402608528e-01
7.984514847105941282e-01
6.434260842129115865e-01
7.730830917670656888e-01
-4.088107968808385451e-02
-6.594645790187707579e-01
-8.273872563747293185e-01
3.753520498938998085e-01
5.450666933040055895e-01
-7.429509021776163902e-01
-9.328629417294953541e-03
-1.153622703539445293e-01
2.632479365707813823e-01
-9.182375232946009547e-01
7.548764088439881004e-01
-7.317216994612740777e-02
-3.763075075675124115e-01
1.147807521632235872e-01
4.684326868619586026e-01
-8.785301932363815958e-01
-9.103160866034702980e-01
3.195056396728164216e-01
-3.219528243993434735e-01
-9.123721767014416617e-01
-4.018613017968120094e-01
-2.110122313467492905e-01
6.532264835294749883e-01
2.288645397949820026e-01
6.220595346213204646e-01
-2.504060659720321880e-01
-9.489148459182767947e-01
5.206460809685697910e-01
-5.867568748024523106e-01
2.080745888572641533e-01
1.207438699354899114e-01
1.637170517457655627e-01
8.681912946252978713e-03
-3.170208277132251506e-01
1.392641606918609831e-01
-4.224653946341996313e-01
-5.696376858213176853e-01
6.078839906301101159e-01
6.291555096088223831e-01
-5.455337416407193274e-01
-3.946570360391319365e-01
-4.626780417763782793e-01
8.072121776693470530e-01
1.111025823339524266e-01
7.149977734461887557e-01
5.525506624332865435e-01
9.242109108263307782e-02
-5.970200859638428170e-01
-4.790908821342820811e-01
-1.693636331064540812e-01
-8.742738655427471084e-01
1.131870777830945585e-02
8.251735879908479454e-01
2.681564964352767255e-01
-3.345859397022663551e-01
-8.367681019885542248e-02
1.982047006961489277e-01
-4.830140463539298601e-01
-1.979887503464641263e-01
-7.418517220276112933e-01
1.248954989387707215e-01
5.283887442780550447e-01
6.815042540646250036e-01
-5.775078536137221441e-01
3.676301001234936194e-01
2.823543274574704665e-01
8.804794505567370422e-01
-1.663591777676443062e-01
6.866532352342011869e-01
-6.661956307534757649e-01
-6.168796585036888658e-01
1.173294284939210286e-01
-6.969029086660332162e-01
-8.787625725473309224e-01
7.223293005422248836e-01
-1.125244585933982133e-01
-3.238979318504613403e-01
-7.614931709922303504e-01
-9.189637317030772135e-01
5.692216121141842056e-01
6.155179290898460387e-01
-3.063095254036567461e-01
1.880911013687480704e-02
-1.943976374836260401e-01
7.212207507361863001e-01
3.655778987293167859e-01
2.834548074580032218e-01
6.676306578926123336e-01
-2.142110793854441475e-01
4.635853404087637575e-01
-8.601248335362650099e-01
-7.297457012208494742e-01
-9.307481936244377252e-02
-7.593771527437709334e-01
-7.189162338013410647e-02
-7.908748063260429007e-01
-6.457244575046192647e-01
-6.885200587711137743e-01
8.066875006012013127e-01
-2.935818460705972299e-01
-3.529694730953547577e-01
6.759482704933390540e-01
-8.437273840272696557e-01
-1.728674945495942694e-01
-9.205600478287911947e-02
-2.611798399476694676e-01
-9.660664606472297855e-01
-2.580029026928409852e-01
1.647776314346423021e-01
-8.991896003411019578e-01
8.766931054718274385e-01
8.564731013398505510e-01
3.924308641088680716e-02
4.594772521133516641e-01
2.979556123832176606e-01
-1.795314042738564986e-01
-3.867920390262866714e-01
9.955788312020970032e-01
-5.163550030221857323e-01
-1.595820052215501939e-01
-9.103213875070759187e-01
8.940831562423146028e-01
5.736258617248768399e-01
-6.758744868142283480e-01
-9.861542019319118335e-01
-5.686652179559104070e-03
8.676365025437431377e-01
5.332599215639000079e-03
-8.602064865102410085e-01
8.869534861174885876e-01
-3.943867560985241383e-01
6.151604755899533483e-01
-1.833502974360885496e-01
-3.905495864140218210e-02
-1.738400393132326638e-01
2.003734896191375903e-01
-5.551814629262643574e-01
7.627244341060326338e-01
-8.450087889414865661e-01
3.519369770574776179e-01
-1.148882993769155814e-01
3.504296398302597648e-01
9.398366968775373476e-01
2.250080967211780525e-01
4.010872684982591529e-02
9.026773197077999633e-01
-3.808891561501950296e-01
-7.428125738315853877e-01
6.300351852360295268e-01
-1.230881281065299149e-02
2.685824690566205319e-01
-1.119757815364397224e-02
-8.367648387858248604e-01
-3.057913476983593615e-01
-8.296352900616490444e-01
-2.447016699852326838e-01
-1.618903650926046822e-01
3.941260310354652852e-01
-4.693447182198251522e-01
5.930783302676698732e-01
1.366918283066864692e-01
-2.569496724519195752e-01
-6.968802690413005152e-01
-8.613882395015513005e-01
-1.976154142873587372e-01
4.365842782555597879e-01
5.046068817496114356e-01
-4.865289447396787814e-01
3.191415036168694375e-01
-4.541283093463475140e-01
-4.575899426563534433e-02
-9.954261948024214490e-01
-6.276769968345758954e-01
7.175401505717831085e-01
7.511195201097533580e-01
9.767413894957706066e-01
-3.099228601064298871e-01
-3.126052025574579396e-01
-7.406476094273914956e-01
1.550342786910929860e-01
-1.175528375005330251e-01
-1.409368884326274163e-01
8.680003175088240042e-01
1.238649739669086536e-01
6.026144697545166018e-02
-9.610422765704589310e-01
-4.524474446770607727e-01
-1.258639608623512984e-02
-4.432826974583274904e-01
8.398789038390623851e-01
9.216802501688330373e-01
8.676381083571145236e-01
-7.199668110888894912e-01
1.741002373707134510e-01
-8.778191652918312382e-01
-1.181849698150967409e-01
3.586863562787285797e-01
7.140250335943054694e-02
2.145220637420164334e-01
5.767290995177143387e-03
5.290707568832075935e-01
2.654103291483933535e-01
