6.167386306300330912e-01
-9.828361808387331422e-02
7.894673480214298156e-01
6.566932794976141352e-01
5.850286262684969429e-01
-7.574928704376875377e-01
-3.064343540577860736e-01
-4.162592965486522356e-01
1.358114018956801949e-01
-1.997369097235497382e-01
-7.393614636457093159e-01
7.083421037281767418e-01
7.457502218333862398e-01
-4.915803933795985792e-01
-3.743002487676039269e-01
6.161752937726940882e-01
2.466794033301651368e-01
9.714666031125629431e-01
-4.459792023287498797e-01
-6.992136071008354659e-01
-8.667034011470646782e-01
-2.898627875702119994e-01
-6.741657899191844106e-01
-2.382529937122441765e-01
9.566105667827689008e-01
3.254469043172059095e-02
9.641025590984528826e-01
-2.364140322256289561e-01
4.768655545432927134e-01
-6.198470735086227812e-01
7.731721738989989490e-01
7.066425993515714765e-01
9.952299921960165996e-01
8.049296203939104721e-01
7.476890522645671666e-01
4.432269614413468783e-01
-8.352052482149086021e-01
-7.043378943189924080e-01
-4.217047016602384346e-01
-2.992060358295089983e-02
4.407585232091124627e-01
-6.751073605869792882e-01
-3.023016905400595089e-01
-7.514737267966373757e-01
-9.241294751052107070e-01
-4.200861982847845510e-01
-9.243584761920780046e-01
-6.110077938520217522e-01
-8.715524985856482054e-02
-6.048063242612899959e-01
9.955987709821756404e-02
6.649689626264057019e-01
9.861518217031455258e-01
6.847382276268025869e-01
1.989958527515853781e-01
3.146666976876317801e-01
-7.747962212492760514e-01
-1.249528911609110171e-01
2.219492287173541190e-01
-5.795654207063154484e-01
-2.134869871669500263e-01
-9.187374289189587095e-02
6.713539682753744131e-01
7.217272035508814909e-01
8.229493311687432477e-01
7.226839852712829693e-01
5.327510580743992641e-01
2.054250379220310396e-01
-2.292626213104846933e-01
7.170117157161026711e-02
8.349380380239836974e-01
5.530503905617543126e-01
2.968201835309214331e-03
4.368330432372009575e-01
-2.572014385338465825e-01
2.866546084324905763e-01
-4.133318294303696128e-01
-3.375451445045543064e-01
6.243810412401731291e-01
-7.263636418457986021e-01
8.738067803546627488e-01
-5.860215605209868617e-01
2.634340908786674262e-01
7.265333362695187702e-01
-6.495265012080724265e-01
1.816316634668733165e-01
5.536046176167179755e-01
8.946517842636625417e-02
-4.189261090982694391e-01
-9.919975214263989649e-01
7.833620192936558979e-01
-1.992973031639828640e-01
4.176246750805536756e-01
-8.654381641549091508e-01
-9.637095774051827046e-01
9.225336487779516315e-01
-7.411961568754219520e-01
5.390850034753749132e-01
7.595959926896556080e-01
2.783932355600102770e-01
-6.206261674182123045e-01
-7.818916511246594148e-01
-2.241111912101885206e-01
8.535910940012474413e-01
-9.918876306167576651e-01
-6.586048540271687290e-01
7.152849157165466210e-01
-3.505026353972076070e-01
1.797204127336426982e-01
3.738312427037346897e-01
-5.660843792854741707e-01
-7.430339395566685212e-01
-5.142341620507657751e-01
4.040441165006218860e-01
7.086314665950139702e-01
-7.743812289212166355e-01
9.420056391512481309e-01
-7.398190971451559239e-01
-1.213622174475734727e-01
-7.287075652887575750e-02
9.942540186831134719e-01
7.806480152812540485e-01
6.705260371308034983e-01
-8.790406885245549695e-02
-2.065945828189086342e-06
-5.129773086301034901e-01
7.882206497902228826e-01
3.760594227448532667e-01
-6.673893289060959244e-01
5.438331906273969896e-01
-8.703761371723084395e-02
-4.770701413570743732e-01
6.315341388217687868e-01
-8.586187164591025933e-01
-5.936129907234550807e-01
6.347568828670484553e-01
9.593833780196694416e-01
-1.508838734547455207e-01
-9.146161813761020110e-01
6.575417842417663472e-02
-2.392417446192041108e-01
-4.652270182717812563e-01
-2.715015201666259870e-02
-3.914287055457088549e-02
5.913317944987790398e-01
4.947864354613860094e-01
-6.781753627208142454e-02
4.940472588216546779e-01
3.997909695351640202e-01
3.304732248572839204e-01
-8.955176745787873926e-02
5.612217893108373268e-02
-1.178182504428140209e-01
-3.582527684158192116e-01
-2.468538997087004194e-01
-5.267991331671275645e-01
6.928311486204172809e-01
3.496332033916422777e-01
1.987701078513539610e-01
5.231061533303351663e-01
-8.847429597296099235e-01
-6.831257948120015300e-01
-9.648347621555621867e-01
7.470357053812781700e-02
-1.698931123543101496e-01
-4.709799519431663306e-01
-5.541405457299661830e-01
7.364666416064746812e-02
3.238807248184936149e-01
2.601184702624472767e-01
3.792079363820466398e-01
-8.395655131990507059e-01
1.003365608673059128e-01
-1.152999552257039095e-01
9.727032991943871387e-01
7.451707619904941460e-01
-1.021193668712276903e-01
4.756509462958522505e-01
-3.459891083421742231e-01
9.586258630719517448e-01
-7.789891600766916113e-01
-5.239688381342098022e-01
4.866289214543950692e-02
1.932320739966164602e-02
-9.495862652289939199e-01
4.035787705794573466e-01
4.215969654030302660e-01
7.116750004972063337e-01
8.065278310110644000e-01
-7.461816230205522427e-01
1.897136932579033264e-01
9.982835131897040970e-01
-1.272897876277852003e-01
-1.022378447930902823e-01
-1.113564309385552953e-01
-1.739261601133723634e-01
-6.071189645651975386e-01
2.786399375878201301e-01
7.458277600406286734e-01
9.481201309874751626e-01
9.560752121952418303e-01
-8.707541256618365200e-01
9.107484197547044413e-01
1.542899667176229617e-01
4.964211041973081162e-01
9.753870619232571926e-01
-4.542629049034634381e-01
2.050629933150116546e-01
-4.934742769305773269e-01
1.354187906125376983e-01
1.618356565553225046e-02
2.694448525431332175e-01
5.420168824553086573e-01
-2.156823260000266806e-01
1.447686779563166493e-01
1.611851679392466430e-01
-2.857250197562399840e-02
-4.130080833090881143e-01
3.026755516433790039e-01
-1.950880819489797524e-01
-5.382776626036278600e-01
-9.980838846604171977e-01
1.867662382872565807e-01
4.012561790256752303e-01
3.209306307597585839e-01
-5.560063297237549662e-01
-3.612895917287994862e-02
6.630991721713834774e-01
-6.695481539473826516e-01
-3.884742839614285792e-01
5.529044071957334161e-02
-7.514928628162691471e-01
7.590107749895016465e-01
-8.422137750859290950e-01
-4.870957147248107244e-01
-3.841574612331837280e-01
-1.627957479291521903e-01
-2.427706831569276247e-01
-3.683997888910994778e-01
-1.218584047016169070e-01
-9.623722967699044339e-01
-9.748749555136417833e-01
3.581111346302980891e-01
7.516406059708640175e-01
-1.112188429084115526e-02
-2.327713630099517150e-01
-8.869704433021698975e-01
-1.578952276125407117e-01
6.408837722305105178e-01
2.345329006406278172e-01
-3.799087551202082746e-01
2.793606768644616434e-01
3.606978017312567619e-01
7.895815200124098876e-01
6.068052028872505943e-02
-9.495055203665148102e-01
-5.551078619092677524e-01
-1.234090554136459961e-01
5.349045856131384724e-02
6.745732291202843900e-01
7.896310235172423475e-01
1.444942531790383011e-01
1.657641183590441436e-01
5.209658354580479767e-01
1.030916107287462857e-01
