
0 84.08034 9.65904 16.430566
1 84.08034 22.570237 16.195427
2 87.33625 30.2109 17.480887
3 87.33625 32.912331 23.130654
4 87.33625 40.430026 27.619969
5 87.33625 48.835938 27.377707
6 87.33625 56.734111 28.268325
7 87.33625 67.686623 27.290209
8 87.33625 68.121018 29.412927
9 87.33625 67.571252 31.94376
10 87.33625 66.704333 31.645523
11 87.33625 70.653312 30.712783
12 87.33625 76.329256 24.828564
13 87.33625 74.580663 26.757905
14 87.33625 74.84633 26.480376
15 87.33625 75.250774 27.027056
16 87.33625 76.302217 25.573334
17 87.33625 78.642936 23.120783
18 87.33625 72.936904 28.977509
19 87.33625 79.567951 20.80958
20 87.33625 76.134337 24.956125
21 87.33625 81.095135 18.822468
22 87.33625 74.87341 26.445388
23 87.33625 80.815711 19.733527
24 87.33625 79.292923 21.107181