-7.753464257523086101e-01
6.202767206953858636e-01
1.120656212317272526e-01
-7.482314347440983671e-01
1.631124782710504650e-01
-7.524080050984549572e-02
1.256199529572190610e-01
6.381352949119349915e-01
-4.563157706835794247e-01
8.951496129974803040e-01
6.959235379537367372e-01
-9.297370310337256250e-01
-2.881669111744449285e-01
-2.364909141356947853e-01
2.640046395424351378e-01
5.433182284616107083e-01
-4.975846322187349458e-01
7.422128999336303767e-01
8.542743047068244167e-01
3.276228487601382522e-01
1.014959463327087530e-01
6.371957480951175867e-01
-9.783954511329420178e-01
-8.306288685929619220e-02
-1.831329543449697894e-01
-3.077514739564650714e-01
3.541450563530164075e-01
-4.160446167459674882e-02
-4.300772971982764759e-01
6.138495208726106878e-01
-4.071350410291803001e-01
6.698459411874679859e-01
-1.563771133770683885e-01
-8.410357658910112555e-01
-7.927948457892894929e-01
1.607986354179720134e-01
8.882176083042425674e-01
-6.012949207576396837e-01
7.491673631275683753e-01
-3.189388860364124056e-01
9.788501331439358744e-02
8.710356137752577332e-01
1.476524064747390952e-01
5.082545683054449093e-01
6.534350174986642834e-01
9.033049312339562764e-01
8.761153525410390053e-01
4.836053966552376071e-01
-8.422815716243441386e-01
-6.559890712905203092e-01
-1.629173222822293265e-01
3.515177162408751332e-01
-3.035760122774711078e-01
7.197478849579690419e-01
-1.798952432179743433e-01
5.851597792231233441e-01
-3.710669811133209262e-01
1.099260600424003531e-01
2.848327269270165552e-01
7.060647731356557433e-01
-6.930861881369763111e-01
-4.268766120242157847e-01
2.823673421032446562e-02
4.474524325001001390e-01
3.199012518021437934e-01
1.025961988113350820e-01
-1.912471548199476956e-01
-2.268906998803301711e-01
-2.240776907057890899e-01
5.888193729413975230e-01
-1.983045845830024856e-01
-2.933104691636920780e-01
-7.863565227525701751e-01
3.726006672649595508e-02
1.543671604542096176e-01
4.575803097822002119e-01
-5.018161810701460279e-01
7.026988721603959487e-01
7.173726551198011947e-01
4.639993557910537803e-02
2.967619847631639551e-01
2.290001720790169060e-01
8.654782244669805280e-01
9.769017426601687148e-01
8.518485103648978374e-01
-7.778601528066406701e-01
1.238939415906434860e-01
-1.963379137056242563e-01
-3.449436127207450298e-02
-3.137421065730798819e-01
5.670796118351226767e-01
-4.362386911316216143e-01
8.031259890898161391e-01
8.047025179393363370e-01
-7.934903039213132558e-01
5.951609670644184558e-01
-2.986576517113379570e-01
-1.596623957192289112e-02
7.355715419080888218e-02
-7.033891388906552411e-01
-3.564701612913945272e-01
4.064777098473526529e-02
-5.452838498086727270e-01
1.131665891270876578e-01
-4.456051387591837276e-01
-2.148877522639272009e-01
-5.059787033224774078e-01
-8.457141885801580106e-01
-2.480262905571124499e-01
-7.619732370157921153e-01
-4.805846279913055241e-01
-1.848861275858444397e-01
-5.836870380431089522e-01
1.666247187104319405e-01
7.157278387887426874e-01
7.953135001284794559e-01
5.920702437413911667e-01
4.736272283728877319e-01
6.578729684073403305e-01
1.246846215214747478e-01
1.144297477013966891e-01
8.966787075373769955e-01
-7.131843872382883642e-01
-6.413723312200647619e-02
8.302343328494377062e-02
4.898225535755216242e-01
5.122694475756885968e-01
-5.423454515630885542e-01
-9.319848076709098539e-01
8.186169527051478934e-01
7.263556152947052702e-01
5.594868514141126958e-02
-7.829650214249961326e-01
-5.806200914867944984e-01
-1.853052775326262669e-01
7.370077075534007260e-01
1.909965824381802957e-01
5.169896163836331660e-01
-3.041747005770780721e-01
3.578865564684901024e-01
-9.159132732094108498e-01
-2.775425891939973244e-01
-5.629930561150633395e-01
-3.207233143928367447e-01
-7.354404576839281837e-01
-3.942650757011183504e-01
9.849561520396201697e-01
-1.082694640358876637e-01
7.977992968727340983e-01
9.072669031793967331e-01
5.959773252910378627e-01
9.401237166719722538e-01
-7.345807090579734577e-01
9.119281766346467588e-01
-8.169705984881856509e-01
-1.854395977856464484e-01
-7.507371308945578470e-01
1.344865673744986001e-01
3.164678893773726909e-01
3.971244092958199357e-01
4.278338071571252677e-02
7.126645427316682380e-01
-3.421102808632670023e-01
-4.493190051852433697e-01
-2.346547483011849344e-01
4.672140239812607732e-01
9.963065126149226458e-01
8.582337643801092320e-01
-7.426508001816347626e-01
2.677344794205627210e-01
-8.770912483358732636e-01
-5.335299774151136543e-01
-4.012261162409280768e-01
8.317808405615640943e-01
5.463479639050230485e-01
-5.634813015402859726e-01
6.817524586152969857e-01
-9.274567013956973582e-01
-3.083980841198716849e-01
9.465264111507312172e-01
7.697845635557987176e-01
7.929871972365598598e-01
-9.635120092196223229e-01
-8.727826864783707617e-01
5.286441974230742247e-01
4.437631753831210446e-01
9.127874341730970453e-01
5.618422858742864179e-01
-4.873668864172342463e-01
8.763404996521486634e-01
7.940568232944695826e-01
-1.695124974274235807e-01
-2.805241342685775852e-01
-3.567283993834964306e-01
9.418469461523015784e-01
8.166424908892537804e-01
5.794398824428788064e-01
2.988767476985134675e-01
4.550000751457992099e-01
8.128619145203979102e-01
-1.524048610085320110e-01
-6.089894742794974558e-01
6.767441366468440744e-01
8.812009319701687993e-01
4.972851150670827280e-01
-4.410682714931200010e-01
5.758253769124028754e-01
1.309871480281628031e-01
-5.250018109779270858e-01
3.641840797009614494e-01
-1.212092869665646333e-01
8.655782944707435256e-01
6.557135816279777707e-01
-1.039137029162033876e-01
-4.648224569096379710e-01
6.069220151912531058e-01
2.202309490763667554e-01
-1.550059879358316461e-01
8.545717276585484967e-03
-4.825731876456516023e-01
-8.194406719004176942e-02
-1.873656160971457485e-01
-9.075060049901493286e-01
7.239510503831425581e-02
5.164283377637575168e-01
6.221618554410162094e-01
6.785262734555079778e-01
2.800863254932111079e-01
-7.327535040306043523e-01
-6.156009692263142430e-01
-9.705757633911782367e-01
-6.016498554760818518e-01
-7.493952874325622293e-01
9.713731479447846873e-01
-8.196534877959313903e-01
-6.446959345189084978e-02
-1.593321782750269922e-01
-6.545677934041471691e-01
6.471108713079447572e-01
6.308136207792371941e-01
2.082036715565860341e-01
-2.170957472971628555e-01
7.802621735666408487e-01
1.627945260518033344e-01
1.745703532719105056e-01
5.451247296770989070e-01
8.283130981069055654e-01
5.933187938830934982e-01
4.539337721812264359e-01
-7.359667674654288838e-01
7.882068585798527316e-01
9.978410535646564661e-02
-4.049116869712363620e-01
-3.501101789658525032e-01
1.550302615480045887e-01
-4.873387621047682305e-01
9.816298755126580122e-01
-9.406013755750153305e-01
3.028281075372545317e-01
-6.947217643945191590e-01
-7.113998361156443906e-01
-4.706812560015649627e-01
9.314674738580626112e-01
3.930070487650121347e-01
7.932284858409310857e-01
