5.657023536740504177e-01
-5.766682730149996772e-01
7.479271720463178674e-01
1.864605189394739071e-01
7.848787603650735356e-01
-9.909121216555254463e-01
-8.621756797396773475e-01
-5.934956046005224195e-02
6.090747941782779229e-01
-6.821449980670355462e-01
2.715945299362645393e-01
-5.571508933834772304e-01
1.667481075872090379e-02
9.904326056314682880e-01
-3.947841869904524792e-01
-3.166700562231146154e-01
-2.194232073309019260e-01
-8.113162386114369795e-03
-8.372657333133748381e-03
-3.329686984389583770e-01
9.016548729396034467e-02
6.469083733615124121e-01
8.166783198978941893e-01
7.653915701849860476e-01
-3.293397114709977203e-01
1.922439450837383212e-01
5.697639277731325613e-01
-5.842085759290804869e-01
-6.786824939468554252e-01
9.931753634870159608e-01
-8.041316245721763512e-01
4.750012913963455041e-01
7.393213219022662930e-01
4.466229344335805873e-01
-4.364538071707004807e-01
-1.557983943229146462e-02
-6.056615748481470884e-01
-2.304444469457163081e-01
9.431674480236893476e-01
-8.843367131913164592e-01
-7.871792965226391825e-01
2.271708292855045830e-01
3.455989871087710164e-01
-9.135665839123050525e-01
-7.592237318552053082e-02
-9.367357047204503129e-01
-9.421416653350889181e-01
-5.751111628676006671e-01
6.657399425296581796e-01
5.416628321570684523e-01
-3.904771993973739086e-01
-8.658613843070535054e-01
-5.612907308677370644e-01
6.379400580588761027e-01
-8.542221310367099640e-01
-5.945309615825213889e-01
9.605747978402274789e-01
7.663488177516815103e-01
8.944178983905726188e-01
8.469376478457331103e-01
8.717003036438861763e-01
4.242690444027321650e-01
8.513295144595944830e-01
1.931445587494491356e-01
-7.079467249874544788e-01
-8.423008717215922925e-01
9.324775520580126376e-01
-2.164371362878392269e-01
7.088128948136362961e-01
-1.387664885415502702e-01
-5.634467309290638326e-01
9.461479323535573194e-01
-6.332818487473803604e-01
-6.717183917185438613e-01
3.450020039998622501e-01
-4.680716158495277224e-01
4.288522724632946037e-01
-5.638830286378002654e-01
9.107097082237158858e-02
4.363909178780533971e-01
-5.400174281897476281e-01
-2.763098573137630076e-01
8.062182465170462109e-01
-4.971489188925686253e-01
7.927360368412048608e-01
-1.122074649598467921e-01
8.751810407553635152e-01
2.555879157412135338e-01
2.614714367964630082e-01
-2.458458625230572903e-01
-2.832280539477927128e-02
-2.168757141218555784e-01
-6.692717321185268631e-01
1.304066066957010328e-02
-3.041473437174160299e-01
3.789858357009261436e-01
7.742370598647212443e-01
3.859876508066870660e-01
-1.768501445267434136e-01
5.719356559990573796e-01
-4.121699794303876896e-01
-5.292288106535718573e-01
-5.417349791923091740e-01
1.111872524723305222e-01
-5.594198413304958262e-01
3.706312480565543410e-01
-8.749163559436565762e-01
-3.128942089279722616e-01
-9.076555721663956966e-01
-4.092759444695530657e-01
2.589096383637106147e-01
6.887967080733850000e-01
2.919234106057975175e-01
1.195725900611677162e-03
3.917200480036024945e-01
3.950959867015166882e-01
7.560193613144479130e-01
-7.758709989968792797e-01
-4.293057332770573442e-01
3.155788471430047704e-01
3.593934606106210516e-01
1.231709938133100923e-01
2.774730279975781144e-01
-4.564276213819562500e-02
8.292225378482624976e-01
1.851353429222366564e-01
3.557029340506570048e-01
3.453058863903322173e-01
7.693180816989195758e-01
-9.221102342778939587e-01
-7.140728952558252907e-01
8.184395059815510187e-01
-2.144640506821859915e-02
8.175481871918766075e-01
8.473887477998687245e-01
-7.085446637106760370e-01
9.717161606843445210e-01
-4.882928849949008665e-01
8.777357535897036822e-01
-1.029689693016209162e-01
3.865391767791424016e-01
9.133922855440905764e-01
7.266655941437600852e-01
7.913072340882476574e-01
6.401457875901543915e-01
-6.350965411033959729e-01
5.546339398271182830e-01
-1.567119712272995180e-01
7.895925374102685801e-02
-1.752693541379548581e-01
-5.456195460308279621e-01
6.531512833749997249e-02
6.050203588708604752e-01
-3.788187556311384263e-01
5.406199860821587766e-01
-6.183937016519036600e-01
-3.468084959903792175e-01
-5.655012059195696494e-01
1.765656270452502508e-01
5.171107859196895085e-01
4.835454762072133317e-01
9.800759787226556163e-01
8.473805444224646877e-02
-9.473208707361875369e-01
-2.984090255392599644e-01
5.315174023783040269e-01
3.614101981214685733e-01
-2.398762487558803169e-01
1.121020108908521440e-01
7.467591957292127880e-01
-8.335658340884211093e-01
6.361594490059816476e-01
1.030544050827157943e-01
6.126762930967277754e-02
-9.218597446449838806e-02
8.996091754564736753e-01
3.160510285727848867e-01
-8.169538087301186913e-02
-4.824300069458358209e-01
4.625259858729724449e-02
6.210146099405509101e-01
8.055160724348897627e-01
9.209129070046695453e-01
7.865807262889212836e-03
1.390751849682665409e-01
-9.887936663504095502e-01
5.294087537201457305e-01
-3.306025499938611834e-01
2.224862910945570871e-01
-8.512675943107812504e-01
-1.585443815392526545e-01
2.593136341164561376e-01
9.101856968256407665e-01
8.732864621877423073e-01
8.186444610307095360e-01
8.669420007260988381e-01
9.114803380616329775e-01
4.546812226109990807e-01
-4.728735160972099560e-01
5.234136803739182220e-01
7.700434171887766688e-01
6.720592259981907901e-01
1.519530608650354608e-01
-3.638800969742717051e-01
-7.019110417594398577e-02
6.111217237743882258e-01
-1.291265511131709509e-01
-9.847934915529208411e-01
-2.789968244746148240e-01
-8.847333254236888767e-01
-7.620590638844282338e-01
3.712755403940806165e-01
7.329441966005529885e-01
-3.096705940157733483e-01
5.637640891296813450e-01
5.496345262278334864e-01
7.400860470384880152e-01
6.593150411858574866e-01
6.842188336222005951e-01
5.620794637212911393e-01
8.442531025850907866e-02
-7.686646166618349429e-01
1.293807617396591780e-01
3.005348560230147736e-01
1.909924582540201143e-01
-2.234591286817044775e-02
-1.833057975876382084e-01
1.095358216752646552e-01
2.103151051187168719e-02
-7.199684417994727248e-01
-7.774902414925275451e-01
7.986733918522468390e-01
2.561349325941331134e-01
2.587644200904586356e-01
-8.178948035561517393e-02
-6.563667309541720840e-02
1.695406875123681711e-01
-3.741066041849971935e-01
7.924795418609271724e-01
-9.797849232418425203e-01
-9.053102471631264692e-01
9.007315206809780594e-01
9.749970385172443965e-01
2.882658165160736363e-01
-1.520295940440148375e-01
5.363273526704055438e-01
-3.302102874986980741e-01
8.821545611564665101e-01
-2.565928539346455928e-01
6.312982909320536962e-01
-8.607975864161612201e-01
5.430428558793418681e-01
9.184263761009892058e-01
-2.205390806966844863e-01
9.112564233159776705e-01
-3.573115777766169288e-01
-3.809808219369190674e-01
5.679890840827073184e-01
8.462159955941332967e-01
5.876694891283993361e-01
-1.576556625730995975e-01
-5.945229975037396031e-01
-1.292022720379737422e-02
-9.504384894429152020e-01
-9.581815451288346885e-01
