
0 93.464679 31.746981 37.270741
1 93.936796 53.402271 36.351693
2 93.936796 70.159029 34.011398
3 94.435993 71.614076 36.012515
4 94.435993 75.797986 32.025661
5 94.435993 76.733284 33.019741
6 94.435993 84.556496 23.276386
7 94.435993 78.728957 32.657756
8 94.435993 82.961728 27.481995
9 94.435993 85.702845 24.16844
10 94.435993 86.253501 23.259256
11 94.675993 83.897238 26.42036
12 94.675993 88.218114 19.138626
13 94.675993 88.338553 20.070857
14 94.675993 86.625471 18.655247
15 94.675993 90.473055 13.154368
16 94.675993 89.327457 15.442324
17 94.675993 88.754834 17.03838
18 94.675993 90.996227 12.017572
19 94.675993 92.704631 3.872503
20 94.675993 89.759064 14.144529
21 94.675993 91.205568 8.582362
22 94.675993 89.158858 16.083921
23 94.675993 87.941986 18.130487
24 94.675993 88.582799 17.743169