-7.225806892974064866e-01
2.446058960106802793e-01
-2.407844417831945805e-01
1.420462247814042733e-01
2.506052907243485617e-01
-8.115134027328769761e-01
8.073698350077309627e-01
-5.195343751663115128e-01
8.438848402228977807e-01
2.617886267379552212e-01
-7.130008839604951021e-01
7.961850820842399923e-01
1.863528080349083904e-01
8.287020539915730399e-01
-2.378846507004035438e-01
-6.680695248700943001e-01
6.130388681847178667e-01
-4.790186950079777795e-02
9.253669030384708005e-01
-9.580111313242092308e-01
1.985205097570972299e-01
7.190903295930168859e-01
-9.672771854598880559e-01
-6.636749104685144562e-01
7.297400356372740760e-02
-3.064428104716521162e-02
-1.787451740039167625e-01
-7.066520384638932395e-01
-2.646890982989189567e-01
7.235998821684508364e-02
5.303304520889162710e-01
-7.647861640787811943e-01
-3.958318862127421234e-01
3.764266647423608614e-01
4.679432441762791939e-01
9.759541985491337890e-01
1.002412304053128533e-01
7.116546990147372131e-01
1.001918960884180532e-01
-9.014702481637706377e-01
-5.222668514824173602e-01
-1.676716588946112196e-01
6.748671131581167604e-01
-7.831625607655567922e-01
5.323677130399655510e-01
-2.270558086355889404e-01
-3.822901978976003257e-01
5.616445200028210571e-01
1.395418592826880300e-03
9.290042307816703815e-01
-6.648786106464570356e-01
-3.645529686942039493e-01
-4.406459934088391428e-02
6.280225214793764277e-01
-6.677436469499473670e-01
2.968921309335414982e-01
1.607318231452659063e-02
9.224310134160291774e-01
8.531528341977732133e-01
-5.299837307249679608e-01
1.589382307173863307e-01
6.858298266342979232e-01
-9.315691939835466506e-01
2.363392025184405387e-01
7.073108620846038086e-01
5.778509406853908903e-01
-1.672457456857321390e-01
6.528229019655784615e-01
-4.518284954814668630e-01
-6.057290233502394816e-01
-1.391771588495527290e-02
-7.697790422003898403e-01
5.980041836618981144e-01
-5.040555180050407813e-01
8.203151980299505652e-01
6.502099584480343086e-01
3.108619462015105306e-01
8.756654458564971932e-02
-9.961508904734592829e-01
5.264125201754117356e-01
7.270611209243726947e-02
4.492824663844132704e-01
6.836667398238376325e-01
8.917015250277435801e-01
-3.688772835438804965e-01
1.780896308277171158e-01
-8.124964970777595052e-01
5.795496808085067730e-01
-5.934737719836853387e-01
7.263738336898335479e-01
-3.397041547233339287e-01
-9.563228416665969789e-02
-3.902802539707337370e-01
-3.870095005426277268e-01
-7.925575153341570811e-01
2.377847811409068424e-01
-3.694240314628489674e-01
7.682216278828544187e-01
-6.756648671508969084e-01
8.187061964282205118e-01
-5.308816419087092342e-02
-8.085022200632838718e-01
-3.264107949370411710e-01
-2.820290595074099738e-01
-2.901700992177944638e-01
7.611859059058010413e-01
4.888702465375602824e-01
4.272375367728533657e-01
5.450465576952161495e-01
5.938562924420041078e-01
3.971390697505201572e-01
-2.182121768058713496e-01
-9.556586629018906098e-01
-3.885704626199839584e-01
5.039464963107034290e-01
1.302762517597768621e-01
3.613140983703178044e-02
4.880954693883015061e-01
-5.703701959533638011e-01
-6.012304538958896938e-01
-2.037218488582583920e-01
6.971101588494277301e-01
-6.764112837618843077e-01
9.995999292125277158e-01
-3.694313938003608300e-01
-4.114762348924114743e-01
-4.898265987124927889e-01
-1.533498809918105721e-01
9.287646839994807557e-01
-7.603664975657240532e-01
-3.885824555667181102e-01
4.864604289224434552e-01
-3.652812322403091727e-01
1.325633951344933337e-01
-2.263787889891553107e-01
-5.514724716465080334e-01
-6.447543263073600706e-01
-9.554152625357090756e-01
6.536546606046513830e-01
2.586444688009250648e-01
1.052091823768752654e-02
3.284954486215831970e-01
8.081556322515037749e-01
9.515932008305156842e-01
-9.094442132474858109e-01
-6.430154634376021860e-01
-7.514636059594679285e-01
-7.210326958434354339e-01
2.064990162662054818e-01
-9.326950660262700588e-02
-6.446868769660296650e-02
-5.670399099547653865e-01
-3.039210511967629369e-01
-2.662901639282619914e-01
9.741101914730414535e-01
7.499991083961017324e-01
2.282913994437854033e-01
-8.667214271933851855e-01
7.592603364149279610e-01
5.576267184932559573e-01
7.663833248823774813e-01
-7.471807906653804565e-02
1.450082175068001522e-01
-2.467899094868772902e-01
-9.567663492516724766e-01
-6.877406059156672136e-01
-9.300318407418139977e-01
-3.844803518920871799e-01
-4.312966043890529289e-01
8.135983697150750427e-01
-8.645826788166974808e-01
6.375260693513704613e-01
-8.058090552557424235e-01
4.479467402622283601e-01
-3.021598440234685157e-02
1.581581251600718829e-01
4.349919329016955771e-01
-8.161288295687598726e-01
3.374642460448433745e-01
4.597562256090803601e-01
8.255844160710679169e-01
-2.242533383450429074e-01
1.318397418196726179e-03
7.797483358298984424e-01
-5.585072370144037457e-01
-8.572724841232672865e-01
-7.476569338560763445e-01
9.220270045916671986e-01
1.245500812905357968e-01
-3.255319077677527595e-01
-5.057569424312644557e-01
-3.148427718528508112e-01
9.522499227006178124e-01
-4.747224117507689023e-01
9.949840423007951795e-01
-4.627940082289603296e-01
9.171225557540776396e-01
-3.025768974358189478e-01
5.613706010664554213e-01
-5.221274167836689184e-01
-4.868125205319853155e-01
-5.907809877487386618e-01
2.707720943509048794e-01
-3.050863332545006301e-01
-6.453879278508827255e-01
9.543199212454493985e-01
-2.272262933300033261e-01
4.612456345038769001e-01
2.254316226234940324e-01
2.417681788847156898e-01
-1.907389084737687313e-01
3.058729934309993848e-01
7.496945092085196549e-01
1.185763462712141614e-01
-2.607778717690600878e-02
-7.697066366514639935e-01
-1.841723811833053670e-01
1.187272643889090151e-01
2.020427084947054031e-01
5.129830946780771228e-01
1.261541203208176309e-01
-3.576221663496870207e-01
9.231144552519277013e-03
3.733601203008658498e-01
-1.381322249465448682e-01
-1.474524980687987874e-01
7.786300297038626361e-01
6.230581970616864140e-01
-1.759352008225876229e-01
-5.875664097553869869e-01
5.747334118241731460e-01
-6.704430961524718846e-01
6.433052106523922120e-01
-2.471199802753076824e-02
8.656036947817491445e-02
-8.611280654343855812e-01
-1.328144915094475742e-02
9.040442364787644181e-01
9.445592040401327161e-01
-3.789938391185561084e-01
2.387562680303643159e-01
8.971717886341223913e-01
9.214154547886825863e-01
3.170330331677717606e-01
2.798720915913306406e-01
-9.770996144986856535e-01
-3.842698076745789670e-01
-8.234947021553902236e-01
6.283118275912946693e-01
-2.734393577457339131e-01
-9.867826491366864516e-01
-3.299371077837904842e-01
-4.157409422264233267e-01
8.713226236325313234e-01
-4.042496509920119330e-01
-8.361862582928214493e-01
2.237846939506507038e-01
-1.895800208199760473e-01
8.472095139862192426e-01
5.366302059669132429e-01
-7.216406852281458395e-01
-2.315303419415755126e-01
-2.044520180674473941e-01
5.210906685485299228e-01
2.036526677499226334e-01
