
0 76.678789 21.842489 28.263733
1 76.696578 43.29869 25.8676
2 76.678789 58.127664 20.537105
3 76.882427 62.857845 23.460727
4 80.748558 67.241173 16.053408
5 80.748558 65.925762 19.292207
6 80.748558 67.791166 16.903726
7 80.748558 66.366214 16.063073
8 81.219457 66.673448 17.8382
9 87.524207 67.585526 18.862774
10 87.524207 62.963963 24.223699
11 87.524207 70.799732 18.977194
12 87.524207 72.230785 17.212604
13 87.524207 72.007041 19.633101
14 87.524207 76.175589 14.725959
15 87.524207 72.148555 19.359994
16 87.524207 78.845679 13.263017
17 87.524207 75.041141 20.745902
18 87.524207 76.149646 17.897141
19 87.524207 78.748694 14.059701