6.981765813210123461e-01
-2.796196617279813612e-01
-9.921474920945116960e-01
2.863076861015090291e-01
5.727190698088955312e-01
4.414772629323573394e-01
-4.991969682694694654e-01
-5.209133158906293914e-01
6.624439699576119001e-01
3.539227146656962475e-01
9.642083418331284239e-01
5.223100264673399273e-01
-1.702422752078016632e-01
8.858694450336002113e-02
-8.054657716281059532e-01
9.772309069542468585e-01
4.511755237250041350e-01
-7.987714932071003915e-01
-8.610057699676292309e-01
-3.440171841625738747e-01
-8.697205570190722490e-01
3.155470084760905181e-01
4.683918156864090854e-01
9.891666617127545802e-01
-1.440582363660662946e-01
-8.051424390207226889e-01
5.604142107749554569e-01
-7.031525582927011797e-02
1.108395809837317003e-01
-3.295626421684167973e-01
-4.079063295085239016e-01
6.389948312559350363e-01
-5.711921992543671500e-01
-6.370410669830524064e-01
4.344146006937044113e-01
-1.055656800226534298e-01
-2.194424366458764819e-01
-6.292472116841616447e-01
-8.834607188463359240e-01
8.396499508468944217e-01
-4.793048780569868494e-01
-2.415963953059430125e-03
1.088165053801970483e-01
-7.881440890873130378e-01
2.342749555184366894e-01
2.807648381249838732e-01
4.154646582202263794e-01
-3.186992033944446856e-01
-3.141298901010958211e-02
3.013380193698695919e-01
-6.667343129674412339e-01
9.262804828593704798e-01
-1.688974188379648300e-01
9.668603980634757900e-01
-3.036046401689231899e-01
-1.139294723468275983e-02
5.659180192579349455e-01
2.307362026910682040e-01
7.101710974121557829e-01
4.000934586450997088e-01
1.279582071815821287e-01
7.056155406064339441e-01
-4.751151818277474792e-01
-8.679090135632698821e-01
-5.822886908454021349e-01
-3.171592905407776275e-01
6.115806857375123418e-01
-2.340935559189123438e-01
-4.615211566861698866e-01
3.797597925045841372e-01
-1.263908294670339494e-01
9.279411392727181518e-01
3.422591092417359704e-02
-5.668961328890991247e-01
-4.443463561639657833e-01
-5.522813750350592521e-01
-1.191378168387096093e-01
-6.864271897224401009e-01
3.716431172169578634e-01
-7.177634321281369800e-01
1.527647926829966973e-01
-3.130476241613713295e-01
-3.571543038922520008e-01
-9.593903136830252976e-01
-5.533056905640534318e-01
-9.950539964250075808e-01
-1.216078599966590179e-01
3.646655386184296521e-01
2.312850345941335206e-01
-8.957241409636165219e-01
4.539101207004963001e-01
4.306740900523016169e-01
9.248329577341751762e-01
5.459700875370523399e-01
-1.897481789902568661e-01
-8.217291056058626531e-01
9.413907784041180005e-01
-2.567049549782098872e-01
4.061578120293412031e-01
5.379165827004908085e-01
-3.331848485769399737e-01
-3.011157882008232978e-01
9.728441458393881636e-01
6.298923048015410142e-01
-8.093249667262496505e-01
2.441640852746340684e-02
4.122312292009080448e-01
-6.663271693748249458e-01
5.627281663187200245e-02
-3.309301872079497553e-01
-6.765445023197347307e-01
-9.069564710840369859e-01
1.465934276931546432e-01
-9.247471006331673404e-01
4.392828618555746356e-01
4.053889628633289277e-03
-4.346274927928466258e-01
-3.752722458140600459e-02
-7.065909872625171229e-01
-9.173669969137143720e-01
6.379875292031902401e-01
-8.438770580471477434e-01
6.427581060561033954e-01
2.342696983945833367e-01
-1.485009871338194287e-02
-4.591914929743183826e-01
-8.920474984792869932e-02
-6.076151610347191312e-01
-1.102707532863655970e-02
2.836712236622014327e-01
9.847941902286379001e-01
-3.319326367816712864e-01
5.920538689252370368e-01
7.948403735322253638e-01
7.826156357545892561e-01
-6.700404382061582176e-01
9.617593795195649164e-01
2.783708562391236097e-01
-7.367657514504277749e-01
-8.145258670826271974e-01
7.868146447162485124e-01
-1.384463761460299480e-01
5.132908240860560856e-01
2.521632258532757742e-01
-1.378816585296380737e-01
-1.222255714455666720e-01
1.454533064532252951e-01
-6.653589603988869783e-01
-2.939613524669490996e-01
3.611808178374156242e-01
3.243786286121730367e-01
5.568919932499527548e-01
-8.211307602392889926e-01
-2.127074660173708942e-01
-5.522704163053591131e-01
1.958277385985616181e-01
8.415755365689219225e-01
8.170717425863038841e-02
-7.134844476474091479e-01
-8.010665227570323843e-02
-3.326469944753833730e-01
-3.705464058656529058e-01
-5.981857893801556525e-01
-3.934276802866805145e-01
4.362496818340719784e-01
-2.391770390434242444e-01
7.801511835701937514e-01
-2.190671173865077481e-01
-7.421868282568742092e-01
4.033293908186292853e-01
-6.165313724331404899e-01
-2.882693097453639108e-01
-8.439945823960843807e-01
-2.870998534512581024e-01
-6.064120740059724124e-01
-7.195663485608492227e-01
-9.869230768508063800e-01
7.749406034097638951e-02
-4.496487923244818496e-01
-9.583056688914777244e-01
8.104736829878298465e-01
3.399974156283109838e-01
1.375831823789761543e-01
4.362632565298185661e-02
5.102976091856723517e-01
4.454423992090739137e-01
-4.945416094201140478e-01
-5.188939133970131845e-01
1.423489970104461211e-01
-1.178813663966831182e-01
-4.836424291161471878e-01
-1.468678894942705426e-01
-8.784037251478440389e-01
-4.245039816327640381e-01
1.596839400260281483e-01
-3.296939964824376901e-01
-7.368343162389698886e-01
-2.841339061203411731e-01
-8.194013905383201735e-01
9.191496502135776403e-02
5.938555937637053361e-01
4.397890608235373033e-01
5.361590200893595615e-01
-5.616175099425497752e-01
6.410844111230471487e-01
-1.137902365981962038e-01
-2.978008342887306092e-01
-4.004828011532242105e-01
-4.102128254799355389e-01
9.410995604118730373e-01
-6.889232364051132151e-01
-5.737629289854750958e-02
-1.407014608715166926e-01
8.126779447281193836e-01
7.525572383194552017e-01
-5.810618271812111324e-01
-7.994805604361592266e-01
3.436914447747538848e-01
-2.526830908287502897e-01
-1.479376835170349569e-01
4.174279961500959590e-01
6.552849370251874195e-01
-2.837613618287351258e-01
-7.578061477929396439e-01
-3.055981663613227539e-02
7.550188023292085937e-01
5.574105137903344609e-01
6.423746236025802414e-01
7.054622075067622511e-01
6.173902947710365741e-01
5.882609566348298014e-01
7.056284303493340904e-01
5.563508793594802437e-01
-9.169132242290269907e-01
-3.337335963665810645e-02
1.401216485945353529e-01
-5.880021190847339874e-01
4.570902899170139477e-01
4.327557994165440736e-01
4.805201665252964993e-01
6.939142501528585694e-01
-1.578902769852217336e-01
-7.910265802060372220e-01
6.407310631836953263e-01
8.456299062988148485e-02
-9.083121376888594334e-01
-2.543095697316921644e-03
4.510639918154224492e-01
1.390296647394888563e-01
-5.606523470595061731e-01
4.802308515925917121e-01
4.501896428334970501e-01
5.897896009053744670e-01
-3.442294403028181016e-01
4.165075000515736647e-01
9.774811924731983126e-01
-5.819029065099925457e-01
7.292562293782480776e-01
-2.368048294534377263e-01
6.067073872074719709e-01
5.039625593244101420e-01
9.351503110548484710e-01
-8.932880026782976657e-01
-6.142285117553907270e-01
7.312087313417798828e-01
