
0 62.308961 20.649677 22.759792
1 62.308961 37.102358 15.76752
2 62.308961 41.650923 14.502613
3 62.308961 45.281757 16.453414
4 62.308961 49.819267 14.762253
5 63.33098 48.950969 20.339188
6 62.461624 56.227213 12.086919
7 62.461624 58.17719 11.398972
8 62.596467 58.717936 8.419655
9 62.715487 57.016557 13.974028
10 62.715487 60.407978 6.052114
11 62.715487 61.059924 3.294547
12 62.651206 59.696885 6.46299
13 62.691577 59.083158 11.001658
14 62.806909 59.666426 5.909643
15 62.806909 59.687333 7.696408
16 63.243926 59.47087 9.298781
17 63.243926 59.170032 6.397161
18 63.390153 60.781563 3.705477
19 74.991563 58.402514 11.753976