
0 61.917444 30.769961 23.537909
1 61.917444 39.53439 16.845805
2 61.917444 41.360857 19.358923
3 62.047743 42.776456 19.640274
4 62.323176 45.323977 17.799401
5 62.377945 36.400706 22.238288
6 66.036612 37.062433 24.506925
7 62.008893 40.167192 20.407122
8 61.85106 42.787712 19.972571
9 62.09106 41.57109 21.128008
10 62.09106 41.14479 21.583605
11 74.092331 51.170551 14.528072
12 74.092331 50.458969 19.167731
13 74.092331 50.638256 20.321148
14 71.122331 52.398431 12.42724
15 71.122331 47.086783 18.655036
16 79.504794 48.123168 21.340762
17 71.122331 52.525879 17.479369
18 71.122331 47.934834 19.219543
19 71.122331 49.311077 19.114912