
0 46.494717 3.514598 13.85265
1 50.661282 16.261497 17.539395
2 65.041019 32.179043 14.139711
3 67.594064 39.906697 14.37779
4 71.833208 45.519761 16.369664
5 71.407869 55.754648 12.200368
6 71.407869 55.324803 18.339412
7 75.046256 61.494571 13.264045
8 75.2782 67.671052 5.646913
9 76.610809 67.654375 7.561964
10 76.610809 67.426687 10.115665
11 76.610809 68.525266 9.769972
12 81.290324 66.065586 16.768158
13 81.290324 69.876763 10.456574
14 81.290324 70.12342 9.035275
15 81.290324 72.201613 8.047632
16 81.290324 74.971456 5.789537
17 83.458943 71.284421 13.994555
18 83.458943 74.680947 12.021502
19 83.278943 76.406334 7.738457