5.350408742993093547e-01
-4.769732120150975696e-01
3.569697539147071996e-01
1.612119917143499670e-01
-6.000927489518306235e-01
-3.002232018277810610e-01
-8.044340050384590768e-02
-7.314970912819629412e-02
3.710637976979391794e-02
7.445650343046421593e-01
-8.113951096548066566e-02
6.685430943752836974e-01
-7.477225623470253879e-01
-1.043077059478072499e-01
-6.539507022904060829e-01
-5.247384228345364221e-03
-9.843094821608042722e-01
5.580966548486676615e-01
1.960049886147974263e-02
-9.578792249189542751e-01
3.647029262612289102e-04
7.188306950521810013e-01
5.354936668278307277e-01
4.664376771156686363e-01
-1.859457861809468149e-01
1.819024578304551110e-01
9.112367892576633821e-02
-4.701300676398201261e-01
-1.917722378412485273e-01
-1.513439434491832269e-01
-5.517116124226213447e-01
-3.438942658742520919e-01
-2.522874166659667683e-01
-7.895828771973727456e-01
7.253980574733975839e-01
-7.576177014422016409e-01
-8.417420731369908982e-01
9.816795402733902165e-02
9.175223491644382001e-01
9.761637401595795183e-01
6.889679340290266740e-01
-8.813524229291032075e-01
2.718027650709928800e-01
-4.674411401795974808e-01
-3.495768971057908736e-01
-4.727232222447186327e-01
9.926429677269255070e-01
2.647329159916360641e-01
-1.090961231210696436e-01
7.664219180844102919e-01
3.280989202921806847e-01
-6.635189197633528657e-02
2.245278336157636723e-01
-2.339936930483978994e-01
-7.075202829891529266e-01
1.467209308630845754e-02
4.217576312615642919e-01
4.890385559343315425e-01
-6.356277206639657784e-01
8.224856552992343417e-01
-6.585474074979922321e-01
3.212471686582909491e-01
-6.333768923243998650e-02
-4.745415221798354732e-01
3.757108088838223559e-02
7.408853921652145402e-01
1.107003724124777655e-01
-9.010134255607507026e-01
-3.492198881816097611e-01
1.507359085112289776e-01
4.600295264132752138e-01
7.926137851339196683e-01
2.993119818979397273e-01
4.197620946648537021e-01
-1.424401104005212915e-03
-9.135820127054230522e-01
7.172336677739463706e-01
-5.807229620744220888e-01
-3.221777364745765926e-01
-3.592105833232503986e-01
7.299456470743255210e-01
-3.304170287523136018e-01
-4.476443471885349634e-01
5.862200703649946831e-01
-3.912545574189802977e-01
8.683381152710825113e-01
6.306505193960516564e-01
-7.899420449309242365e-01
-4.714402019486620965e-01
1.248726533280837270e-01
6.644653770256754299e-01
5.147306312910879811e-01
9.474667825763047890e-01
8.942384198488226854e-01
-4.115917823142751786e-01
2.917886921482391038e-01
2.602592335349804831e-01
-9.712913930529560869e-01
-1.669751266528445299e-01
6.245491826422016057e-01
9.731045331925343156e-01
-6.321511918521063311e-01
4.346453052987480081e-01
6.663848333095157006e-01
5.483586103829027891e-01
9.033389576722292702e-01
-5.119395654768572612e-01
9.906251299980264324e-01
9.878700219533369520e-01
1.280081117345692743e-01
9.605927932511906242e-01
5.628791487956721351e-01
-7.945796918532330722e-01
3.515589497966049581e-01
3.113706730772858311e-01
8.052310758854401840e-01
8.716041273302337355e-01
-7.784928401823962840e-01
3.342376260814488020e-01
6.534083836048647509e-01
-2.233284873428094119e-01
-1.541046888239629986e-01
3.790269085062814014e-02
-2.004737535899594469e-01
2.468488957490595492e-01
3.515340800851198821e-01
1.084952415362012701e-01
2.738611295971156157e-01
2.512232316609792626e-01
-9.684164499891982913e-01
3.261150315781466968e-01
4.779021781195373908e-01
-6.837666028281061958e-01
-1.680398365816706541e-01
-9.763766741552946105e-01
-3.813217036995233400e-01
8.170786714587974231e-01
-5.818482062043006664e-02
7.373584367496057723e-01
1.288929143677688405e-01
5.496253101820585130e-01
-1.806938667891013761e-01
-6.683020374710004763e-01
6.021195357108219959e-01
9.503274111524049328e-01
9.542260358540874954e-01
9.010264741888576179e-01
-5.518294997391774981e-01
-3.435821352431753795e-01
9.874855387142884577e-01
-6.379665417273570061e-01
-6.034408750249387055e-01
-4.114484538550295945e-01
8.213640560488424391e-01
-9.839917866032574789e-01
5.598821426142146507e-01
-9.235821867517204353e-01
-7.444619982778322154e-01
-4.920208581652725233e-01
7.113506421258048995e-01
-6.771593107361832953e-01
-9.877188017990001789e-02
1.644740360257481715e-01
-9.089620187361115988e-01
-8.239787759572092529e-01
-1.564655133745984639e-01
6.795863675454090203e-01
9.265270358445536480e-01
-3.487230060167461065e-01
9.384179162604766589e-01
-5.266999854518941149e-01
3.921542185417592474e-01
6.970438242882481816e-02
3.074072995338439362e-02
9.334112675046846164e-02
7.035535342862455632e-01
-9.883593102133765296e-01
-6.034817430755534673e-02
7.186685285779066401e-01
-5.747706265050400720e-01
-3.374224492645483409e-02
-5.959144820396129472e-01
-6.030139064851034458e-01
2.143662304223572512e-01
-1.970981087963830092e-02
8.929135635588971720e-01
-9.400027321382842249e-01
-1.373404386021714885e-01
-5.265199624869298933e-01
-5.553424216698197302e-01
3.501560903136970992e-01
9.251002357470381465e-01
3.054863944235568507e-01
-1.621749268452816750e-01
-1.770712890463250755e-01
-6.525516002617806066e-01
-4.028782151639020981e-01
-4.317492633138129143e-01
9.883487475550678525e-02
7.829824353399696957e-01
-1.915010400064380836e-01
9.795065339435067298e-01
-3.551149744850405909e-01
-5.697450678657189904e-01
-1.228323315905379687e-01
-5.935681876150418201e-01
6.215380568045543175e-01
-2.116887174890411671e-01
-5.281788089116687956e-01
-1.106426392417929616e-01
-8.900507961570840454e-01
8.511819785160690266e-02
4.586749985511642258e-01
-1.320617202451610517e-01
1.324444923013847752e-01
-6.677638858267092026e-01
8.366334888132800351e-01
5.445375629925974792e-02
7.364479445479970021e-01
5.614768225126274270e-01
-6.045563384044996269e-01
7.057347984124318074e-02
-3.121982465781989458e-01
8.515571078878392264e-01
8.346008622175646874e-01
-4.646675226763683497e-01
-8.212885993185303768e-01
-9.622664837925856141e-01
6.790990752971146627e-01
1.663037732237218069e-01
7.611626956165367108e-01
-3.820145306349043146e-01
6.020536365491784281e-01
5.090495097686611459e-01
5.973910703853282378e-01
9.491364297381896797e-01
5.485904958031091461e-01
-4.028941066179769770e-01
-6.550689769224748993e-02
-1.501304723894865134e-01
9.796858394684622162e-01
4.975860768390962807e-01
1.014311900987061588e-01
9.749697698334029994e-01
5.061259062273613107e-01
2.063453504801411320e-01
-5.669812529359343767e-01
9.694069718738351771e-01
6.778599966286382728e-01
-4.439612017127902988e-02
8.144692905208725797e-01
-6.394049882842685051e-01
7.140137611928725203e-01
3.489077986439093060e-01
3.111523886573903663e-01
3.231324976953042771e-01
9.370688057007758864e-01
-1.317253701074982963e-02
3.293591631142802623e-01
-8.780863944832935086e-01
-8.931644787911845462e-01
-5.992475667832786179e-01
7.748552978993037410e-01
8.082273391987513378e-01
5.330421418643040976e-01
