
0 67.528476 39.792991 18.621096
1 73.267728 39.377566 20.875042
2 73.267728 44.444862 19.771965
3 73.267728 43.808091 16.678873
4 73.267728 44.992105 21.918696
5 69.984511 49.593663 17.205064
6 69.984511 48.01423 19.76261
7 69.984511 51.461375 17.045319
8 71.01118 58.27344 9.181527
9 70.421342 60.188218 6.215636
10 64.542888 54.911478 17.42299
11 76.126411 59.539779 7.559996
12 62.741423 52.172858 18.246082
13 72.284286 58.495473 11.490594
14 73.665808 58.02437 11.460668
15 73.665808 59.406826 10.672685
16 75.285119 58.100929 10.982366
17 62.185702 59.185863 6.38294
18 62.42433 58.340379 8.359915
19 62.185702 58.71523 8.21785