4.854090287062131637e-01
-3.058522989475715992e-01
3.908017673382078172e-01
4.120967245898610187e-02
6.188425895314653147e-01
-7.949080318518293442e-01
-9.426525638969189824e-01
7.137961603274975975e-01
-4.484290724674062645e-01
1.628810117045946804e-01
-4.172129136208588829e-01
8.446028979419426541e-01
-7.923825047115284903e-01
2.463211822498732051e-01
6.742680339335833661e-01
3.896252027024396103e-01
7.888491721432910886e-01
-8.612429746053780200e-01
-5.725575764374817300e-01
7.617286780198864182e-01
4.644427326396993738e-01
4.164151320521105593e-01
-5.758385840388338117e-01
3.607725700019019932e-01
5.641008718642210873e-01
-1.654108526289856940e-01
4.932895760508166916e-01
-8.217785200609799556e-01
-3.498851614880096328e-01
-1.500102854043152689e-01
1.547243382375500520e-01
-8.790933653209422882e-01
2.830510176779776899e-02
-8.727307034804034913e-01
5.104558286904634645e-01
9.033310286163473979e-01
9.262166875908974806e-01
-8.453424244219214234e-01
-5.502207484730392562e-01
9.059835502406388130e-01
-5.769261814663422250e-01
2.528563533435788102e-01
-3.546346892424672159e-01
-3.282599301766986333e-01
9.722991008247576783e-01
-3.307589050899828464e-01
-6.153660863309728946e-02
-5.489248539698527996e-01
1.891268977107445348e-01
1.240396960192160503e-01
-2.733687356682581449e-01
2.508152710565649812e-01
7.341706900280127179e-01
-7.373883560022791439e-01
-7.198141673174371924e-01
-4.024133510397753799e-01
5.025661629624902371e-01
1.392094667479124581e-01
-2.961526503447831082e-01
-9.355244926562042984e-01
9.819711334518057555e-01
-4.726279110572004782e-01
6.139437932028612988e-01
2.381395968899520099e-01
2.806115784260987400e-01
-9.499028083599849737e-01
-4.771832062599858926e-01
2.610572867773819361e-01
5.348671991826789984e-01
5.032389854686769581e-02
-4.439856760292675286e-01
8.964494363771520202e-01
4.524263695933468110e-01
2.689266739142675000e-01
7.926272924299768707e-01
-8.132090759682741865e-01
3.553519142029466504e-01
7.487397586671231675e-01
-5.502656478849754507e-01
-4.048670992343077479e-01
6.723849703989648319e-03
6.298078201069519100e-01
-2.205766093951975204e-01
-9.507545530740311168e-01
9.901035063973089301e-01
5.858681788557931203e-01
-5.901170715044097292e-01
-6.778708974465024184e-01
9.742478052649385933e-01
-6.946681764285769223e-01
9.285194360638675537e-01
8.613900116742654323e-01
5.052534809581152864e-01
-9.085011916190670611e-01
5.630452169929140993e-01
-2.987661421223783975e-01
-7.280286898232213311e-01
-3.512320282544603156e-01
6.604422597905661441e-01
-6.046040031831421135e-01
8.055802398337972292e-01
4.112176098641286970e-01
4.345473681272369326e-01
7.228654440030548578e-01
-3.255261548680357109e-01
8.855032571145637910e-02
-4.504085962379997810e-01
-2.152904764729659526e-01
2.864846917826227024e-01
3.056859005650625072e-02
-2.465134989483630523e-01
-2.260299918919344009e-01
-3.020277386465033409e-01
1.381454267652748591e-01
9.284703958145659186e-01
-8.944766394246128627e-03
5.271111566376762703e-01
9.501798492457846912e-01
-4.424385376487645072e-01
8.681364046592432437e-01
-3.964382570828930419e-01
7.548165230515213597e-01
-3.888860968572531718e-01
2.679899310438702553e-01
-7.857632498819011602e-02
1.164157114639530199e-01
4.269352790797076302e-02
-6.177406614040537036e-02
6.858652056268228492e-01
2.431556351024302121e-01
4.011580057641552788e-01
1.680028510510744866e-03
-2.905379092878026537e-01
6.417792355007361227e-01
5.764115216413536746e-01
-1.892186562932505201e-01
-3.299443339472305503e-01
8.001323201163794696e-01
-7.483580734188497452e-01
-3.535629397557249476e-03
2.256299078909413947e-01
9.920969967787631738e-01
-2.916600521192218576e-01
-3.148262577225691139e-02
-6.941100745826365159e-01
2.302472454389259404e-02
7.705812281358213056e-01
-7.814865573448077640e-01
7.553392227627990785e-01
-4.497187791860912665e-01
7.471099846679476464e-01
-2.197002869404534042e-01
-8.184904702315454195e-02
6.519703968871268795e-01
7.924796626044743331e-01
-7.988843077735909848e-01
-5.461331794782149363e-01
-8.393790838900474505e-01
8.105689272890010955e-01
-2.523649900296009996e-01
1.221571667595762190e-01
-2.770465149939622673e-01
-5.794364484258383019e-01
1.247864680322825492e-01
3.647308541339204790e-01
2.779140183832353728e-01
-4.112199441092210250e-01
-1.502050972700208487e-01
8.702275852072838269e-02
1.560436911236438018e-01
-2.037250429549106734e-01
-5.669001981265624490e-01
-1.271449491139304833e-01
-4.170691121329690443e-01
2.651299786018155302e-01
-2.627081980448693344e-01
8.744645150856524829e-01
-8.453963098103622897e-01
4.317846245904211067e-01
-1.532893937086017289e-01
-6.628286122648190393e-01
1.426694003002451083e-01
1.000576425935939540e-01
-7.823982527569821599e-01
-5.891867206610594820e-01
-7.666291139675700528e-01
7.012203983697986587e-01
6.824497663686188709e-01
-7.554179735042318988e-01
2.781887508374161211e-01
-7.212226961209813325e-01
9.493193233082835025e-01
-9.875783653542089535e-01
-3.675769074153094618e-01
3.539738914609857900e-01
-5.616076038760386968e-01
-7.880951448977491225e-02
6.844368462245264961e-01
5.166784749968043045e-01
-5.639835066869429703e-01
9.970830170103692769e-01
-5.972399561012586844e-01
-5.646567579489583100e-01
-1.120569229588295190e-01
8.501370490803130675e-01
7.047938098937622797e-02
5.218046071840156674e-01
-7.135539913634079134e-01
-7.365065972805751038e-02
4.651425412884067079e-01
6.114490731679222968e-01
-5.920267053397609835e-01
-5.449097605366164387e-01
2.668224356288477761e-01
-9.539281645687212041e-01
-9.164319614847244999e-01
-3.910294337676794019e-01
5.085810380765298788e-02
-8.118816753644653161e-02
2.175432149849858554e-01
-9.758629923324209088e-01
7.476023452929687618e-01
1.186302837096997465e-02
7.758604683288696791e-01
1.374671152548156972e-01
-2.073007078956270455e-01
-4.699992379309014812e-01
-8.465849227607353811e-01
4.486045089848200718e-02
4.014127569818539687e-01
-3.972377355117366893e-01
7.694655462354720310e-01
-6.375829520387856775e-01
1.314809235050651282e-01
-3.681071252486727285e-01
-3.759176884261317131e-01
-8.188415491468648000e-03
4.435693156004916204e-02
-3.882989925314250801e-01
8.637753390243161355e-01
1.596539979357363137e-01
-2.791399809002066412e-01
3.935980666441052378e-01
-8.462383734402008084e-01
9.643196805772715763e-01
7.103238942161083092e-01
8.585257949926172749e-01
9.834420294259025308e-01
2.387170678093351039e-01
6.122432445368619636e-01
-2.722066978073962584e-01
-8.649892587694483215e-01
-2.502793681777990553e-01
3.185508522854958446e-01
1.765079386434507125e-01
6.721288960007076874e-02
-7.724149237471267249e-01
8.360865469334477496e-01
7.056284706672675267e-01
-6.559655897413518844e-02
-7.082898113992581735e-01
5.969744063587076877e-01
5.380817184502117989e-01
8.567747224608432965e-01
5.870833361469467437e-01
