
0 62.7146 15.208884 19.994664
1 63.681485 32.894154 19.543763
2 76.616789 41.485713 19.945591
3 76.616789 45.206639 21.865845
4 76.616789 53.881925 18.221218
5 76.824195 57.546339 20.215834
6 76.824195 55.483258 23.248963
7 76.824195 66.049328 15.470288
8 76.824195 64.940999 17.128667
9 76.892806 70.113483 12.985254
10 76.941689 73.103335 5.696512
11 76.924195 72.589491 10.035836
12 76.930586 72.761665 8.436095
13 77.202639 72.203978 8.587248
14 77.292903 72.598676 10.803409
15 77.292903 75.399689 2.507563
16 77.292903 73.920738 6.647826
17 77.298092 73.603882 5.052752
18 77.323037 73.589171 6.084154
19 77.323037 72.075191 10.977448