
0 68.222604 47.287893 17.136422
1 68.222604 45.818933 18.182135
2 72.845874 50.215921 16.439173
3 62.116005 44.960779 20.003775
4 61.988494 44.005522 19.710882
5 61.988494 44.628091 19.991525
6 73.857463 45.535383 20.421614
7 75.849446 56.722532 13.3394
8 70.35292 57.845412 10.813441
9 70.35292 58.015477 11.108715
10 64.966423 59.740026 9.189671
11 64.966423 58.97101 6.723079
12 64.966423 58.021524 9.455873
13 64.966423 57.25339 11.144973
14 62.969157 58.28582 8.190788
15 62.969157 57.192855 11.220343
16 62.969157 58.401537 7.069974
17 62.969157 56.020901 11.667417
18 62.969157 56.878295 8.766743
19 64.638341 56.456577 13.027765