-1.320010106615155943e-01
5.617042345750662413e-01
-8.576953268030947097e-02
1.194836685338879656e+00
-1.285746995439500884e+00
-1.170082217752995840e-01
2.851795814544033636e-03
-8.084423068396644485e-01
-1.062536898119426643e-01
-5.701507759966311095e-01
8.261813566936448971e-02
2.911590143300609168e-01
-4.253627425878003798e-01
8.930942530226196330e-02
-5.505788250903543846e-01
-2.151595333681513844e-01
-1.806808769350208566e-02
1.154668955380968726e-01
3.062540896590719153e-01
2.205661647111877011e-01
1.866160049736380055e-01
1.229636320719606823e+00
-6.505684716415012225e-01
5.631475035072319724e-01
6.389712218412242350e-01
7.496298075651405268e-01
-4.459950531447718358e-01
-1.076267239464568259e+00
-1.073963646017596307e+00
-9.374750537321756561e-01
-5.810490285041175484e-01
-2.920728625526876621e-01
-4.770053668384894446e-02
-1.240792379776335108e-01
-6.487240859535615689e-01
-4.929645098564841565e-02
-7.657085883744265686e-01
-8.591611418672731038e-01
-6.293805626273660803e-01
7.958080761559460647e-01
1.331759385697709464e-01
-2.912324416138960537e-01
1.139821457726820642e+00
-8.683621536701198185e-01
9.963138868380329027e-01
-8.732417913362695572e-01
5.604968041579481142e-01
4.506786580487178728e-01
4.029139433735780540e-01
-5.288466413056060189e-02
5.239838427835610268e-01
1.106136940466697638e+00
2.020864055815659310e-01
-6.890335596008121399e-01
-7.309905586021859802e-01
6.253962191189006703e-02
-7.285079067987054735e-01
4.354451922182104862e-01
9.572877225995504169e-01
-8.805533949470710497e-02
-3.745945065357664250e-01
5.733970655352137458e-01
6.106151164080364513e-01
4.623457757941412116e-01
-8.560286037277616000e-02
9.302972648740500672e-01
-3.712110612310053903e-01
-4.820251372821925950e-01
-4.226960791899916359e-01
4.623464962019472463e-02
9.097358580586445420e-01
6.979057179280454548e-01
-4.453041402539523741e-01
-1.334473870005820739e+00
1.316620667922229648e+00
-1.712875452001332288e-01
6.018601051987614303e-01
2.648073384200572145e-01
2.539078854788296424e-01
1.115216685127383922e+00
6.765221359569268955e-01
1.494107704264152070e-01
8.445263254019910182e-01
4.217017982253229436e-01
1.550621794570554712e+00
3.769971699091635431e-01
4.323168517677266620e-01
-4.554663121236936507e-01
-8.695696119541518332e-01
1.524495588705111260e+00
-4.801271295701532438e-01
-4.847832025595956162e-01
-1.225352342320090715e+00
2.754294826315524802e-01
1.283752238540196988e-01
-2.304593688121172046e-01
-1.652589476568322668e+00
-6.664590498103888372e-01
-3.925433962128553333e-01
-6.868456323845988365e-01
2.730715892539864464e-01
1.765142124002628543e-01
1.581992629227760294e-01
4.465426918619394558e-01
8.945545596810502431e-01
-1.105700738793471416e-01
-6.784661881405833483e-01
1.084858100085562604e+00
-5.599294270743222501e-01
-3.471160475631969167e-01
-1.380183834892694250e-01
-2.120147258096538589e+00
-6.389183828129916254e-01
-1.223057561979258752e-02
-3.088195389295160243e-01
4.404451383686697197e-01
7.006670028989289145e-01
-7.606772327498855235e-01
-6.079614468172096498e-01
-4.761969632553956777e-01
-1.764584566708383151e-01
-1.014172595648639708e-01
-1.728191568474592321e+00
-2.225668763137183814e-01
8.745668544028206010e-03
-2.465707261587569143e-01
5.346607869264995427e-01
5.281105806627213184e-01
5.503701192712282531e-01
2.531785385803505539e-01
-2.161589974987584428e-01
-2.398617565815621688e-01
-2.742490769138135678e-02
6.509177716211916875e-02
8.811384022927686299e-01
-4.967836351172097431e-01
2.791135952191735048e-01
-5.562080866550611624e-01
3.345432744261360281e+00
6.502137365494990995e-01
3.473044270159197366e-01
-4.892579357158312048e-01
6.418113910305701664e-01
4.061919579430889882e-01
-1.233482751339547573e-01
6.099938570409848548e-01
6.512604579573658681e-01
-3.993026577387826515e-01
-4.852300075233338950e-01
9.920069789842786978e-01
1.228191282957654895e+00
-1.935208598758720200e+00
1.514349562146699857e-01
-8.437528041555664160e-01
-2.746566050369056988e-01
1.297964777005907955e+00
-3.167635828127556286e-01
1.713463651652016584e-01
-6.376007344428535895e-01
6.437308480871539729e-01
4.964233539162296593e-01
-3.283397725808589462e-01
2.194938483973800647e+00
-5.060797246573998098e-01
4.658129863509738455e-01
5.836239749471954230e-01
4.990525228001445046e-01
2.100985063567935573e-01
2.154635536857960332e-01
4.716360141059278144e-01
-9.358729012147452009e-01
-6.364644676992565753e-01
1.661281821871425812e+00
-4.132518950446839590e-02
-4.960888203675321018e-01
7.621705251193017228e-01
-6.142478764787128176e-01
6.813492907466404125e-01
-2.210231730400560868e-01
1.302540175574155246e+00
-7.984206107418477805e-01
-2.139061257951824224e-02
9.792675108491234459e-01
-5.458798108749406408e-01
-3.149315549692679461e-01
7.666150535033311453e-01
8.318073584949632338e-01
-8.721098359865524507e-01
1.107111638671815168e+00
-8.381152287760901265e-01
1.008375123186272815e-01
-7.249452562036091674e-01
1.441039210718949859e-01
6.633030227351818242e-01
-2.447877212887172860e-01
-1.656163178165526162e-02
-2.358262785701241426e-01
-1.057474699248085015e+00
-6.901183344582770829e-01
3.744661178300935367e-01
3.887445380223550351e-01
-1.045377527752572311e-01
-5.171430621856752952e-01
5.672252068765679667e-01
-3.358957690250949923e-01
-1.209331476236076841e-01
-4.708797328732384213e-01
3.106654592648795954e-01
-6.657961728536551660e-02
-8.404608928050247840e-01
-3.968410773458648788e-01
-1.309375786198283265e-01
-3.344995655440798354e-01
2.202268961811494896e-01
1.488914292654968108e-01
-6.451265171209698002e-01
-7.786735516879744745e-01
1.260072117844859063e+00
4.961795536639704296e-01
-3.270918292840556130e-01
2.100858629747455630e+00
-1.057693825011348787e+00
4.847351790365447832e-01
-7.362992488744601882e-02
5.387136130644792908e-01
1.268042521865850425e+00
8.000089679433421141e-02
1.023310008787428504e+00
-1.320759691354778997e+00
2.965323606528730838e-01
-9.540639873055417608e-01
-4.857267467086708868e-01
-1.502372701107752839e-01
6.540155598578675233e-01
2.332165526641601441e-02
-5.841114985831952211e-01
3.466778152302097959e-01
-4.016905825416144382e-01
3.276558776088693836e-01
6.990069939257134157e-01
-1.180021501031176812e-01
8.555210684454584991e-01
1.583639726070978082e-01
-3.167237890293643776e-01
1.979302496935963496e-01
-1.307477035928830134e+00
-3.187118988390089669e-01
4.394621820100871878e-01
8.870521397613085890e-01
2.606405724659552892e-01
-6.748311606726186129e-01
-2.585688145775699720e-01
4.301104678223187650e-01
3.155874558649681139e-01
-2.444691443320345103e-01
-1.259274842542530415e+00
6.825137479953678754e-02
-5.464528923044681408e-02
-1.055792472686074290e-01
3.286049512174976650e-01
4.179088483343604277e-01
4.040757626616787168e-01
9.224308422296514931e-02
4.399628575829393484e-01
4.716219930988320153e-01
