1.634591103388015609e-01
-9.821601559656337743e-01
-1.750983464492076314e-01
-1.894361175359672300e-01
-1.197095403850538808e+00
6.759783759885427956e-02
-4.769306987199830039e-01
-8.169932156740056239e-01
-2.744278583341734357e-01
-2.579754482996462484e-01
-4.240468579468421040e-01
3.227217270270719141e-01
-3.250611578479771224e-01
-7.739962184401063539e-01
-4.450328469406540366e-01
-7.619806328317948463e-01
2.303834094147654554e-01
3.273603354631205442e-01
1.791190134679858659e-01
1.076138978131124802e-02
5.318316876667036341e-01
4.427526585609870002e-01
3.955180472707583994e-01
1.160880108730657723e+00
8.651874454703386563e-01
4.580778755816889980e-01
4.004929039471357560e-03
-3.045892970616435602e-01
6.376785897858138208e-01
-1.506071391794273850e+00
2.381917154065792130e-01
1.578108831328114414e-01
-6.623632608397106436e-01
-1.203956019678593392e-01
-4.617072278105915362e-01
4.546695420704072177e-04
-7.712421239308726584e-01
1.410168870891966186e+00
-5.971234273803446291e-01
6.448113987042892736e-01
2.495868683936164345e-01
2.796900292499685525e-01
-2.248010299089325592e+00
-1.184048897108918474e+00
5.481405506998701660e-02
-5.906460555285208969e-02
-1.356368449127819398e-01
5.134170072253929629e-01
2.660090255391234781e-01
5.979672353519889516e-02
5.234127472022583882e-01
9.578846751586944652e-01
-1.785600759600823872e-01
1.448747885886787934e+00
-5.821289668329376887e-01
-3.061593996258993311e-01
-1.920495169038227257e+00
3.386451267598037385e-01
1.043651980244450217e-01
-1.694040147715765998e-01
-4.054562007594698092e-01
-1.916619026437325901e-01
4.722416115577780515e-01
4.401208708446162077e-01
4.572436267251559494e-01
-1.821106557892605005e-01
-3.392812624160213009e-01
-2.959169754672912878e-01
-4.853126985748125177e-01
-6.980740644587224430e-02
1.442143146753563032e+00
1.573678605663362928e+00
8.876847849056393458e-02
-7.974739589489734382e-01
-3.363656348050889089e-01
-6.591488321111419468e-01
-4.023467625568540734e-02
2.856894578262548778e-01
4.097655927548962129e-01
7.686999884239104075e-01
1.134460972782689092e+00
-6.308779791667745718e-03
6.879708569409891394e-01
-1.112929600628442817e+00
1.153637140669566685e+00
1.050627305803387479e+00
5.395950759266203711e-01
4.215264522458049834e-01
-7.936320658254525373e-01
2.960498576474937527e-01
1.337402094788857188e+00
-6.540753164868883252e-01
-2.682080310940111456e-01
2.589802142162618281e-01
2.735649409358408835e-01
8.213638750298363211e-01
-1.621822702117683423e-01
8.446864520918007102e-01
-3.458998899533099469e-01
-8.044541629270346439e-01
3.055032577402231331e-01
-1.007822461863790098e+00
4.458299802337577500e-01
7.853218071616120399e-01
6.264548678336685494e-01
2.385693302546592953e+00
-6.146775079770699923e-01
1.052001978676184946e+00
-1.046546508970925160e+00
-2.170050640571197786e-01
6.472298891441204960e-01
1.574889627146677240e+00
1.332943490972539058e+00
2.210757177093817805e-01
-9.122921245599158180e-01
-1.640158364374079358e+00
7.765882209361270050e-01
-2.221655079188360193e-01
-2.682407016534635869e-01
-3.361146428294127797e-01
4.991897717345252228e-01
1.909020741131005061e-01
-5.634940476367575890e-01
-5.041358906026396358e-01
3.380995857116762537e-01
-7.211274600545584945e-02
5.640790036169426314e-01
2.466074843321802712e-01
5.263888904064033536e-01
8.147232664895400767e-01
-3.199091473385486939e-01
6.887637636783622286e-01
-2.203224591835614421e-01
4.518987581947888632e-01
1.267165296397652963e+00
-5.875563940646701955e-01
3.015420743138175208e-01
-3.174342427695429625e-01
1.517453235726912819e+00
1.384624854053429610e+00
-3.678475178645830290e-01
-3.002431630435791199e-01
4.862445906842052801e-03
4.417822259646199123e-01
-6.394925785981703248e-02
7.650229975860154408e-01
-1.671075739558852136e-01
-7.508177075817763502e-01
-7.874950726387580646e-02
7.387199849317783729e-01
1.296960040573605477e+00
-2.539030842768456253e+00
3.477146377635934038e-01
-7.676738582990151327e-01
7.730909300004228102e-02
6.359521061886739268e-01
-5.165413772185766250e-01
3.108927581516156557e-01
-1.013597303145441941e+00
4.175339777868393165e-01
2.530369903305693113e-02
-3.307032202886764916e-01
-3.397858075666934097e-01
-1.402109517992858323e-01
3.309651971927680958e-02
-3.047085418352842856e-01
4.148629413224047546e-01
2.146891529699950785e-01
2.969495143561631245e-01
4.297106430853211978e-01
-4.968816287342653903e-01
-6.574883204258491487e-01
-4.485605240836276764e-01
6.981011093138847490e-02
1.875244490143982978e-01
6.124320726141938565e-01
-5.077818150626114413e-01
-6.671225026239476774e-01
-6.341675516823901404e-01
1.160010316202578107e+00
-2.545751733358939117e-01
4.336721093579039461e-03
2.297705319122577694e-01
-1.648323495920531734e+00
-3.034852211539276756e-01
5.536152861414566084e-01
2.923201002299488094e-01
-1.137063337058827450e+00
7.221347681694436638e-01
-9.341566816688768871e-01
1.018986519758497966e-01
-1.466323299855962103e+00
-2.875503885255667469e-01
8.514693452454995537e-01
-2.573877041990928483e-01
-9.800798474654313086e-01
-2.989065279052386531e-02
-9.094918755328844640e-01
-7.451003335242919468e-01
7.608517837063418776e-01
2.907576383530946273e+00
1.960960234882667963e-01
-1.335436154253710761e+00
5.538556932396545562e-01
-1.999525798925126663e-01
1.347164678278550465e+00
-3.715172821822119165e-01
2.608240694460959852e-01
2.297685107852482922e-01
-9.141848466618548996e-02
-3.294497074398735625e-01
2.697325705748489511e-01
-3.850365608827234776e-01
2.127021362018333139e-01
3.490580031898543600e-01
-3.943357351613097639e-01
-9.446922075256555251e-01
6.689367398612373616e-01
1.326375687292471739e-01
-2.908484269155587332e-01
-1.896731465995899368e+00
-3.810864471753915073e+00
1.334865209469839664e+00
3.548493346819671101e-01
7.488990628960061624e-01
5.030550970814477996e-01
4.059156332387479083e-01
9.171763729405132404e-01
-7.395935695218470718e-01
4.196187222077342738e-01
-7.600193630708734771e-02
-5.508576004138162618e-01
-1.436268804535939525e+00
9.507092818065108197e-01
2.017250063212219224e-01
-1.555110035213496555e+00
7.501450928395337892e-01
-2.487209852603115001e-01
4.302286358069507544e-01
6.754445583617715299e-01
-7.575810602647947700e-02
7.818955263474653972e-01
-2.493858521701707576e-01
-6.272511031490624056e-01
2.017516066959493148e+00
4.338058343682935636e-01
-2.542227861807997980e-01
4.961674404050473441e-01
8.442382872010395500e-01
6.410462848495785959e-01
-7.039547667129547603e-01
-3.725678754038176943e-01
3.217381738600997299e-01
8.300957303134168797e-01
-7.055306462684551860e-02
-1.788751293194239533e+00
-9.896008904886567648e-02
-1.179364256121714361e+00
-2.570853134647630989e-01
5.036634244473829902e-01
5.265024618715896665e-01
4.027012691070074868e-01
7.912033640051371330e-01
-5.759658555422981774e-01
5.656612783008063694e-01
