4.995764321108366879e-01
4.132524640593160381e-01
-9.152852212876048110e-01
-9.282458242790763148e-01
-3.663631515410257222e-01
-3.420666436910873021e-01
4.199624979730460783e-01
8.478618341627521815e-01
7.822536482188922058e-01
-6.460971040108296481e-01
-8.347767956718827875e-01
6.336115236562274156e-01
2.907369914245288012e-01
6.812386765194051730e-01
8.903685105875867034e-01
-1.751340053095331584e-01
-9.270273900549952373e-01
-8.892469311063799786e-02
6.422756401820690630e-01
-9.309222772191387829e-01
4.298218796919406337e-01
8.840241184688046872e-01
-9.626706499166359787e-01
2.523174903270308800e-01
4.935842176162852368e-02
-3.371066168683434228e-01
-5.247046553044532047e-01
-8.238639706224966108e-01
2.814597359977639712e-01
3.025099423512993546e-01
5.822617546746085004e-01
7.348333501905655041e-01
-8.027395227146389978e-01
-4.426632091722233486e-01
3.337066318569594792e-01
4.348883443213324984e-01
2.570978953623286323e-01
-8.341692138101692855e-01
-5.590824430272014478e-01
7.102580733019745463e-01
2.231952954273608292e-02
3.450260057078955445e-01
-1.754656762062853925e-01
9.049356318648129616e-01
7.092709149661127199e-01
-1.173456474842080599e-01
2.311414514847141000e-01
-2.288219592184792539e-02
1.211271929012114335e-02
-7.035827224392856571e-01
-4.229423940395795611e-01
-5.097033758482067967e-01
-6.900104616236424349e-02
-2.453218843170943408e-01
-6.832169752264336537e-01
-6.636889046951452986e-01
-2.551100434463029476e-01
8.651245391446298338e-01
8.613564615882047804e-01
1.050883698827234092e-01
8.420331081402046003e-01
-9.185267760255062530e-01
3.828691480184454043e-01
-6.245602092172493069e-01
9.253181140319388653e-01
1.931671522068372226e-01
2.066556025644694650e-01
-4.749154858069555285e-01
3.976811561789657112e-01
4.207377176637816518e-02
-5.030067004181091317e-01
-6.310181191850476878e-01
-1.433502347840145408e-01
4.174964658809818818e-01
7.110714777518731822e-01
3.589745288382648614e-01
2.865754219419238691e-01
-7.113312054158444919e-01
4.951105266417850093e-01
6.160953109077123013e-01
3.482330505386355135e-02
-3.459081862960995402e-01
-2.470787629817141617e-01
-8.743304436131527080e-01
-7.690342300640908846e-01
-6.385193107785380739e-01
-7.212914893558679541e-01
6.771610627461039922e-01
4.886503437941129846e-01
4.208882279685044470e-01
-6.847915147221015353e-01
-1.486860243826255701e-01
5.707907193221910536e-01
-2.532597327791157316e-01
-3.491484943886531411e-01
-1.933564315734084271e-01
9.087758530716774086e-01
-9.245451663656902852e-01
9.490074031676862809e-01
4.741412748849678227e-01
1.054790215810872400e-01
3.864224348361837702e-01
4.727819949730016624e-02
-5.060087231073171488e-01
6.942988132756253705e-01
5.701898594813419319e-01
-4.088690937229266797e-01
2.381069503977637503e-01
1.585947346280303094e-02
4.969090301825762612e-01
9.205386406227087370e-01
-2.320329280785227155e-02
-9.487118583144014128e-01
-9.631672359447223108e-01
2.793941723024413459e-01
-4.319990360735161961e-01
-4.957355303809201086e-01
-6.033313786570757564e-01
5.219516100048484653e-01
4.241336678154998818e-01
8.082433352540980831e-01
3.805314818023100010e-01
5.587114332800557914e-01
-4.412365380764360356e-01
-9.733068727429614597e-01
-5.537674245048391786e-01
-4.735904608129704041e-01
-7.691976192226999132e-01
-9.622132933029630131e-01
-2.383518403661899487e-01
-7.545075715017379725e-01
7.848916162459083079e-01
-8.072395615253746826e-02
6.833450407050365438e-01
-1.968670712658764366e-01
-3.002396023450304430e-01
-7.609112534100497260e-01
-9.157155598907440464e-02
-1.509817084683895416e-01
-3.298515348793000790e-01
-5.376520144914431754e-01
-3.517127429468929201e-01
7.219584066196851335e-01
-8.616191709514176011e-01
3.845867659434838437e-01
3.030208804530842848e-02
8.241410991339097603e-01
-4.813096489943167189e-01
9.379281704964534949e-01
9.152311385649485320e-01
5.898356825660551195e-01
1.524426562770637705e-01
-5.895391665576552587e-01
-3.020430534529428002e-01
3.396876663434977850e-01
-7.787982754913975736e-01
-8.054948081500705737e-01
1.102807444479190213e-01
5.606012923890790756e-01
-1.146584746752896677e-01
3.817599006435350439e-01
-6.835274730378275709e-01
-5.125225413915959205e-01
6.265332570438049142e-01
-8.977181010218491242e-01
-2.911848830872676430e-02
9.161698915409006716e-01
-4.830818477334515304e-01
-7.566456770722747027e-01
-4.418111196806597807e-01
-7.204665886315169132e-01
8.668391366598378056e-01
-3.597337745179147728e-01
-6.209382376208609777e-01
4.808657029299121533e-01
-7.534514296205843120e-01
-7.559509597416780302e-01
9.743216938276793027e-01
-4.956240791937771561e-01
3.991118443294219276e-01
-7.389030125358699852e-01
8.679269940655767179e-01
5.934308735247433297e-01
4.515425885406345596e-01
5.986013823447882132e-01
8.582919989779722592e-01
1.813455672505486227e-01
-3.239137152643489781e-01
4.494037188959754126e-02
-5.363851989732604242e-01
-9.697879423326924986e-01
-6.810806937876834333e-01
-2.732511204285617001e-01
-1.984009961430941438e-01
-1.115723683785119213e-01
1.015743903042582996e-01
4.762408095681631703e-01
-6.963660410803980128e-01
6.818152001267037132e-01
-1.845054808275745639e-01
-5.244812940473242424e-01
-3.233756573754222874e-01
7.864236625663152402e-01
-6.403139421873544901e-01
1.479939569458732507e-01
-5.697232369087554815e-01
-1.120433519174586223e-01
1.923873072411890206e-01
9.976870057536753045e-01
-2.236800284868460942e-01
-7.693252294488461818e-01
-4.196211874816335730e-01
-5.586317554776831784e-02
-5.455311776836795357e-01
7.458106711887531048e-01
8.116607001911142483e-01
7.792036359912990484e-02
9.255904841929405436e-01
1.494111302122786977e-01
-2.466861720555881821e-01
-9.941114981386143246e-01
5.470718749653904478e-01
-1.324123276353512679e-01
8.548557407683514686e-01
4.433963311556170517e-01
-9.777427488863723593e-01
-4.024460784335157637e-01
7.132075269163700160e-01
3.929131930627907110e-01
-6.486071987921107063e-01
-7.045201704445402946e-02
-5.458088589084562070e-01
-5.740618213782771040e-01
-1.047755841193993565e-01
-6.417761954883904885e-02
-9.921486302298048177e-01
-8.585699682966423385e-01
-6.698636911478015321e-01
8.094300237064036008e-01
-4.400891896882717091e-01
1.657949883454374884e-01
-4.409348542206343868e-01
8.582211911182207054e-01
-7.570768679787804878e-01
-4.963272930691444706e-01
9.923938756811834239e-01
2.933421437520982167e-01
4.089310416981011276e-01
7.045991301198806234e-01
9.819458701503886999e-01
8.425833123603847508e-01
2.749153010278020393e-01
-7.947199625423071456e-01
-9.148178504275028544e-01
3.754054222920735207e-01
-2.908174649986723370e-01
2.506445829859895724e-01
7.646190246763926446e-01
7.111609917257624147e-01
-5.542346547138647939e-01
8.003059262407301588e-01
-2.927552234939085896e-01
-7.133392745721824912e-01
-5.902044129399404149e-01
5.303514690676058851e-01
