4.995764321108366879e-01
2.731676634723230190e-01
-7.984088127575339477e-01
7.457364119247715806e-01
-5.856859680067083573e-02
-6.920574911339936186e-01
5.356812680966061002e-02
2.566528991316248121e-01
7.822536482188922058e-01
7.547719670296368921e-01
-9.747243258656501652e-01
9.114714038025895082e-01
-4.560414373764398732e-01
-7.094131819432238917e-01
9.946490691874865231e-01
-6.555999569383954562e-01
-5.697166133449920178e-01
2.291024211994219240e-01
-7.676813773556729892e-01
-7.927174377692491891e-01
4.298218796919406337e-01
9.336427679841059479e-01
2.725906706075864605e-04
-7.415178781940754416e-01
2.804429550634344182e-01
-3.615960799918431778e-01
-5.247046553044532047e-01
-5.208114325658248500e-01
-7.842683015014451087e-03
-6.612454271274990081e-01
-2.870992855521041776e-01
-1.365525860608858277e-01
-5.190727061777224982e-01
-9.326009234665426639e-01
3.337066318569594792e-01
2.564262036466888883e-01
-2.251531425555237664e-01
-2.329159023608455836e-01
2.375177870902867028e-02
4.475391297084132525e-01
2.231952954273608292e-02
4.309133760695686988e-01
-2.487888042481167794e-02
2.490102030066656535e-01
-2.625683201629473995e-01
1.090920844046632254e-01
-9.283285156787515202e-01
1.527472285224806825e-01
-4.422992912095062845e-01
-8.543368019951769199e-01
-3.268124470997428865e-01
-6.610133929226740257e-01
6.682997387639029174e-01
-9.819583919947705297e-02
-9.823455665421254590e-01
-9.373252467648514052e-01
-4.052398770539760164e-01
-8.779574239411329639e-01
-8.422829872546016006e-01
-5.219453026856486488e-01
-2.501760209423165016e-02
-4.184266328032746340e-01
-3.225942802707584267e-01
-4.850963170570274929e-01
3.579269020913611321e-01
-6.986886443039399541e-01
5.783518582259732366e-01
2.488465797130683388e-01
-8.834824488897761174e-01
-8.215489314391879461e-01
-5.079738514922220727e-01
-3.224914702861989557e-01
6.080593356621757373e-01
-3.190350668571853010e-01
-3.843865668462562724e-01
-3.757129281442757041e-01
-2.130490999342220526e-01
5.507391036711493104e-01
-3.688384000823146103e-01
1.179264859461963688e-01
-5.487514289740651474e-01
-1.024179949906760534e-01
-2.470787629817141617e-01
3.790849683196415576e-01
-2.748016446049339478e-02
-3.389809651472122098e-01
-8.161666196418406738e-01
-2.536456224406180571e-01
-5.771221868097178298e-01
8.779192495455767631e-01
-6.847915147221015353e-01
4.053357689296199773e-01
-1.623951819384992223e-01
6.222449449916311881e-01
-8.165202181989741348e-01
7.445247300276944813e-01
-1.403095509313010414e-01
-7.918225342271378864e-02
3.476459136299347996e-01
1.874636166347711796e-01
-1.518707209290071081e-01
-2.543115067115842010e-02
2.050913966868637139e-01
-9.774334417604617631e-01
5.198591276436308473e-01
3.969692830778897008e-01
-3.265458720541789539e-01
-3.478328244506996292e-01
-8.192173408363583320e-01
9.801164417932974882e-01
8.802247173233064270e-01
-8.714446040292387341e-01
4.514765140935999010e-01
-5.227472757014717253e-01
3.501728638939944904e-01
5.190617058242668058e-01
-3.245588434904003172e-01
1.214234193720165056e-01
6.358849139922750915e-02
-9.204090353856206885e-01
5.943178699090545525e-01
-2.912628663908150006e-01
-6.396448660306455203e-01
6.784477849249948012e-01
-2.341137544245652791e-01
-4.576999342677399163e-01
-5.339130696166087819e-01
2.076671101098239713e-01
9.010845960852931213e-02
-3.656497879607463197e-01
3.961744418909629584e-01
2.370927770290460757e-01
5.255613142086235090e-01
2.630621642570900587e-01
1.270744426447572017e-01
9.740645281676569844e-01
3.312203768412029792e-01
4.818564606216386714e-01
2.861373381561702622e-01
-1.193570925790596871e-01
-4.471656564915529319e-01
1.425976201069192317e-01
-9.771616086141121649e-01
3.496250442945285641e-01
7.880953916044448615e-01
9.985740796407642783e-01
-6.132770615754039589e-01
8.772017583054123602e-01
3.828501169636637780e-01
2.985573278667581487e-01
2.068885426976210251e-01
-6.375230102855589109e-02
-4.652843918951070634e-01
-8.788805813251301391e-01
9.550874479284992002e-01
-9.244653181502850980e-01
-1.123406027706375099e-02
-7.017865863869687804e-01
8.416641229814669778e-01
-4.812254294197808591e-01
3.814603334965762649e-01
-4.921651120463192974e-01
8.015500825559929154e-01
5.958126134519807771e-01
9.258761251841529649e-01
2.673166147696757200e-01
2.352925225688868860e-01
3.607637354199324520e-01
-3.919934293544682369e-01
3.155730911432437225e-01
-1.155074142052416875e-01
9.055480526344059644e-01
2.272513155045792210e-01
-3.108293488088116341e-01
2.967037193863832911e-01
-5.273575183146683720e-01
7.543316464712981340e-01
6.605626754279327884e-01
-1.346491514715042470e-01
-9.036422182754602073e-01
-5.020446462557546230e-01
2.432871929033706415e-01
2.670766827728632276e-01
-4.351741915773610359e-01
2.636411508817029237e-01
8.582919989779722592e-01
-4.706649972135790172e-01
4.325517143192358915e-01
-8.946641694212398299e-02
3.380061560408991195e-01
-9.697879423326924986e-01
6.613881034016886318e-01
-2.732511204285617001e-01
-8.622879027632450732e-01
-1.115723683785119213e-01
-4.754261956692762414e-01
-4.006651106090588499e-01
-7.410225937539705043e-03
-9.565270695784167110e-01
1.934542773629932544e-01
-9.649600574020391619e-01
7.124220686933524505e-02
-4.488783068526336351e-01
-9.853041931623789385e-01
-2.554791789270063340e-01
-6.215732663204742714e-02
-9.416963800181656907e-01
-6.618256666998623139e-02
-2.963016666542850341e-01
-9.759987165614532056e-01
7.765532500249072712e-02
-3.757965877671731736e-01
-3.994466241088729941e-01
5.513388241801888690e-01
-1.165387937006141517e-01
-7.656959852154283652e-01
1.118227957119992677e-01
-9.879957773936294263e-01
-9.913176693650440630e-01
-1.951444963252146891e-01
5.432477493649410238e-01
5.361050485536325017e-01
5.499409512007922274e-01
-9.350526271323711391e-02
-8.629301219090133035e-01
-3.742420763035232412e-01
-9.964535782676453568e-01
9.100003820330961890e-01
6.716020574908070362e-01
-2.229657474653008453e-01
8.952586788386380778e-01
2.972022251149264438e-01
-3.738515417182777245e-01
-6.581593843049087234e-01
-5.062647682771910240e-01
-6.610487258360364660e-01
3.461807419695379640e-01
-5.115924661357020842e-01
9.660738085155404775e-01
-2.609961745883788709e-01
1.657949883454374884e-01
8.589294049030389289e-01
-4.706949544080023529e-01
7.398103098216188833e-01
5.524126708201912983e-01
-5.429255732949180846e-01
6.887946474523487517e-01
-5.067473659162498034e-01
7.493542000958797189e-01
-5.722441932137272147e-01
-4.506578410475703400e-02
-1.309406959007028970e-01
-5.198019736493677545e-01
-9.148178504275028544e-01
-5.401137108536135933e-02
-8.433766063200069940e-01
-9.502571554039702661e-01
7.646190246763926446e-01
-8.194638200398247641e-01
1.488975754673953489e-01
3.705616428822240405e-01
-2.918710305680423112e-01
4.750824848385875043e-01
-1.844907986863004723e-01
-5.283391967267081490e-02
