
0 62.071277 37.843515 10.794137
1 66.634488 39.971631 12.567791
2 66.634488 42.835397 13.429978
3 66.634488 45.665269 16.081593
4 66.634488 48.238281 13.698536
5 66.634488 48.275376 15.126473
6 66.634488 47.338802 16.932507
7 67.230713 47.741184 16.516932
8 66.11476 47.684505 16.301936
9 66.11476 51.502786 12.58941
10 62.780072 50.206123 13.47225
11 62.780072 50.656596 13.886891
12 62.780072 51.919581 14.071007
13 72.591445 49.212097 13.966368
14 72.591445 53.444622 13.65343
15 62.780072 54.199495 12.489832
16 62.780072 54.247572 13.106086
17 71.416469 54.05171 13.62548
18 66.340688 47.097482 21.125016
19 62.307516 55.397112 10.258267