
0 83.520059 27.136968 25.884699
1 83.520059 43.408538 23.269867
2 83.520059 50.565589 24.363521
3 83.520059 60.594742 13.655955
4 83.817598 64.455013 14.723088
5 83.817598 67.546756 16.585858
6 83.817598 73.3253 10.625474
7 83.817598 77.569056 10.821836
8 83.817598 76.315506 15.370167
9 83.817598 73.239894 17.574312
10 84.332756 75.170022 15.949945
11 84.332756 75.502499 16.534323
12 84.332756 72.250347 20.580455
13 84.332756 76.262391 12.851331
14 84.332756 73.733651 12.659519
15 84.332756 70.264292 19.861726
16 84.332756 78.111557 6.909659
17 84.879897 77.883604 8.242177
18 87.28425 76.879488 13.767218
19 87.28425 75.468738 16.042107