9.178096531725947749e-01
-4.546483129644480758e-01
6.513758590570448703e-01
1.098975759125386809e-02
8.633720496389178933e-01
-2.344299054785508041e-01
4.115782814409447710e-01
-2.617944364865909535e-01
-1.127678294359504285e-01
-7.853027374831669238e-01
-9.096441186118031652e-01
-3.121091155439605913e-01
4.286474098596446680e-01
-4.174827687718809521e-01
1.216500896563501577e-01
7.273567001106653329e-01
-8.408331852202819423e-01
-2.527450011321352719e-02
-8.380987312463858974e-01
3.897375316766469311e-01
-7.187233275923958775e-01
-1.563976336063754857e-02
5.599481839567979069e-01
9.208718287143027315e-01
-6.394421081715946364e-01
-8.384963597386263512e-01
-7.005521004515653516e-01
3.968913395141724365e-01
9.616149343351327872e-01
-4.192039518564216749e-02
-5.434080756983918903e-01
6.334459710390194509e-01
-6.194751283513946216e-01
-4.522672158193061787e-01
-7.923676010924001201e-01
1.500297813733804109e-01
-6.806640604052485166e-01
-3.197963464846629300e-01
-1.575414103853145509e-01
-5.834905327485004900e-01
6.383425108887679222e-01
-2.033576388646540778e-02
-7.034830790566450887e-01
-2.136739853136062628e-01
4.068860361320565389e-01
-2.681488821304804926e-01
-6.087841385839376507e-02
2.671322490464029809e-01
9.104584439367200410e-01
-7.659263973395569192e-01
-1.923954625298871512e-01
8.527572083974261918e-01
8.846075603660168429e-01
-9.456443447683653414e-01
-9.655001843770834036e-01
9.801398034117796421e-01
-4.657674028011600242e-01
1.259021296858031658e-01
8.771612478598567186e-01
5.080655955849739946e-01
3.131827463332903516e-01
3.296809257568902307e-01
4.054891596175653756e-01
-5.370201277414785590e-01
-8.585948618418830502e-01
8.802611308158805326e-01
-6.268028720675675736e-01
5.386493734536541567e-01
9.315979682548678475e-01
-9.104628994471601899e-01
6.611821732606848467e-01
-4.971657758952741091e-01
2.378849975747598933e-02
9.268178145786307720e-01
-6.437755661709052557e-01
-1.819919567567744867e-01
-4.869441013962096942e-01
-4.024832755695808562e-01
-6.173293702294384566e-01
1.568326281959167012e-01
-2.895438625509745290e-01
5.008851178786066782e-01
7.085634148716439817e-01
-1.122350082673613247e-01
-7.615873801906469787e-02
-6.191763365389157947e-01
6.717389281427732506e-02
-1.113532944599082697e-02
-6.004877094427059081e-01
-5.143154084424239603e-01
-8.891797893908151007e-01
-4.392584476101335511e-02
-5.616856086891297561e-01
8.054961244079383853e-02
2.784585166607298490e-01
1.314762789798482601e-01
3.347954326557920357e-01
2.495162088371500886e-01
3.482936443065787202e-01
-9.371848755149045918e-01
-6.883676747195974777e-01
-8.804244689276645719e-01
8.656125737664233100e-02
-1.266310368890444238e-02
9.358916851015344207e-01
8.552341003555552490e-02
-5.938957958269699411e-01
6.780670786480023082e-01
7.843851056699266966e-01
9.875027977885533215e-01
-7.258660049101304246e-01
-6.592840345568609095e-01
-8.384719685663646338e-01
-4.482872516940468177e-01
-9.805165479209445589e-01
4.367582210175502411e-02
4.364298611323895738e-01
9.451297900928410378e-01
9.342667358255762888e-01
1.596928124576613151e-01
2.522051905497906255e-01
4.913407890216086038e-01
6.195554489277950161e-01
6.759606612261357395e-01
-3.862701794756897566e-01
1.285526788407942433e-02
8.057797776076758289e-01
6.725167623672689832e-01
-3.990466687874638652e-02
-3.684776149834829706e-01
-8.455723894272320074e-01
5.310269328306842507e-01
-8.571080392167620410e-01
3.838907144022634110e-01
4.705012545992952600e-01
3.243075144875762206e-01
5.467935613909709058e-01
2.334649457163446851e-01
7.189297363718041289e-01
-3.185278894302225883e-01
-5.882009775283254527e-01
-8.741485852977191051e-01
-4.669942292424467123e-01
4.513228645343927425e-01
1.079353619579099810e-01
1.687743334641185200e-01
4.014354750845943176e-01
6.336241436770442270e-01
-7.357436955180434168e-01
-8.913024267579037208e-01
-4.045034746465334674e-01
3.607679723752950096e-01
-5.846152344901076603e-01
7.072035900961006760e-01
3.758867319090417602e-01
6.748671080450265869e-01
5.527158253677622035e-02
1.073315546219699712e-02
-4.277575112086764442e-01
2.193400494933230860e-01
4.257923852522460528e-02
4.993436977600576032e-01
2.548633210141855177e-01
5.048096606775462902e-01
1.240229230264602300e-01
5.960099042839237526e-01
1.453116216866456867e-02
7.400047478427584924e-01
3.830431496251698320e-01
-1.955897684229070954e-01
-1.056942711754733644e-01
7.973410738652320084e-01
-4.372513364075949482e-01
-6.667728889958375316e-01
8.171057120888700620e-01
6.175909824815013494e-01
1.753978514597136495e-01
7.848905605341367497e-01
2.985454042516648698e-01
-3.775351756570402006e-01
-9.856231762507716709e-02
-4.679925668600668498e-01
8.632040627126276178e-01
3.995575863892795176e-01
-1.951067468857714537e-02
-9.627342050338851820e-01
-6.818598805024369547e-01
1.985260115154741101e-01
4.716698346523444663e-01
-1.708611826119172949e-01
9.118434216760062938e-02
9.684167927548614774e-01
-1.712003599337434956e-01
1.833614455385610409e-01
-5.796472454004675257e-02
6.722413917033056574e-01
-8.143239669421509230e-01
-4.639803994131039833e-01
-4.540751980747534944e-01
6.246120036157793987e-01
-2.248171500506626064e-01
7.491713595007016835e-01
8.971070641055016726e-01
1.465897014199035731e-01
-5.432005370511561182e-01
-8.073853228602403398e-01
-8.305786547132583131e-01
-9.120768382615813685e-01
-5.182336485591689801e-01
-6.003962743688606718e-01
-9.645555217429022665e-01
7.735174675994804794e-01
3.215475523302393501e-01
1.976360332010147491e-01
9.362542788148482398e-01
3.711656299407741777e-01
2.994839441675138936e-01
9.835341800537666934e-01
3.251117190963128678e-01
-7.555251996715726115e-01
-6.777014999541977058e-01
-9.956746402522398398e-02
-9.019266942392976105e-01
-5.262021003461661017e-01
9.635155444301080063e-01
5.160436389489280185e-01
-8.662536809733227816e-01
-9.885410905620757305e-01
-1.535816589299754398e-01
5.737771800287061463e-01
7.788634744918139230e-01
-5.074623188851583588e-01
-4.667313588023354054e-01
8.450264780755296634e-01
-9.184160504715210838e-01
-4.892763345623534210e-01
-8.794206798614030429e-01
8.482985417861499400e-01
-1.610082807208339517e-01
-1.150356201850410987e-01
6.862951829394345893e-01
-3.816023702673965179e-01
9.376480241088880341e-02
6.474707496931406681e-01
-1.402369432500649715e-01
-6.143065604082673659e-01
-5.896303333875387853e-01
-3.320623948359864297e-01
-6.858944331997032240e-01
3.388211343847502555e-02
-6.645468137979457790e-01
-7.662553975302550668e-01
6.433942523064590802e-01
7.738984601122718132e-01
-3.358555827162503782e-01
-7.865808708773747160e-01
-2.872929814506561819e-01
5.612432838684509040e-01
-4.143508384597236471e-01
6.679335535363504217e-01
-7.747313415475289844e-01
3.815594492320284470e-01
2.897094531985402455e-01
8.658648822385648369e-01
6.520039227317087072e-01
