
0 91.858736 23.879104 34.699972
1 91.858736 46.81315 36.507114
2 92.416504 66.797528 33.122771
3 92.416504 79.914714 25.722212
4 92.416504 81.756266 25.200857
5 92.416504 82.474546 24.906649
6 92.533573 83.870809 24.60376
7 92.533573 82.761435 23.316837
8 92.533573 79.18772 27.794482
9 92.533573 80.219035 27.968477
10 92.940414 77.413474 31.051357
11 92.940414 78.733716 27.830929
12 92.940414 79.553038 24.20045
13 92.940414 78.391323 25.046403
14 93.327729 83.086994 22.981428
15 93.327729 84.413249 21.599559
16 93.327729 85.477028 22.510574
17 93.327729 87.968474 16.73187
18 93.327729 89.23007 13.852327
19 93.327729 91.166523 8.054261
20 93.327729 89.443961 12.500585
21 93.340414 88.238683 13.90751
22 93.340414 87.83351 15.3248
23 93.340414 89.035025 14.175003
24 93.340414 87.989795 16.833346