1.279575403437682724e-01
-7.667956165116882605e-01
-8.446401921465935825e-01
-8.963952502525502908e-01
-9.952594586607748095e-01
-1.985210353766879710e-01
2.497398603362672720e-01
-8.677004403326444848e-01
-9.447404239938415049e-01
-5.839077592383232762e-01
2.456239750406612465e-01
-3.169482599048512039e-01
-6.927902714517688576e-01
-7.289506841457245034e-01
-1.456948166467109118e-01
-5.632744808781284807e-01
4.814763355170894599e-01
2.314254109525182290e-01
-9.500050620788917932e-01
-6.076094345791316353e-01
-2.722499472223527395e-01
5.889939020689374249e-01
-5.733096386930069954e-02
2.364548498778540342e-01
9.158660618816758525e-01
-6.939482137206947066e-01
4.125099298454888430e-01
-2.329296167156371666e-01
-8.981561338232435521e-01
9.264921386986686436e-01
-1.386861188733090611e-01
2.347270792398434835e-01
9.504303957949267190e-01
-2.555668343871588810e-01
-4.487131322696982227e-01
5.982816994982331771e-02
4.231894174831007938e-01
4.350110421107491465e-01
-1.323351207659364537e-01
-6.422741549042569886e-01
7.524703722893324453e-01
-6.001765690869411696e-01
-8.014030129302887051e-01
8.215798361140727035e-01
6.043556218591954465e-01
-4.991160274239541117e-01
9.757027067209806948e-01
9.401432571069079369e-01
-4.957990044226434634e-02
3.459411417116571297e-01
-6.197172368861010305e-01
-1.738601106369024318e-01
7.265602349256929937e-01
2.437845957662865271e-01
2.016737550420419911e-01
-4.814594985996005772e-01
1.812679854214276354e-01
8.553759285433797377e-01
-7.511926045601469148e-01
-6.086724662424947141e-01
-7.565892301221288641e-01
3.702185326927540654e-01
6.186557891672117560e-01
7.223129397170231503e-01
7.954280090957750460e-01
1.637523522822581512e-02
-5.417299279269136569e-01
7.798023873925439275e-01
4.128524787056082612e-01
6.228428260625569202e-01
-7.412175201433310878e-01
2.752898051318670714e-01
-8.979517295968122426e-01
-4.693236559865998636e-02
3.661004512774594932e-01
3.557182338998514659e-01
2.513135203987102440e-01
9.194167812459947964e-01
-8.239214916899793018e-01
2.684577432916428474e-01
2.475777120456053026e-01
-1.456433934818703868e-01
4.998770853346168330e-01
6.812384753259701498e-01
-8.753540291750792068e-01
5.618724685384119955e-01
-2.577866692305390561e-01
6.836869994646566084e-01
9.384011579004747361e-02
5.135686279438289592e-01
9.283579696923816016e-01
1.134126574129656895e-02
-1.858651367230323981e-01
9.797934565395318707e-01
6.601411927523919143e-01
8.448220657237714981e-01
3.566886156033146626e-01
-7.022849094185681373e-01
-5.220606987128015852e-01
-4.110400170988020019e-01
7.017759075078338071e-01
-9.314388590464186546e-01
-1.993485289455281251e-01
1.896821946929223568e-01
5.066721264573503802e-01
2.684066134092755185e-01
3.075139665927835164e-01
8.907605192948262474e-01
-7.815785058815549746e-02
7.699882177898702551e-01
5.972645167548324974e-01
-2.483500088152135188e-01
-2.798436675502422588e-01
1.171399379856901124e-01
1.175882564738397473e-01
5.078905944930740546e-01
5.923430083266540969e-01
-5.190695131342566437e-01
-2.582631397258345896e-01
-3.618172910000119202e-01
7.664228659014711287e-01
-4.505465493133795629e-01
8.539245932659953464e-01
-3.256620815968096494e-01
-5.381318008366089423e-01
-4.716251901758907739e-01
-4.981359623016639038e-01
-6.458723784571374082e-02
1.997261908792964391e-01
2.402308131724202322e-01
-6.208148364496552940e-01
5.959443813979017346e-01
2.711369652168269528e-01
-1.028057642857578280e-01
1.946321672906967670e-01
4.686819924755036837e-02
-9.327165807550121812e-01
5.633450245354847397e-01
7.797513732374710127e-01
4.007552118675488106e-01
5.805929864310861443e-01
-5.378017047618233182e-01
-7.127727500116602943e-01
-5.892630019487683501e-01
-4.867277384692059172e-01
3.460400818574902448e-01
-3.706714934334627287e-01
-6.835627505741601606e-01
-8.831852215738136280e-01
-3.378537557770922017e-01
-6.192369574596516824e-01
-5.819853519186350965e-01
1.442403487480390378e-01
-7.653265660962773609e-01
1.633292078840384853e-01
6.895201496940832619e-01
7.939084243147276343e-01
7.014958283217569424e-01
7.096186455624020617e-02
-3.885166920301577065e-01
3.693209667597663337e-01
-3.480719546235868656e-01
1.760715782529265194e-01
8.449353193744086887e-01
9.229126034994088457e-01
-7.038397291352891383e-01
2.112912766510537388e-01
8.106546828457095177e-01
-3.757485730401459723e-01
8.839371429533577906e-01
-6.256262426819070299e-01
-9.582952521324166195e-01
-5.666444554185054994e-01
-7.319053850341898926e-01
5.120842898082662575e-01
-5.692338679235315890e-01
-6.990072596731553567e-01
6.188745557775425787e-01
9.575495793817931922e-01
-2.044085403207651641e-01
3.476186999144612599e-01
-6.961161794873103048e-01
9.296203740217952038e-01
9.518304076075587705e-01
7.560302739340687417e-01
-6.089991817572038002e-02
1.501769593205701803e-01
8.231901998448354352e-01
3.412957664957114723e-01
-9.904714860558216927e-01
6.773109630508664658e-01
-6.946230271602957806e-01
-7.778592556025443194e-01
8.354083693167198010e-01
3.828480514484926545e-01
-5.664878427423551965e-01
-1.708194126640920629e-01
-6.859500738874020342e-01
-9.596886396547965603e-02
9.294659598595003125e-01
-1.818197752538210921e-01
3.126880335301509550e-01
-9.681211413016348466e-01
-6.523066586899699537e-01
6.486826326571748513e-01
8.167293653549612120e-01
8.100873745315844143e-01
8.704029575728673418e-01
-4.513102392986763078e-01
8.310739134073399370e-01
-2.573840594142828841e-02
1.720472681177627194e-01
-4.421548893691389370e-01
-1.478686307392438337e-01
7.973294604827090293e-01
4.996432871056792901e-01
8.499474253564143211e-01
7.385311475823941318e-01
6.625381668347873898e-01
-7.101576500037949380e-01
-2.800352657569205039e-01
2.005630394770094860e-01
7.166129290221723291e-01
-1.100793732584299800e-01
4.005533345486538277e-01
-4.207665125735993161e-01
-4.072627390504901523e-01
-9.456519328217367626e-01
4.780733926426086189e-01
-6.125512004319222381e-01
-5.492655106475534676e-01
-6.156768073450680223e-01
2.592150409838158698e-01
8.310404012721983591e-02
9.496289545683940236e-01
-3.744206829949854320e-01
2.717761241843819064e-01
-6.464552648487273956e-01
-1.414708382078133653e-02
5.456646213314035876e-01
7.407852420383098657e-01
7.372301025944327790e-02
-5.192511719692527450e-02
2.193562202480547896e-01
1.925903329804585784e-01
5.800233759904800390e-01
-8.529957372459973097e-01
-8.868503142092956093e-01
-5.342012234173905139e-01
2.138034461970990119e-01
-5.025250070402842439e-01
3.182780989531459603e-01
-9.322711660750027107e-01
6.623022474100179746e-01
-9.781864677271601138e-03
-4.981681067201721991e-01
-3.984825963053177933e-01
3.475787384118149692e-01
7.632715085920040998e-01
-2.423617476048642860e-01
-8.794846552521784488e-01
1.214324618757542940e-01
-1.675931797285756808e-01
8.189447686528026349e-01
-7.866568919394858472e-01
