
0 76.70949 7.717134 21.955782
1 76.70949 19.312198 25.697732
2 76.70949 38.792041 24.238436
3 76.70949 49.289237 25.14299
4 76.839886 61.501688 22.264435
5 76.839886 60.489748 25.560836
6 76.839886 63.074023 23.383375
7 76.839886 64.919067 23.407244
8 85.915051 68.10315 17.915243
9 88.695739 65.837801 20.682773
10 88.885928 65.903867 21.231673
11 88.885928 70.582205 20.970102
12 88.885928 75.038421 17.027178
13 90.295861 81.824969 11.994099
14 89.068949 80.217058 13.655655
15 89.475387 80.517654 14.682454
16 89.068949 76.88419 18.398267
17 89.068949 78.719939 18.566113
18 89.170648 75.124632 21.461674
19 89.866702 78.273035 17.604138