3.034536676435214408e-01
-9.843517949271185508e-03
-1.097902365750464071e+00
-2.294879954525386734e-01
4.488526115640115721e-01
-7.276259326537375394e-01
8.198098708446119876e-01
4.866925047633573198e-02
-3.388938779195061479e-01
-1.021534593779819922e+00
2.084900020968943612e-01
-8.577008839235498172e-01
-3.414558541357655130e-01
-7.028238159408634056e-01
7.538980632677472205e-01
2.795665884511596699e-01
-9.805682362380138684e-02
-1.664380234487666255e-01
-8.709463540950130866e-01
4.323643687145987125e-01
-6.805333435660585462e-01
6.072571882996015136e-01
-8.944735485450586721e-01
-5.934294739255748796e-01
5.436812595827942296e-01
1.730792073873514969e-01
1.544129014446497195e+00
-1.960111617859898181e-01
-1.011471935300764846e+00
-1.074207844727635142e-01
-2.615513563775858086e-01
-5.351584216283328255e-02
9.742669876533487372e-01
-6.769594383282726557e-01
9.597107449201225382e-02
5.545235882830172880e-01
-8.125358278931591460e-01
5.037221891730279122e-01
1.063012768143519610e-01
-5.536932621655965558e-01
6.189439180533502505e-01
-8.789102626585909572e-02
9.308478896497934807e-02
1.210076410594157215e-01
-4.322580100161051986e-01
4.334832207426003725e-01
1.612926103526135524e-02
-2.434946208472826279e-01
7.042440075983770198e-01
4.070185877980596612e-01
6.872695768986969433e-01
-2.097346766116192363e-01
-3.135419009523034983e-01
-7.869786424038589523e-01
3.567169839135937437e-01
1.150668868377195730e+00
-2.034037475867725986e-01
-9.904902759902374232e-01
3.772630176841571537e-01
3.411807496652549121e-01
5.396968864492786011e-01
2.748848817611656559e-01
-6.484326057279523603e-01
1.021485492976238030e+00
-5.539667274403905495e-01
-5.418155729969600376e-01
-7.536986901392475069e-01
-1.424670940216479220e-01
4.005908595120650784e-01
-8.623233224007310904e-02
7.425026128398328762e-01
-8.681957902087901191e-01
-5.535880112366418082e-01
-1.151734065475169405e-01
-1.705361954634290744e-01
-6.100205342729161373e-01
-3.074145945650363487e-03
8.922035482477953527e-01
-4.767284065461165343e-01
4.320047923140472035e-01
-4.955497915573777723e-01
1.072464110833365736e-01
6.487480734244330804e-01
-1.515050427866702631e-01
-6.246186502986492695e-01
2.400960859618027077e-01
1.331963638721241905e-01
2.838318461044593288e-01
-7.715681934274649656e-01
-2.798314776135292226e-01
2.042123497181141945e-01
-8.954494513394146982e-02
-9.145289543833735602e-01
-5.907999024920270736e-01
-7.457850033024358005e-01
-8.122726584001007666e-01
2.290286527318649012e-01
-5.266190160630193073e-01
-1.128116347534886321e+00
-2.992757091953014426e-01
-1.012333926592976052e+00
1.884985332534561131e-01
-8.249116957592109722e-01
5.252197983182160801e-01
4.968588985710635786e-01
7.407204313383328742e-01
8.077485543275030322e-01
8.862981531719038575e-02
4.121137473742848556e-01
-4.281569645466682950e-01
-1.412291670806284372e-01
3.052511235504055120e-01
-5.230959115416002059e-02
1.290636254402584671e+00
8.699554261644584230e-01
-4.082361059219552502e-01
-4.692316016829578551e-01
5.678737633660204676e-01
-1.068534303032389499e+00
9.433161573391817267e-01
1.013612134170687629e+00
4.958919961412311395e-01
-1.048582855934945823e-01
-1.720746247813375318e-01
-2.385821892965722946e-01
1.570634604195605410e-01
-8.610829697869020194e-01
1.276125661170597059e-01
2.207752388127310894e-01
2.763940594425274844e-01
3.096424982680514026e-01
-1.203046194294083993e+00
-3.287922585505487771e-01
1.104326055400444567e-01
-1.494488526990159216e-02
4.011714772187309763e-01
2.674119902227787282e-01
-6.188387707168053753e-01
7.701885643757260258e-01
9.130133119264216557e-01
-7.996043439717628321e-01
2.202270714726420608e-01
-3.420809459198680402e-01
5.795740079392412980e-01
6.805251030162375869e-01
1.818218721322456544e-01
-3.211977226603199842e-01
4.705666269732963758e-01
7.269559185415521707e-01
8.782767577084137356e-01
-4.742371014530074591e-01
6.506338289149513621e-01
1.051751506955009408e+00
-3.141297286926070798e-01
-1.225191893312310265e+00
-4.617385929936982381e-01
2.229235867529180681e-02
-4.722147536840407001e-01
-5.795686660849887206e-02
1.801323800697128608e+00
-8.523549081127411720e-01
-2.818456974595827669e-01
6.711627863377087611e-01
8.724040136013695435e-01
-9.189373396773878877e-01
-3.744480294244109664e-02
-5.703298693219005511e-01
2.482260862612022945e-01
-7.377716037332925358e-01
6.763295753066810301e-01
-3.203505250913123437e-01
9.601388541329687332e-01
1.957658031841667257e-01
1.009244037082289269e+00
-6.221617432580189844e-01
3.387073266177373365e-02
8.040785503999694495e-01
-7.455110177961538076e-01
-3.939709431708148246e-01
1.801582829740216779e-03
1.640321138805397871e-01
-4.569799918302782094e-01
5.747282270784401792e-01
-9.318463413368509585e-01
-8.163437216207600766e-01
-9.483805894135992620e-01
9.172355414444421928e-01
-1.280355552817403764e-01
-1.030964301828294349e-01
-3.514059500129674829e-01
2.710978642598080302e-02
-1.550972856965250335e-01
6.853076227595101821e-01
1.688983332106089030e-01
-5.410684349440003649e-01
1.131081511431610842e+00
5.873984772107962993e-01
-9.185750399111256015e-02
7.480386699004942797e-01
-5.420672041880936209e-02
9.109730075990936093e-01
7.323583836528750890e-01
-2.883826658734899295e-01
6.709122767324605663e-01
7.215780152725614904e-04
2.265213704079344081e-01
-6.281381315180969427e-01
5.027172092584356600e-01
2.808397771432528112e-01
8.595182974967403577e-01
-2.754768548236216641e-01
-1.012497197189741405e+00
1.178450674021219169e-01
8.393541606810851485e-01
-6.881796686189654011e-01
-7.767165562444799942e-01
6.941736384348418110e-01
9.808658027666505852e-02
6.267059676577633187e-01
1.962589600399865519e-01
3.696533741074509161e-01
-9.672242370113284249e-01
-6.913827294625469744e-01
3.465039961894081921e-01
7.397016341537046014e-01
-5.528719382946660765e-01
1.452885924727471689e-01
3.894324204672070522e-01
-9.282691845352714077e-03
5.038169960295832972e-01
-5.221001913901852642e-01
2.046412992070256731e-01
4.503165295346585051e-01
7.727736448270880465e-02
5.029129913846047684e-01
9.325438459144441694e-01
-9.321689183652841493e-01
-1.406664490133970324e-01
1.418821859255610662e-01
8.228140605652258799e-01
3.991849473533124470e-01
2.957375869837349791e-01
-8.105508055627697050e-01
7.425797217481300283e-01
-2.227705044272030310e-01
2.004133466136175934e-01
-2.061699876922318542e-01
7.703392855582064103e-01
-4.289592686146280198e-01
-2.982650716551005776e-01
1.576059092326563549e-01
-6.477048413742675370e-02
3.360627739310116935e-01
-9.826802562267664687e-01
6.980070693746223132e-01
5.116132763881172663e-01
4.096283407905890184e-01
6.602924914255434707e-01
8.594136519642650018e-01
-6.453423702576319698e-01
5.557483441037598670e-02
1.455608576793087083e+00
-2.901891309877060454e-01
-2.497085849794605794e-01
3.267713244484797830e-01
