-9.076773795920347609e-01
5.616993211039020828e-01
4.061907507360755787e-01
-1.586666745304845527e-01
-9.296225629223955345e-01
7.302328057665967709e-01
3.869321101662974716e-01
-6.487516662609025264e-01
-9.838932094716810184e-01
-8.125356412736639555e-02
-2.650042421293423711e-01
8.584576605148304118e-01
6.499271604294898363e-01
-7.324228686651157449e-01
-1.616907947427301817e-01
-5.464722643972395044e-01
2.262746009171552330e-01
-4.349330188922704288e-01
-1.214323207192666843e-01
6.999534851695476956e-01
5.631019500971152780e-01
5.619365193327066077e-01
7.725586850686532170e-01
-8.966569016394547731e-01
-3.861226162258739603e-01
5.783479976732384120e-01
-9.023260138205666525e-01
-2.373420227450973030e-02
-8.718325047006620920e-01
5.949196037304858020e-01
6.244173232372436377e-01
3.238231147357546469e-01
-9.792152364440116497e-01
8.954892512380354663e-01
-7.340029994222612153e-01
-3.681609362167579391e-01
-5.094069934243810049e-01
4.736946531544925509e-01
-8.948142963731517963e-01
-2.261576448858246824e-01
2.708229426416850494e-01
-3.897530646606461868e-01
-9.588032334288865144e-01
9.970259388550386515e-01
2.064277989707874461e-01
-8.612467618694514826e-01
1.483850162951445562e-01
-5.562786150879350799e-02
-5.679172526447067160e-01
-9.080777753549691411e-01
3.357458324650153259e-02
-9.629618442131806511e-01
7.238716083748466534e-01
5.156094606819454640e-01
4.584942114432313254e-01
-5.667007248758304527e-01
1.527412000892949262e-01
6.482126637953578019e-01
-2.736164885074625630e-01
-8.994073201625394365e-01
8.556043850895400649e-01
8.746748452180654887e-01
-7.946766308971502379e-01
8.048209640591603709e-01
-5.334228753465726225e-01
3.372072392030887045e-01
-5.996564391391914217e-01
-9.057478792059248107e-01
-2.014262571997400553e-01
-3.381553014421199155e-01
6.703255787174473568e-01
-2.334685200725470366e-01
8.567898119858561312e-01
-9.414273891377795689e-01
-1.178342810397792206e-01
2.767354834776178940e-01
5.950846218636605123e-01
-1.380267655665634585e-02
-2.937294727220729484e-01
5.393107342102878565e-01
-6.049579301759815397e-01
5.560627804865725388e-02
-2.014200798869405507e-01
-5.222793828199878696e-01
-3.898110094554478877e-01
-6.026866621074142838e-01
-9.209142494392352774e-01
5.627022550783051802e-01
1.054184728288511952e-01
-7.455400579139290773e-01
2.375392876147637278e-01
7.476704444887836143e-01
-1.688976510733550818e-01
-8.524965388458820570e-01
-6.179810101942402323e-01
2.938245120596760795e-01
-7.076760068954623950e-01
-5.211122861408326035e-01
-7.908742617314874490e-01
4.595997969497265245e-01
-9.015151253108475427e-01
-7.723279491452494927e-01
-4.136310694558309464e-02
-9.703806362573648148e-01
6.318736865733778352e-01
-7.344801455236320553e-01
7.022126934069301551e-01
-2.394399461037288734e-01
2.389670538872710193e-01
9.776601091696623946e-02
1.214067165789709524e-01
-4.238172132117679070e-02
9.068032631778304431e-01
-7.960854718628067594e-01
-4.420103271169713022e-01
-9.182991249586414106e-02
-1.696662367908325919e-01
-5.529327507846222289e-01
-7.425019862195259002e-02
5.647342553192535863e-01
-1.421021532148702970e-01
2.795070737811689021e-01
4.194975103124181093e-01
4.436111635633528394e-01
6.530949760373443436e-01
-3.566678900766389049e-01
7.676529761475112679e-01
5.677934538811646448e-02
1.198171646986900818e-01
-7.328782911146183299e-01
5.796681324188757145e-01
-6.737014847600657497e-01
6.339084780801360619e-01
-5.725481020016132128e-02
6.350930087636974530e-01
