
0 74.273831 18.828293 25.835068
1 74.273831 30.746306 25.974778
2 81.520438 39.618865 24.852976
3 81.520438 47.603169 26.182903
4 81.520438 51.564878 30.722598
5 81.520438 63.011704 24.316698
6 81.520438 70.919623 16.769863
7 81.704086 72.463536 13.620121
8 81.704086 73.159671 15.755278
9 81.704086 74.480745 12.416067
10 84.409151 73.663192 16.843981
11 81.704086 73.19165 18.378814
12 81.704086 73.980758 17.536978
13 81.704086 73.025369 17.284905
14 81.704086 73.10082 15.109258
15 81.704086 73.681187 14.639748
16 81.704086 72.819342 18.578269
17 81.704086 72.224089 15.44161
18 81.704086 74.592787 13.546779
19 81.743223 76.583019 12.990943