-2.371174813589009833e-01
5.620382666809775607e-02
-1.192656307699240248e-01
-4.902005509544515860e-02
3.826888005131692250e-01
-9.123043096161285170e-01
2.031376498014372256e-01
2.008362130763763354e-01
1.048612406033744282e-01
-4.183886476448215319e-01
-7.434861848541827190e-01
-6.471551041525274162e-01
6.402479641587981440e-01
-8.977196070029080932e-01
-5.838961391135728540e-01
-8.511984090094053546e-01
-3.585107525596009648e-01
-8.053620001557109109e-01
-3.514829358279760729e-01
4.960870055061739059e-01
7.960454818731332871e-01
-7.936143514717650671e-01
-4.503029493226566871e-01
-6.246404281701312122e-01
-8.250001496234204978e-02
4.616999587146566331e-01
4.836658763846617415e-01
-7.794915651844906979e-01
-4.215291962497711431e-01
5.677130585941394525e-01
2.915243454954428159e-01
-8.084629825131097736e-01
3.128964034709134090e-01
-1.004041137444759979e-01
-1.836161325094423091e-01
9.863209042151819261e-01
-4.266734006267602908e-02
2.839943566756466531e-01
-9.129719912989151531e-01
-6.633733694958625637e-01
7.757104596692723231e-01
1.166626827517056597e-01
-7.910065239283505800e-01
7.185048446524782140e-01
-7.172834559311422886e-01
-4.669716319853534081e-01
4.705607517608547674e-01
3.739411053839467591e-01
2.373741279152776773e-01
5.047809299706857988e-01
-1.652424698873564690e-01
-8.742185140121128128e-02
-9.782866838795254427e-01
-6.009389961892301901e-01
-4.502171543592172753e-01
9.674861884053642669e-02
3.986260106622638855e-01
6.661680582977058673e-01
-1.509625085083454721e-02
-3.970270199971532854e-01
-5.724694841027107017e-01
-4.614649279903386692e-01
2.220134746298103590e-01
1.646013435208022457e-01
-3.902651688834928301e-01
4.495047115385155667e-01
-4.037224455304531112e-01
5.572898654210429736e-01
-5.265189042987450385e-02
2.789869745220410202e-01
7.759776986384017139e-01
6.182205631249269029e-01
5.275349211220150547e-01
-6.362118869673334398e-01
-6.725614470398890710e-01
6.591928919561775846e-01
-9.436503624055891937e-01
-1.180511642986781240e-02
9.302973457756751330e-01
-2.455959895946444593e-01
-1.779845642501620695e-01
5.727730672580044757e-01
6.770467401191049284e-02
8.679136353452621133e-01
2.362001157789996864e-01
9.779130040782819666e-01
-1.648858080213504440e-01
-7.178596384962410148e-01
-2.947377899009271385e-01
-5.132310230612697755e-01
-8.572180764735410907e-01
-1.582264576390284283e-01
2.753073094439166812e-01
-9.168764899971679760e-01
-1.247214583068601002e-01
-4.239339002271489409e-01
-4.521613646002546893e-01
-2.092614497183447053e-01
3.883891555149772135e-01
-7.787921935128514495e-01
-7.338472395744997101e-01
6.430262187963939891e-01
-5.647899278687731339e-01
8.050127252624081908e-01
-2.571685788371713688e-01
7.610926380515385947e-01
1.449209928941210812e-01
4.673929234016682699e-01
-7.649575831534018988e-01
7.564925100701993532e-01
-5.647080143729030777e-01
-4.580833227002192309e-01
6.328428917764414852e-01
-6.541792280722857900e-01
-5.037925752810499258e-01
4.202278989019898603e-01
-9.618571883551085833e-02
-8.229721885964120798e-01
-6.113684175901457074e-02
2.245739214716644394e-01
6.116264558299986387e-01
-1.731393248103811899e-01
5.270585428126708383e-01
-7.374333232206886635e-01
7.498517177151680091e-01
4.704451309110500024e-01
-8.766441103609352581e-01
7.798048454112518346e-01
-2.402993821075940506e-01
2.261106924243447835e-01
9.530484870505333550e-01
7.354935564903672951e-01
9.466784944914266031e-01
-4.772960254416662718e-01
-3.077190696953291393e-02
5.115296151195078966e-01
-1.522089126403820547e-01
1.076082252562400310e-01
-6.539511282733245778e-02
-7.821752251271842926e-01
-9.097436122754849475e-01
8.582400478216529738e-01
-5.064683341309317299e-01
-6.544523564168982510e-01
-8.150125433359403093e-01
9.216223518948742921e-01
-3.407860201986203652e-01
-2.052796444504110251e-01
6.788676167332443612e-01
-6.797379644122769626e-01
-4.328402312104229210e-01
9.670347198495865548e-01
-2.063712220745845816e-01
8.956308684915836871e-02
-6.860982053469968367e-01
7.970065135675208357e-01
-6.043001453170688819e-01
-3.965564459080790360e-01
-7.602083199660607526e-01
7.369080609296707607e-02
3.378838120600580197e-02
8.021142091001216556e-01
9.067211910311336887e-01
-5.456228440794046453e-01
-2.432670057918286943e-01
-3.505022968469522215e-01
-2.282503637151354070e-01
-9.293387516570406071e-02
-8.760565502929849035e-01
3.729996741163994489e-01
-3.577919261341144797e-01
-8.347847796141594223e-01
1.389949715424390053e-01
1.039068818207380396e-01
-6.325022274423401925e-01
-7.763562554687315487e-01
-1.255605438214302261e-02
7.021773750197928265e-01
7.928736679665562281e-01
-4.975084347553599962e-01
-2.181426298937740871e-01
-6.077528366266429227e-01
-9.117295846975139728e-01
-1.544664067836609700e-01
-5.240488006918275765e-02
-8.404095874431027902e-02
-6.394249138839112057e-01
6.902263028274246981e-01
9.900136162491566250e-01
-3.381507077148475648e-01
3.393563583514362936e-01
6.991409513113695517e-01
-4.982006314594751295e-01
3.956597884763057849e-01
-8.446241903118623107e-01
9.759193845215285990e-02
-4.437251998781714946e-01
-5.565158503154956637e-01
-9.774475153260553384e-01
-6.362868126641456623e-01
5.858307624055438811e-01
3.454401764841357192e-01
2.762095117494458574e-01
8.046982197765579770e-01
7.508349791340918067e-02
-5.436445830596456918e-01
5.370897993277958804e-01
-4.271739132645089310e-01
4.927150469652368248e-01
5.838055594310069818e-01
-9.515833210934798725e-01
-5.227920124971892069e-01
1.556082400156981738e-01
2.381474387909285895e-01
4.966868361529006570e-01
3.157711005213448274e-03
-8.239886305400019317e-01
8.040992885513869037e-01
-3.973961064439124335e-01
3.715526273467235630e-01
-4.462984924088935212e-01
-5.390740724104303716e-02
-4.655661741292458355e-01
7.342812558899809439e-01
2.676046527647313322e-01
-3.724164851360354245e-01
5.210991126242427995e-01
-5.836724967079269799e-01
6.680973418934497143e-01
2.495750894225468031e-01
-1.253012736631862190e-01
-1.123548413692558867e-01
-1.909314175546117376e-02
-9.725944481106485462e-01
1.215364426628009475e-01
-1.719461364990737540e-01
-7.681843114772537451e-01
1.143827900517468965e-01
2.218328419385169337e-01
-6.959873569334602550e-01
-5.829478299568591204e-02
7.817706792170460162e-01
3.632762575656705017e-01
9.968838684699345976e-01
5.065183770651047190e-01
9.213403001661257807e-01
-8.230676562335212942e-01
7.571545591896433613e-01
-6.091615270033499119e-01
2.281727755836238103e-01
-3.603526739924871602e-01
-5.300453338576667228e-01
4.487989620553678449e-01
-3.672775729889838914e-01
5.677205345817148974e-01
7.131565291231547477e-01
4.210710579857821489e-01
-4.747075210672406786e-01
-6.629905103912558939e-01
6.611136487901694281e-01
-9.168987044825203103e-01
1.034195515032123591e-01
-2.311665847781836369e-01
7.823053038223950484e-01
2.044274427078047740e-01
