2.376848664594501948e-01
-1.555947729256179635e-01
5.600544916943575036e-01
-1.813434351798774991e-01
1.441096541309387913e-01
2.190250209368007628e-01
8.223380436901146506e-01
6.431250231461118627e-01
-7.803417798143108541e-02
-8.042613285037474302e-01
1.300442708895017674e-01
-6.710773195921073686e-01
8.775327527528569149e-01
3.735121759687329845e-01
4.672479483184242000e-01
3.269530092157111323e-01
7.472240797839391213e-01
-1.351908690206331531e-01
2.247829385861233042e-01
8.813179646311011251e-01
6.253206669705553278e-01
-7.330412188174617594e-01
4.080694674471960770e-01
-9.012126122127204209e-01
3.164946783127997598e-01
2.505138901697603337e-01
-9.146407480537899204e-01
-2.228836934338200848e-01
1.941194760414746145e-01
-2.937883805369756463e-01
-7.855323864270207235e-01
8.762097801027555199e-01
-1.124460131880127278e-01
-7.223642553011262457e-01
-2.438904449604224478e-01
6.119551361065651562e-01
-9.160163447308717899e-01
4.901939039104015183e-01
9.783545809008202809e-01
-8.992554416574427556e-01
9.601006484471450442e-01
-6.014385247323690287e-01
1.195050112888793592e-01
2.904810014911081151e-01
-7.626434840348985666e-01
5.204273136285419987e-01
2.674620863442700447e-01
7.549866019915691950e-01
9.308602687205214110e-01
-3.401246155517485548e-01
9.850600542373391111e-01
-2.281582433401099230e-01
3.031040650750909116e-01
5.647051943722656286e-01
4.953335903132849438e-01
-9.139445688035572335e-01
-9.628036955691199328e-01
4.985487728351933878e-01
5.534597532153409105e-01
6.341093495584559925e-02
-3.426930922338002894e-01
-1.599177830505678077e-01
8.655660510976077582e-01
9.306622291788146928e-01
-3.993019435747606760e-01
6.419004409243660447e-01
-6.495503500596191415e-01
8.838312827506225045e-01
-9.782747047620641290e-01
-7.047719161543470889e-01
9.475714919443700701e-02
-9.340783648010366758e-01
8.441946339834305313e-02
6.252412822631072675e-01
-5.185443617810454597e-01
8.916195326594980042e-01
1.912859104026036761e-01
5.372075439890138249e-01
-8.730846719524416599e-01
5.841269636074044591e-01
-2.266733105308953444e-01
-5.084701950803767190e-01
9.999066574326320733e-01
6.161687378245646052e-01
2.721725498381855068e-02
2.660594449396080918e-02
3.093144693809626311e-01
8.355512116067076445e-01
3.241445579185227022e-01
4.748868421190242106e-01
4.225374921237623482e-01
-2.985573780321613135e-01
9.039170835911987112e-01
6.243421521796888030e-02
3.588492539553149729e-01
3.450347372477085006e-01
-9.091388392514856420e-01
6.012892994733132213e-01
4.148444860287052727e-01
6.026336379521302078e-01
-6.491500997950161445e-01
-4.147792895705944005e-01
6.496259134731907636e-01
-7.461165306046371182e-01
3.944695909260418354e-01
-4.455530352260872462e-01
4.943746780179649747e-01
-6.724081516748123821e-01
-5.703380457609430465e-03
-6.074226734929011329e-02
6.381513132356824158e-01
-7.577403910341611315e-01
9.804140669338921033e-01
-9.965399352221264717e-01
-7.888747064618513161e-01
-8.791331028793392122e-01
1.600817140702803787e-01
-2.038272660109539114e-01
1.143004188256180331e-01
-2.124906990111588012e-01
7.768035648096522916e-01
-9.399416420070956235e-01
4.541533623895743776e-01
5.678565381701050629e-01
2.293491297696432785e-01
7.300138281095081005e-02
6.203742648913583846e-01
-2.058459186294874232e-01
1.565443106277724095e-01
9.600647373299222576e-01
8.655225051007113812e-01
7.067937044953405135e-01
-7.397441675401708050e-01
8.295697942981616890e-01
4.954797022221641978e-01
-9.074600824425109735e-01
5.364879232306580814e-01
2.326723678848661159e-01
-3.666910042110633761e-01
-9.965655376229347606e-01
1.752937009241744004e-01
-7.300839694576020111e-01
-4.836278958053716881e-01
-2.481122244940361377e-01
8.576769303399698341e-01
5.673498861337662458e-01
-4.911210132728807132e-01
-1.237418853827243481e-01
2.818757913730807196e-02
8.509826961088400310e-01
-7.846050971206053326e-02
9.614670564356160298e-01
-1.953025797002871933e-02
-9.907540824176286343e-01
-8.401199580376566001e-01
-8.652434494639333895e-01
-6.696357745312928600e-01
-7.145336095251477726e-01
6.952787472692034676e-01
-5.387070236378201926e-01
6.682447345832880359e-01
7.943408026691389789e-01
-7.080986152451165250e-01
7.679565738047058332e-01
6.115819330960088340e-01
-5.027855861113932345e-01
-7.415479640377953263e-01
-6.886546853757755660e-01
-6.867644375245589572e-01
-6.432201689269625433e-01
5.629294259283068591e-01
-4.243978498872906790e-01
1.161036799786636653e-01
-1.057730806547139135e-01
-1.859480138158218221e-01
-2.990287196105303469e-01
1.670794358598071128e-03
5.674727747880952133e-01
8.852986929229957891e-01
-7.029045047680120284e-01
-2.331745619147496118e-01
1.249409510439620785e-01
8.942007888160241613e-01
-7.651789442431859989e-01
1.732739816824724333e-01
-9.447213041243696097e-02
-8.948800041680349260e-01
-8.543564991276899612e-01
2.176778285131319990e-02
-5.108256027832660529e-01
-5.366047606269526149e-01
2.695961214376336734e-01
-5.261543526471534893e-01
2.940942138562812058e-01
7.867466522507196025e-01
2.584155895568489569e-01
-7.326227263905638054e-03
7.752525621233932185e-01
-7.744452531275902718e-01
-9.333792462317020977e-01
8.449376879497911830e-01
-6.423692772206310853e-01
9.822852080779929107e-01
5.067990002769064972e-01
-1.327852701635268140e-01
6.563377155845475652e-01
2.413188395858953950e-01
-4.359780240503254856e-01
4.328670400576051236e-02
-6.897753401995943001e-02
5.078352114289907959e-02
-8.645124412252127577e-01
9.280784478968107098e-01
8.217088686837454858e-01
6.129735617759541899e-01
-7.887782115348931367e-01
-5.550515341434234529e-01
7.777234328423352494e-01
7.097165902275441862e-01
1.110747911941649679e-01
-7.954799193079222785e-01
-2.985710942194907958e-02
-9.231301978448480661e-02
-4.393943343983448546e-01
-3.753350109172037818e-02
-4.399004465218898652e-01
-5.281253027757433216e-01
-8.735166660219133572e-01
-5.732378445065227091e-01
6.978072272869235704e-01
3.068981554308345405e-01
5.353671899886442986e-01
-5.750870017709905913e-01
-4.548388301539585399e-03
-4.055171922944993401e-01
3.815200434209748970e-01
-1.450569571061834928e-01
-2.043433905565081865e-01
5.685025501579834550e-01
-4.830030247809893318e-01
3.996133984365934921e-02
4.429215074098435956e-02
8.364362594794527705e-01
-1.806123534148369458e-01
2.530313268946653427e-01
2.898098405640372466e-01
1.046470410828075348e-01
9.916125034837557362e-01
6.326872287034401854e-01
1.192463218545785075e-01
-7.555905762105386003e-01
9.156702828945206818e-02
-4.351983897333557838e-01
9.605470252092627170e-01
9.414686508249157093e-01
6.308365291848863077e-01
-5.457017381722433225e-01
-5.072810673461967124e-01
1.197756691144178376e-01
-8.895805103846783357e-01
-5.832662165597946036e-02
8.876908748871608079e-01
1.308608876734729254e-01
1.793986676488161791e-01
-7.747380701846811046e-01
