
0 91.933573 34.623651 36.873453
1 91.933573 65.057935 28.764981
2 91.933573 74.042609 27.408396
3 91.933573 71.367865 34.678791
4 91.933573 84.224546 21.032004
5 92.766278 86.677011 18.618822
6 92.766278 91.040247 8.831
7 92.766278 90.699437 7.662701
8 92.77505 86.986673 18.363869
9 92.77505 88.292103 15.818219
10 92.77505 89.964213 14.089748
11 92.77505 91.949394 5.314342
12 92.77505 90.241957 14.417841
13 92.77505 92.544599 0.387095
14 92.77505 91.024119 11.087607
15 92.77505 90.632669 11.578812
16 92.77505 90.573877 10.701382
17 92.77505 89.863548 14.732824
18 92.77505 91.446424 7.474948
19 92.77505 91.636831 9.797683
20 92.77505 90.867526 9.094992
21 92.77505 91.149625 9.389917
22 92.77505 91.27435 10.378323
23 92.77505 92.494839 0.413584
24 92.77505 90.247549 13.584468