-1.408662935821802797e-02
-7.867253267961336061e-01
-2.013621859941170378e-01
8.839303278611383430e-01
-8.891338429891622042e-01
4.803719095363006009e-01
8.274506068478824083e-01
-8.868573923482483412e-01
-3.355688113456944954e-02
-8.708317761706334537e-01
-5.490878582561506960e-01
-4.808303289641238099e-01
1.199381234828269527e-01
-9.193587480956733060e-02
4.724295777165912202e-01
-3.213930839234955261e-01
9.915947972512437758e-01
6.695128629598299241e-01
2.542096762047127978e-01
-5.912674966730397941e-01
4.744249237918332085e-01
-1.330265448396401595e-01
-7.502565072575066996e-01
-1.103568094361573326e-01
-4.657228300336000437e-01
2.573740437399603120e-01
-2.830439923181546913e-01
5.967920168667102399e-01
-8.510735854794555522e-01
8.927537861177152756e-01
-3.194185236607351985e-01
-9.776939976221414863e-01
-7.941296580360119872e-01
-9.021408495971052766e-01
-4.340446998826987812e-01
3.198875568006367409e-01
1.551588453239336474e-01
-7.591691067206394194e-01
3.217447581736623263e-01
-9.515595003731436297e-01
3.626619171147844600e-01
-4.732638939328559502e-02
3.357210278143871740e-01
5.178156732336425261e-01
1.797408328331930871e-01
-7.982762437203128059e-01
-1.631422646398477116e-01
4.690113004352700621e-01
8.779296137747503170e-01
-3.435569295093432451e-01
-1.055595581543633532e-01
-9.746094747302687100e-01
3.475142081161413099e-01
2.937752381773848231e-01
1.626431869613154113e-01
-6.997452052415280566e-01
4.032233627255932262e-01
3.691263915073217383e-01
6.718102246974728686e-01
-3.490756482722563447e-01
-3.606921680319412626e-01
2.902097618497150311e-01
2.545500393258890437e-01
-7.031024903384612834e-01
7.269754722734325103e-01
-6.884437815872179733e-02
-5.758571494062876273e-01
4.993346074557236669e-01
8.182811789643906764e-01
3.859521228269757742e-02
-9.869485604128662715e-01
-2.601257758300201672e-01
-3.667642091462977039e-01
5.330876398764476942e-01
-5.001444692470837783e-01
6.541216759993777607e-01
-9.970487274614310280e-01
7.571293067132809362e-01
3.031099374972703320e-01
-3.232421067103279366e-01
7.434187233841920150e-01
-8.564244154823634769e-01
-7.433718190377054391e-01
-8.605131935217260608e-01
3.474754395865959911e-01
-4.271942697829160807e-01
-2.031046589879919040e-01
3.635770969064433533e-01
8.383046331831345288e-01
4.568770877745225167e-01
9.799545472319666217e-01
8.508121163608495241e-01
4.527843462539709041e-01
-6.262654381797183589e-03
-2.416810860709273090e-01
-8.561672729325360276e-01
-5.961388515465948501e-02
-7.472961925870902355e-02
-6.509337358060474088e-02
5.763859804929969410e-01
5.850066270183975625e-01
8.080269602285130581e-01
-1.077084793260896234e-02
-1.567686141111035436e-01
-1.470871231118446865e-01
4.371217664817184101e-02
-4.696988923411105077e-02
7.687099826340704212e-01
9.330976857363095789e-01
-5.817512684672430101e-01
9.002628997158270696e-01
9.182674958605296922e-01
-2.446058628654832479e-01
9.637323077672321769e-01
-9.156254322085450870e-01
3.644366191084511541e-01
-1.311484475747197731e-01
2.126965118414334555e-01
-4.036556161370901119e-01
-5.426203554126705075e-01
7.940564938893575064e-01
-9.761388513025963665e-01
-3.320957400011497196e-01
1.274989204841341373e-01
-8.914385489875191748e-01
-6.546251935502993557e-01
-7.097625208597095892e-01
-9.441104270207369975e-01
4.963180868279892799e-02
-6.726117882045501428e-01
5.960445542277854614e-01
-6.030465940737854691e-01
7.388259193523003532e-01
9.510735226298543399e-01
5.241124173752529369e-01
-2.075203268753591512e-01
3.377864263468544070e-01
6.556757679075284617e-01
2.627800576922869613e-01
-9.528766103202990223e-02
-4.807406936738725101e-01
-3.980119066975822406e-01
1.741484132148860553e-01
6.001820683412741886e-01
-6.963875009494264745e-01
6.422435358604878797e-01
-9.649195414130642412e-01
-2.956647711027033942e-01
-7.769065736614046980e-01
-9.316813750741874678e-01
6.862874643524810025e-01
3.263239853228765419e-01
5.211467655076411631e-01
1.171918846903010625e-01
6.073962417397227309e-01
-6.424681564514047594e-01
-7.155111387746093676e-02
8.001198160882254662e-01
7.494966144552135390e-01
6.824146617743882537e-01
-1.608102785305443039e-01
4.652811387215383121e-02
-9.305525626021242669e-01
5.916630912773435114e-01
9.831582812210533096e-01
7.891955250915838604e-01
4.986203708245100508e-01
-2.757921542358192646e-01
3.774726743655878458e-01
-5.114212481644107022e-01
-2.609607404878035997e-01
1.122094434609426372e-01
7.037280540161041653e-01
4.317487006485232204e-01
1.857307010921183110e-01
6.606842228839959752e-02
5.997235132096692123e-01
1.319793156390201005e-01
9.440067789171708856e-01
-4.496994430265786047e-01
-8.591770295940339697e-01
-8.260406111988838340e-02
2.801855004217623790e-01
3.713092240716902026e-01
-6.179100126427461426e-01
4.747411737197340109e-01
-3.805276461381212894e-01
6.338110960469978128e-01
9.935860762266486290e-01
3.737807242199697733e-01
-9.454245727366670238e-01
-5.469745586573457885e-01
-5.732416854668898054e-02
-5.196851685058123671e-02
-4.807566285946791584e-01
-2.528822510182653360e-01
6.139904769130319906e-01
-7.181475888922648210e-01
3.211053792164995091e-01
-2.262901607273377635e-01
3.311920833777373119e-01
-1.926614605650056600e-01
9.868108769179184669e-02
9.513471376725435302e-01
-2.018974069069312538e-01
-4.492576636517644495e-01
7.873691791757724268e-01
-8.836811756984721544e-01
-4.002562288433861859e-01
5.887234486546955026e-02
-9.384159119215944589e-01
-3.302959891744694509e-01
-1.404432535132018600e-01
3.424574075628865621e-01
3.801222490017686084e-01
-6.777309241157978281e-01
1.203829843444201853e-01
5.743792647079166702e-01
7.876637168415847601e-01
-1.564823293917982916e-01
-3.342670569082626386e-01
6.853615734172093799e-01
-7.026261120343819666e-01
-6.745191458360420000e-01
-7.302428384986570098e-01
5.583313638278424307e-01
5.025514026419570790e-01
-9.803198151570045038e-01
-6.129893388703786528e-01
-1.990521407655676533e-01
6.040237817877747162e-02
9.769483864479260316e-01
3.046357641330978971e-01
5.820957744605022022e-01
-7.759028218844856717e-01
7.013998047397511648e-01
4.232554911851784674e-01
-5.039974592113294349e-02
8.466172404188192502e-01
9.629073987924858802e-01
6.681614121868615364e-01
3.929942467542502094e-02
2.655298330774948923e-01
4.125039915186299311e-01
3.994201235035674813e-01
-1.033726944953869964e-01
-9.271210631539150704e-02
-2.804997282421473059e-02
8.328242362693210055e-01
5.269738544223991905e-01
7.463127274530685362e-01
-1.757191738093317745e-01
7.637137497164070421e-01
-6.995553648026198168e-02
9.307768039550929906e-01
1.856718288722118970e-01
6.830880605782887471e-01
-3.641319682881134501e-01
-4.555075945292985651e-01
-3.085365742396550814e-02
-5.476865569703299741e-01
5.998793496804015746e-01
2.917374946316777518e-01
1.241860880741754158e-01
-7.404242785112964409e-01
