-2.218995907577132609e-01
5.760047149465430394e-03
8.228250520383617594e-01
5.603708285069652906e-01
-7.814350056860797089e-01
4.926759188268952094e-01
-8.532346425585333183e-01
7.368192713286907392e-01
-8.167662174418452992e-01
-3.908337072116065958e-01
-1.222709937383952283e-01
5.108163884096972307e-01
-2.983155397444092749e-01
-6.252768978265432764e-01
1.256313229702668011e-01
7.998227912754434232e-01
-1.475835648319319127e-01
4.204840023250020487e-01
-1.960907464113001986e-01
-1.225953506169221718e-01
-4.765463138382113328e-01
-9.790669349466063487e-02
-5.572178756453782800e-01
-3.359301292966163643e-01
-4.028627334812808769e-01
7.362962072202481334e-01
-2.566141716876162437e-01
-1.609795422970103917e-01
-5.045874258740001839e-01
8.351616953179805680e-01
-3.499241353127180432e-01
3.179869348265176310e-01
-5.863445072260649038e-01
3.915540683919751519e-01
-8.464415252920611810e-01
-8.210405342501849724e-01
-2.239277714644147821e-01
-4.480501339842848374e-01
4.643968436772174524e-01
6.001615029998386142e-01
-2.688124357528900443e-01
-2.787938032940076027e-01
7.036125490237652436e-01
8.216931267836395936e-01
4.126320690667455438e-01
4.423582467749389568e-01
6.783622750327580331e-01
-3.684761959696729594e-01
7.378838201633828309e-01
-8.647428840285311669e-01
-2.653422820833069018e-01
-5.182025643570240536e-01
-4.377519649939425328e-01
6.983001235676444818e-01
4.866154465094656434e-01
-2.857083811100926685e-01
-6.809037074442889637e-01
-7.701762507772595967e-01
1.132653788566164721e-01
1.422132414825816316e-01
-1.409042622428213765e-01
-7.284666028337398735e-01
9.848792329857505301e-01
-1.458443861744798120e-01
6.195273308356774589e-01
9.145013903608212313e-01
-4.953854689128702748e-01
9.729738085896342259e-01
3.247192924430466476e-01
6.693647160583890976e-01
-6.026381585938711538e-01
2.649033191079301908e-01
-6.309291511075600933e-01
-1.078268558155683898e-01
1.898065486847944072e-02
4.303769017848548817e-01
-4.606318219020830718e-01
-1.615606523110479920e-02
7.135159862183160229e-01
8.731016843203576183e-01
-3.183925413507668889e-01
-4.257143308465221043e-01
6.372494810291442491e-01
9.220110186396892615e-01
-2.440861774675011642e-01
-9.006946003184606031e-01
-9.567181346395849939e-01
3.287097357676078691e-01
3.021445210616915400e-01
6.872324794059199160e-01
-2.606714936751375333e-01
-4.091010192307575899e-02
5.145658105238062330e-01
9.077944400664663682e-01
7.399276285088363103e-02
6.438669558994474240e-01
-3.565070540048576042e-02
-5.886035263220881220e-01
-5.415640404108945649e-01
-4.970238056000839677e-01
-6.067430500976866981e-01
-4.817079003408797355e-02
-6.874544700766502814e-01
-1.499482524179684972e-01
7.500440905137462089e-01
9.349502390912813876e-01
6.908920766140109748e-01
5.328712125201895411e-02
-8.260365242222247328e-01
7.703087732239612961e-01
9.058393198288183790e-02
-8.185864990635247640e-01
-6.120107623775692396e-01
1.398239767510349729e-01
5.778675219690010412e-01
-4.798166136524524283e-01
3.785190197299614923e-02
9.332696742273642876e-01
-7.371340399355748030e-01
6.255219995667804511e-03
-6.657102953043447791e-02
-3.885461785317545491e-02
7.440011104023833699e-01
5.251816645719176169e-01
6.098475292242755419e-01
7.982112319259746513e-01
-5.960438683691782202e-02
-2.110983502977969994e-01
-5.593408306643341543e-01
-7.886014700721073467e-01
5.812010611424873741e-01
-1.412943723465680534e-01
-3.162512144012090687e-01
9.823826447349581770e-02
-1.517895912868718611e-01
-2.994452285212807485e-01
-7.330526992641885897e-01
-7.800431014665543117e-02
-5.929747345262077474e-01
-3.814409340992170883e-01
-4.725893463681902773e-01
4.372291254600977339e-01
6.637928175202645331e-01
-1.531285381604721163e-01
-2.362044657442787798e-01
6.264940062960697720e-01
2.574010358528866504e-02
-6.274638783735670966e-01
-5.504104056313821047e-01
8.713914293638711506e-01
7.298133214214277409e-01
9.576854377514811834e-01
-2.225502767065405951e-01
8.075112482911215306e-01
-3.348540779592519279e-01
-6.600045549605944029e-01
-3.252863276195805398e-01
-6.572735334458637002e-01
6.146992251120584339e-01
5.085239030555683826e-01
7.762785485379510853e-01
8.227578951976379784e-01
-4.437129100457475328e-01
2.017082146414177490e-01
-8.332692871833387027e-01
-6.871854517987625588e-01
5.341061150379082800e-01
-7.127986758113342702e-01
2.649331642197851888e-01
-3.836365515420741001e-01
7.758869527890555062e-01
-8.949416492402260115e-01
1.951174059597315935e-01
-2.147504766843604251e-01
-2.587966052990893218e-01
-2.036769079061886423e-01
3.996880058827136928e-01
-4.611382494306370816e-02
3.927107616038705284e-01
6.425653815137450930e-01
-7.229336666932297817e-01
5.323109191563142328e-01
-2.671072125973503741e-01
2.895605581582860744e-02
2.603135018182523019e-01
-6.475477029600309464e-01
-2.521250027197967647e-01
-8.361365878581172861e-01
7.695940114832098278e-01
2.978301682932882333e-01
2.399275719585618472e-01
-7.842323444349594830e-01
6.326692491390033535e-01
-3.696621275403961793e-01
7.586517480881280751e-01
-8.798095037199289425e-01
-9.778074673285575003e-02
9.403802483445100613e-02
4.288430436310037841e-01
6.939706839151520423e-01
1.019368304805139402e-01
8.238681641168181802e-01
-8.667792754951411105e-01
1.391295400086864920e-01
4.548519356984459527e-01
-8.174162533131552610e-01
-9.273905530691279875e-01
-5.095781444329479104e-01
-5.613621803442816471e-01
-1.099622481725603951e-01
-3.067574237455406028e-02
-5.896361131178888826e-01
-5.437325186987740366e-01
-2.137612675197466672e-01
-6.510307650449576045e-02
-7.002263702742130835e-01
-7.329157973469113685e-03
7.144450431859947770e-01
-9.950956610457690754e-01
9.726665275508572517e-01
-8.590308425848773854e-01
-5.426461351592537508e-01
1.794438569412841744e-01
4.601956286582629119e-01
-3.730034160578421520e-02
5.112117167710565901e-01
-8.916080133541515185e-01
8.744507550388762596e-01
-1.257378628590888336e-01
4.644672271071659253e-01
-3.247682690956874563e-01
-7.587396655619866870e-01
1.232740549755515502e-01
8.476968980790551278e-01
-8.523665562353017755e-01
-9.995731911840968209e-01
-3.095936645080004102e-01
6.515614912738378894e-01
9.141368530072162546e-01
8.094484596706652546e-02
-8.745872990267773428e-01
-1.179428081208164780e-01
1.845992372331388687e-01
-1.393596128758811670e-01
8.487396313326278641e-01
9.493462940587624743e-01
7.034831239773862155e-01
-2.154471224960263775e-01
-2.698661639819326385e-01
8.222834320515490791e-01
-9.344714428485321189e-01
-9.580051665189810439e-01
4.477790814900961536e-02
4.743770265555109500e-01
-6.940397131429536515e-01
-7.972192430829745380e-01
-1.405180950011242214e-01
5.942260036125956990e-01
1.748205389355139694e-01
3.378618641544055556e-01
-8.632963982988735019e-01
3.417891195877111876e-01
6.156940601560489945e-01
-8.475146514232305694e-01
2.505243592620898241e-01
