-7.755229974698740758e-01
-9.478643718836627929e-01
-1.615586715329122569e-01
5.810343243461715268e-01
2.261213263305990040e-01
-9.864013499091586201e-01
6.296344143945291627e-01
6.628066632549267645e-01
8.902092863169546177e-01
-5.066399669320456045e-01
6.962776520277600412e-01
-3.311899590125109150e-01
-6.521158890131442121e-01
-7.231426770743087928e-02
6.103166104120503199e-01
-7.630450048453283340e-01
9.334214932190838532e-01
-3.160673814809926707e-01
7.465809533873390968e-01
-5.109315494071957620e-01
-7.023479474553040447e-02
-8.474626792355415272e-01
-6.886379238373867562e-01
7.241947680812343968e-01
6.952345025052752980e-01
-6.276216245371890601e-01
-7.034823226594673073e-01
-3.678661395175721882e-01
5.860819671887604887e-01
-6.019900329099152625e-01
-3.642134973753923255e-01
