-6.924063288786417303e-01
7.464445429811839006e-01
-7.480348733360351332e-01
5.336315949318348739e-01
-9.447738124778723989e-01
8.373859508924645922e-01
-4.958685035772389949e-01
2.924536703120124148e-01
-2.616536823294142167e-01
8.788709393929317049e-01
3.145709321723912932e-01
8.032274424292393800e-01
3.028712335262362387e-02
-7.660478624370072875e-01
4.500841733638853981e-01
2.159759658167004215e-01
3.367078283872610989e-01
-8.624886733355507928e-02
-5.227534461220486595e-01
6.622292559205724682e-01
-8.882240988623759659e-01
7.946221788043295042e-02
-5.441118133603251028e-01
-9.668197709212551505e-01
-8.303485821763880725e-01
-7.379845164629543763e-01
-7.002455291508242752e-01
-4.973260985036165316e-02
8.996847304977846349e-01
4.091794562185424589e-02
6.879117678373170008e-01
8.644072878813597871e-01
-6.406212158313133731e-01
-4.463606970435440857e-01
-7.126121468279098536e-01
1.468952990881204901e-01
-8.687800242461547473e-01
-6.689038350345462014e-01
-3.055557996845028601e-01
7.368576896312650781e-02
8.639740231779398094e-01
-4.984916733984245951e-01
-6.515436792423088264e-01
2.412052513012503674e-01
7.819844785780196705e-01
4.929602743049572577e-01
-2.668520605843232030e-01
-1.980895916660139200e-01
-3.811061911175128714e-02
-2.999166301329139195e-01
2.505681080826427376e-02
-2.163107197197848830e-01
4.877456210093422673e-01
-3.188648861897687148e-01
7.561924378214368581e-01
6.895038315116044370e-01
2.510813850637063638e-01
-1.805600460068026436e-01
5.863210544331292073e-01
-6.422822788569000352e-01
-4.171212124114900277e-01
6.343539544340166536e-01
7.669047702319762294e-01
5.736765418666085470e-01
-9.385219539898621566e-01
3.403146005496855420e-01
-7.242970145179761232e-01
9.314961575228843937e-01
8.866531369169736720e-01
-8.658234768222345945e-01
8.380871791221131684e-01
-7.723414798920842372e-01
8.944721928791610210e-01
5.990322355613797445e-01
-4.648848944786336812e-01
6.629286393897357854e-01
6.506413739310281663e-01
-3.672975097605883921e-01
7.320657749728447516e-01
1.190768594145883430e-01
-4.737107853370541299e-01
-6.713460734119760520e-01
-7.733868627421307540e-01
4.307498919635477375e-01
8.341396137042969006e-01
-5.127491536047001919e-01
-8.931944322037452810e-01
-4.846538152498547358e-01
-2.077584148227136218e-01
6.041886796000368598e-01
-5.603404799913775935e-01
5.510201431658474647e-01
-8.296248633919511839e-01
-8.834911925295139135e-01
-5.516613299048098717e-01
9.428646416033197308e-01
8.169202763362295450e-01
4.881028383621122124e-01
-1.138087959832456697e-02
4.207143972704787682e-01
-8.135843810632568118e-01
-6.599166531096811728e-01
1.078817208246236614e-01
3.051227829660305702e-01
-2.701747675377583757e-01
8.656975377397706506e-01
-1.506565944857318762e-02
-6.669101562576411624e-01
1.704100017622953711e-01
4.162801733369960733e-01
4.883861116066634533e-01
-5.066893837239985210e-01
-1.681955849818015380e-01
6.282417855287270037e-02
-1.566752852433921372e-01
8.543736004371742521e-01
-7.104661988642759773e-01
6.100769212789358686e-01
-8.936230648806764432e-01
-4.405252692063443831e-01
-5.600264868980251443e-01
2.748462210037638798e-01
4.617328358220220696e-01
5.392894280858586686e-01
-4.566232220173700451e-01
8.059964372058214810e-01
7.920168332490837848e-01
7.085943596284147716e-01
2.677694138548252223e-01
1.883461346171546591e-01
-8.986809224777114746e-01
-1.357763433555860821e-01
8.721708672704984178e-01
9.876907225294846437e-01
8.851987886379224513e-01
4.726607922396528494e-01
8.771777714150834626e-01
7.355288718402985815e-02
-7.457050543391663400e-01
-9.474066431714152081e-01
-3.158408279834497012e-01
9.545119106023214339e-01
1.393544933586732260e-01
6.116201287221922911e-01
-4.112145683936074825e-01
-2.569128015332207138e-01
-3.145976252794617789e-01
1.037834136972231036e-01
7.549080221763924126e-01
-1.297643075981096406e-01
8.525785033973634075e-01
9.734342239657742812e-01
-8.032901158061123148e-02
3.391399597092903395e-01
8.076325665586743252e-01
6.932172202151991591e-01
6.572847332160827172e-01
4.972713984078436233e-02
-8.439542253077245704e-01
-1.953431361645983078e-01
-7.372615199828032040e-01
5.481482122611327501e-01
6.466748478250212706e-01
-6.161437804528868689e-02
-4.605310598924501342e-01
-6.830087920544680724e-01
-7.125964315104649227e-01
5.391090797066329099e-01
3.565930767601861451e-01
-8.531071334927147198e-01
3.326099437679794768e-01
-9.607689509563255292e-01
-6.250471505530315053e-01
5.522446210297473623e-01
-9.368455677313212160e-01
5.882550972181948001e-01
-7.396250937713624296e-01
-8.796495939212602977e-01
3.464028892643562507e-01
6.488774318186452117e-01
-7.900800807455670149e-01
-3.784008084510694925e-01
-7.345717756463669978e-01
2.217049523205127937e-01
4.260068364177265199e-01
-2.452645540173969962e-01
-6.750178482782192013e-01
-4.716327977441681085e-01
2.353597709639589919e-01
-1.565205720848243942e-01
3.395496213340345459e-01
9.515136299556374855e-01
-1.802888021629838189e-01
7.421432719487386365e-01
-2.781919127742558118e-01
8.504820321600004007e-01
3.876468701608688505e-01
-4.426673262237397211e-01
-7.172750244035364098e-02
9.198337621312682177e-01
-8.968513901411645506e-01
8.615220293188856626e-01
6.551167167922300472e-02
-2.753675519686200612e-01
-5.111280118392953487e-01
7.042327899160847338e-01
6.545988487428222591e-01
-6.091480428919979762e-01
-6.681665022419089883e-01
7.362627988386705180e-01
-3.100377898100425966e-02
6.646474040915917314e-02
6.119606672474218190e-01
7.861252749029372655e-01
-6.855430957726655894e-01
-3.989140275688713988e-01
2.505981763726374822e-01
3.253954405731405153e-01
-7.119900765511797402e-01
5.824555034401721620e-01
-6.350191217296736745e-01
-2.607235858621796964e-01
2.336495097685298283e-02
-2.504435227398165154e-01
7.298660062134170179e-01
2.490504927805581303e-02
-9.419942150879507814e-01
-3.344747366013496315e-01
-2.893368188645710770e-01
1.168258640519312941e-01
-8.138757601040358391e-01
7.117971843809058896e-01
-3.610371788689057393e-01
1.315974344005159669e-01
-8.329134890690448323e-01
3.518425758163330475e-01
8.756908681351371904e-01
-4.430127639438588005e-01
-8.111620758333120129e-01
-5.130649594366152311e-01
9.980426222826053184e-01
3.900967768363883259e-02
4.159651617068012008e-01
-1.700523379137233171e-01
6.563601801826897120e-01
9.701516852765603716e-01
-3.663670880417304598e-01
-8.612882935864496492e-01
-4.549587977220157509e-01
1.845682374319854713e-01
4.161572249217928565e-01
8.303134887115410923e-01
-1.708623430095832507e-01
3.709707098869294839e-01
3.681516090177039402e-01
-3.550209115613900401e-01
-1.546828190625391120e-01
6.256751392047814608e-01
-1.820894533305899010e-01
7.106353881969615927e-01
3.662190808406684539e-05
5.991962179591310278e-01
7.939152281493688790e-02
1.531842221560171247e-01
-2.219098178021574608e-01
