
0 57.025145 38.597146 16.347485
1 89.328137 36.319117 19.921444
2 69.996697 42.319197 17.683129
3 63.770008 40.168921 19.199545
4 63.770008 44.116979 18.083532
5 63.770008 42.080245 18.497978
6 75.930173 44.928863 18.595368
7 84.749971 48.414858 17.654241
8 69.669935 41.162054 20.97341
9 73.625996 44.504167 20.156896
10 73.625996 48.078805 19.070793
11 73.625996 48.242169 18.728223
12 70.421589 53.273973 11.851948
13 76.635414 49.141594 16.90885
14 76.591159 49.229328 18.808643
15 68.659723 45.669693 18.953721
16 73.61446 49.719706 17.447542
17 73.61446 51.047072 20.046082
18 77.019836 55.520314 15.692026
19 77.019836 55.873277 16.812837