-7.843400899296557593e-01
7.844001277597878463e-02
8.927617021725622326e-01
-5.987241297865577572e-01
7.040849153049570930e-01
-7.225144271032428733e-01
5.727275868857923946e-01
4.947923611014073408e-01
-6.185738095503952039e-01
-5.321396520302985600e-01
-2.532215045114456498e-01
-5.382399796767640687e-01
-4.275789226789437070e-01
3.552008304828313534e-02
-7.953810397216529715e-01
5.457101306030986976e-02
-9.476618105255540936e-01
-5.218953119969393928e-01
8.933080570907587781e-01
-8.939352726671985216e-01
3.717899098987114126e-01
-5.810257130056752928e-01
-4.601632479836479384e-01
9.757839240524568414e-01
8.853591352705931783e-01
5.133004701185137630e-01
9.194400194162697382e-01
-9.789549875102692145e-01
-1.943389154983783396e-01
7.122082864771772659e-01
-3.875230667348574798e-01
-2.665725153200815267e-01
5.432239760609289814e-01
-1.925690928017018688e-01
3.508485310455662365e-01
-8.814723540631204113e-01
2.846710344932650294e-01
-4.738660210290241981e-01
2.596502781457525888e-01
-7.976366713742286674e-01
-8.510384146829366170e-01
-2.022364007957291321e-01
-5.793255159826491418e-01
1.672544405622615749e-01
6.044650530243436126e-01
3.961368010882726498e-01
3.746742748559357405e-01
-8.397408184639163498e-01
4.414115385124040003e-01
-5.805976881871388606e-01
4.703120816991011033e-01
5.916108669382016405e-01
-2.869210314377359516e-01
-5.940660688419339142e-01
8.286676999591671144e-01
5.140710102659813430e-01
-1.557474308908914917e-01
1.377267062266580577e-01
8.809867779049496139e-01
-5.942299796433927472e-01
-2.979998398786665170e-01
9.816975516818993164e-02
-3.402308405044509598e-01
4.174201576986273921e-01
-7.529543426038904919e-01
-8.973502607816248311e-01
-4.031566940207931271e-01
-7.650188342032944178e-01
2.043315242343595184e-01
2.905732182679974240e-01
7.359819468867814241e-01
6.243673281415456078e-01
-1.578810932192342698e-02
-3.445301021388658125e-01
-6.896719854543649220e-01
-9.343202796712006819e-01
1.493009230897850426e-01
7.640415435666074728e-01
-6.270520489723112600e-01
-7.420186332151557096e-02
3.368756592822113038e-01
9.404867825657201585e-01
4.837940735150936256e-02
-3.207739053401437168e-02
-2.261119975169409990e-01
-4.494996861663622667e-01
8.558391811290666507e-01
3.962828494554968550e-01
6.861703041900737432e-01
3.686821963932032098e-01
7.998669413330201650e-01
-5.904655157742499938e-01
-9.508762282158540469e-01
7.684438298346001339e-01
-8.649895579411239765e-01
-5.275824560907296235e-01
-8.050760379008425893e-01
-8.516749991813414855e-01
-2.475494378727001177e-01
8.697012295909227753e-01
-9.222401869770762151e-01
5.388414400350978184e-01
9.979908553452132569e-01
9.333013021459550806e-01
8.841048544714571467e-01
-6.710004265129643208e-02
7.479542193680299711e-01
2.060101816850081757e-01
8.005781047003062145e-01
-4.780269664356731063e-01
4.411565059596185279e-01
-5.929917230214152291e-01
2.878637324620783033e-01
-3.767681973159522357e-01
-8.564228637740698424e-01
-9.716797717497944742e-01
5.176939486652840650e-01
-6.212326085755850436e-01
-4.290042604916879387e-01
-2.524876186627440511e-01
-2.310772496177484481e-01
6.453311868959223929e-01
9.811913485534902168e-01
-2.928532930631948528e-01
-1.312457730054710225e-01
2.550929280518083875e-01
6.462494165204244467e-01
7.913581065440495887e-01
3.024941904471538656e-01
-2.721662139085778698e-02
-5.243673372418471423e-01
5.530166127035149870e-01
-7.887613217274223043e-01
-4.731597800927513919e-01
-6.676017517002126311e-01
-2.390730519838601964e-02
5.257509091259815470e-02
-6.379414011611119761e-01
-5.835509871089323841e-01
-7.704744435978148065e-01
-7.311466404819089160e-01
8.035928214920109447e-01
-7.901907274916553092e-02
-1.643649317246504982e-01
7.748279486319542553e-01
-1.186086783353728080e-01
9.772363725637989162e-01
7.998728946561972641e-01
8.785322309475638303e-01
8.635449609782195335e-01
-1.155921192147562060e-01
-8.867164055296046232e-01
-5.768191471633632439e-02
4.625960495092480418e-01
7.503651491683971386e-03
-7.896314567376170324e-01
5.697691043395434196e-01
-4.660145298432361027e-01
8.314979148957002408e-02
-5.760315560668176627e-01
1.961246565226100191e-01
-9.350671849025180560e-01
3.188266611325216715e-01
5.883682185057306224e-01
6.474464725517405927e-01
-3.412089470844481554e-01
2.760781468402928596e-02
5.662446184194405152e-01
3.932174753742871953e-01
6.681845120063316656e-01
-9.992795344318810002e-01
-3.300224174038572933e-01
-7.805459058553736451e-01
-5.694914350580237983e-01
-6.046154285797291639e-01
-4.180992720347411762e-01
-6.375138559348181300e-01
-5.729512745479576896e-01
-7.994021449145918279e-01
-4.812255461391925504e-01
-7.280059013376969368e-01
-5.842602418110254270e-02
5.030190865649040166e-01
-6.884001845177405432e-01
-1.402238404136251226e-01
6.727953618480642106e-01
-7.944445767459780150e-01
3.221004878868272137e-01
8.163046835657854494e-01
-5.399870218287574630e-01
1.152652714625526098e-01
-5.220859510692115180e-01
7.665815878350028534e-01
-8.039823124229732443e-01
-9.634029441814260242e-01
3.562128421153600843e-01
9.991311782790956997e-01
9.657197446811298658e-01
6.106849506529121729e-01
-6.637504284376842811e-01
-7.464727203448779935e-01
-9.118389299439824125e-01
1.847175536978253874e-01
4.626510380378752174e-01
-4.425499100920797790e-01
4.970603863236389142e-01
-4.872148984897857193e-01
1.301538020375487825e-01
6.166759379300112975e-02
2.141140499327121027e-01
-8.015171281315840446e-01
1.618795498413032607e-01
4.781015533949661833e-01
8.120093420328293732e-01
4.779298302540579968e-02
-8.592870540723918094e-01
-6.763458415071097463e-01
-4.589209012055111003e-01
2.126878962697857922e-01
2.723183609356201185e-01
1.529280369292040920e-01
-8.599215873885748262e-01
3.081519816115818600e-03
-9.964586931238643697e-01
8.502153544158623788e-01
-1.991262184650510747e-01
-7.944276897508233404e-01
8.661768768758928427e-01
2.043248621101942941e-01
9.690350836988836924e-02
3.964613598220723123e-01
7.954167404367253891e-01
-9.493033955609333496e-01
9.542137737429448041e-01
3.023942478667493994e-01
-8.289765545623928311e-02
-5.067756268059562252e-01
9.706253543490503954e-01
-1.968190940572913661e-01
3.805867082704967874e-01
-4.246174153412369812e-01
-8.885804769577216877e-01
1.515066627821144429e-01
5.450527502591715479e-01
7.814362729926491724e-01
-7.881871005241403161e-02
-4.278113509548255866e-01
1.361739609991516886e-01
2.906011366389178452e-01
2.075317995792891335e-01
3.571784633383612295e-01
9.933660378376130140e-01
-5.232916313613258374e-01
-3.628542047019027716e-01
-3.700363025921098448e-01
6.136077520408025343e-01
5.042314419034619188e-01
-5.077782103877992448e-01
3.022784497304440432e-01
-4.741396001570794549e-01
-1.043439398034751164e-01
2.994286713440090786e-01
2.011541027933478887e-01
4.242453799053857999e-01
-2.903765110126137472e-01
