
0 61.711146 23.828259 18.68428
1 61.91106 36.258611 16.866671
2 62.381077 47.221616 15.26545
3 62.194967 49.071355 18.327041
4 62.194967 56.663616 12.182603
5 62.394196 60.014447 9.349447
6 81.255569 56.625947 15.052902
7 81.255569 60.657583 10.446097
8 81.255569 62.580119 6.517528
9 84.070766 63.676987 12.770538
10 84.052624 65.666775 13.432084
11 84.052624 63.73666 22.048464
12 84.052624 71.948991 9.849429
13 84.63951 69.628373 19.470307
14 84.63951 70.695529 15.795264
15 84.63951 74.531121 12.981117
16 84.63951 73.43583 15.241598
17 84.63951 78.521149 8.137458
18 84.63951 78.238074 13.555791
19 84.63951 74.607089 10.445946