6.039557105986219643e-01
4.626040543295020235e-01
2.153074539473918136e-01
-2.759454824509519622e-01
8.664292994636539902e-01
5.910137693327568442e-01
-3.657529503596146370e-01
-8.205435724668472819e-01
1.198583263736958671e-01
3.914421746095857468e-01
-3.233079818194297683e-01
8.645430692344742152e-01
7.788506046389276349e-01
-1.372037198768483179e-02
9.436453885159861166e-01
4.563833961750887180e-01
-6.933582429866260721e-01
-7.109459917441540711e-02
-6.527171653637986459e-01
-9.501212259684819195e-01
6.591193178656780116e-01
-2.733604309760886419e-01
4.701379404752599189e-01
6.784550242939433318e-01
-8.205973150202665600e-01
1.267040370803498295e-01
-6.252589260703595997e-01
-4.301959091081752895e-01
1.914332311471158565e-01
7.159953071340423580e-01
-5.153806457058409674e-01
6.707734213609775065e-01
6.105203055828176684e-01
-6.983354232200111866e-02
8.255632638641345888e-01
-9.909943542954107176e-01
1.405419562388445787e-01
-2.901838895403201501e-01
5.227772874350384846e-01
-1.394203209839148805e-01
2.805815464188829989e-01
9.054073265666355841e-01
-7.813276949080267819e-01
6.020743004751145655e-01
-8.389011343672485577e-01
9.836278403993170549e-02
-7.422782712620146217e-01
-1.812543991145969535e-01
5.225581375606678236e-01
3.070840818673963302e-01
8.776602252060667908e-01
2.833812153116515020e-01
-5.134945142928746264e-01
7.042863569422899150e-01
-9.042438565574859588e-01
-7.471416748214674275e-01
-8.063703450946535511e-01
-1.704037056182114984e-01
2.628660624183440930e-01
-3.343170405446889148e-01
2.427342875563498481e-02
-9.030286924647630276e-01
7.742449153760526670e-01
8.903130997562707094e-01
5.177848136134728385e-01
7.463071227181441447e-01
9.041269924835226846e-02
7.095680958192069898e-01
-3.448578457708586509e-01
-1.546538076287100605e-01
-2.689435445952497172e-01
1.217087365229860829e-01
-7.939762114556587758e-01
4.365071321018283435e-01
8.331524412751649677e-01
2.307701520425309294e-01
-6.730323602563939023e-01
-2.071175104442213311e-03
-8.703081153478102738e-01
-3.433968539823355481e-01
-9.148154813458084789e-01
-6.201620354368200250e-01
2.094389874567321730e-01
-2.849875592527539858e-01
1.866205424973532701e-02
-9.815498094141796859e-01
2.169094009550185387e-01
7.558261969529063151e-01
5.730582479545691665e-01
-4.984908446875431220e-01
-5.757105741298533808e-01
8.280799824742224313e-01
-3.046988147476634712e-01
9.966672118724386742e-01
-7.137837110310278899e-01
-7.328800830785138221e-01
-4.272494997264422167e-01
2.481868870116650250e-01
-1.579328424706298861e-01
-6.830785433416302066e-01
3.671932656959384644e-01
-7.456935049391342218e-01
-7.277165861040968409e-01
-1.804126085970005899e-01
-4.221966175340803318e-01
7.946198296019217899e-01
-1.108312885169639994e-01
5.017291390506533055e-01
-4.403304593689585378e-01
-6.585258687624533369e-01
-9.109374734970621112e-02
9.023084015469799990e-01
-6.602084948270563469e-01
3.257937985696908179e-01
-9.925320827767343257e-01
-9.242290912454720342e-01
-6.921387258598592496e-01
7.573457137010985996e-01
-1.342680219785901130e-01
7.930575356414237831e-01
1.882281147199040827e-01
6.848802058311882490e-01
3.341269455036459668e-01
5.274124436707716690e-01
-6.635408563018854178e-01
8.116377594560162390e-01
4.844440293306730982e-01
-3.292272883007647533e-01
-4.933977089556698115e-01
-8.067413238252831853e-01
-8.307854600557946778e-01
3.454490436619521709e-01
-1.690512590991488651e-02
4.537352450229681367e-02
-7.142242913679759386e-01
-7.034050690945843343e-01
-2.399360946903117409e-02
-7.860343323483651723e-01
-5.985395140757592269e-01
-1.497302660770380989e-01
3.172097300184564261e-01
-2.203147788779165062e-01
-9.189952649041135402e-01
8.285679576826097126e-01
-1.780387763589730277e-01
3.229669601907247944e-01
-1.116437604677751327e-01
7.358513465351674832e-01
9.804975214439333175e-01
7.017122824945976056e-01
-6.289821054755300178e-01
-8.317138801695600492e-02
8.313874515619756878e-02
4.042732810133935484e-01
2.916542194163929125e-03
5.167650256898861372e-01
-4.703729734794532824e-01
-1.259709592918218934e-01
-1.164171424802982191e-01
9.628536763447665958e-01
5.866378185757319397e-01
7.439883061701779710e-02
-6.630134558532232436e-01
-3.050606404987354914e-02
-4.199040464977874532e-01
8.740181243111864173e-01
-2.822869522139481724e-01
-5.229227377971672475e-01
6.196771406179217845e-01
-9.520670899839840384e-01
3.345704877779056563e-01
1.098839252489640650e-01
7.658672490175248981e-01
-4.387309916716968239e-01
-1.145877802112333921e-01
-2.324732204439312611e-01
8.004832338011302895e-02
9.989037575698984650e-01
-4.326644640278816123e-01
-6.624479511036331925e-01
-3.557602814594489349e-01
3.343475773790827166e-01
-7.694190397245859181e-02
8.591276544365831214e-01
5.335648397417089850e-01
-4.154251933595261015e-01
3.553340462959948542e-01
-6.600855267095817602e-02
-8.963059177524337340e-01
6.844498471137103746e-01
9.104253866747535895e-02
7.555519526297345134e-01
5.253521365160556122e-01
2.301985817266567480e-01
-5.252536625275781024e-01
-9.989550044539226015e-01
8.099238866328974940e-01
7.598179994333966736e-01
5.452449699590895538e-01
-2.514676394651187419e-01
6.256308291740679817e-01
-4.107810671434475314e-01
-4.164752528170716506e-01
4.236703081493047307e-01
7.166778009440140096e-01
-6.187987436880726388e-01
6.034630171232600038e-01
-5.450660847322084113e-01
1.624264003610198515e-01
8.225236194588991800e-01
3.563316785980930046e-01
1.207584827083998391e-01
6.202560563978991581e-01
7.172112905916527836e-01
3.749299421117260334e-01
-3.079248822323674695e-01
-6.846019085689198924e-01
4.932396734792694470e-01
-3.384185208048284821e-02
-7.425437157839360758e-01
8.858180466529641528e-02
7.997690863374962156e-02
8.520000379494263587e-01
9.847312894494830715e-02
8.085151647154449339e-01
-1.300014323571367925e-01
-6.629222081771717345e-01
-5.895292695685205864e-01
2.145449947892079656e-01
-8.101859890202796066e-01
-6.839860635849008830e-01
9.033460035791593956e-01
-2.266216551489343978e-01
-5.434385135507819875e-01
1.454716430029363572e-01
-2.810375932027702195e-01
3.324502967820648358e-01
2.800613830155742612e-01
-7.518327443727570447e-01
-1.544950307806984835e-01
8.828830984824664885e-01
-4.964478921608872497e-02
3.677922715133461473e-01
1.145364588867279210e-01
-1.566341593522708742e-01
6.886662891967634259e-01
-3.758316304075624004e-01
-6.790878996817100166e-01
4.916954295081661375e-01
5.288591072107675650e-01
-4.436955135877977963e-01
4.660846399529172679e-02
8.587599269765593402e-01
-3.076170920981438073e-01
-3.842875981209308289e-01
-1.023477107372472439e-01
-2.184285504654503995e-01
-2.857994290445109442e-02
2.891750640237003012e-01
4.200308006709234654e-01
9.242674082389468193e-01
-1.732429557953876209e-01
5.232786751484339582e-01
7.303771378254473312e-01
-1.781707182561504954e-01
