9.781444547181317173e-01
5.565943890966229546e-02
-1.305390987237420308e-01
-2.310440602628356377e-01
8.813211423808453571e-01
-9.653060196921821046e-01
-5.034287745763803557e-01
3.127283467242572002e-01
4.688771747853013316e-01
3.878772271772368274e-01
-9.255739756514862471e-01
2.724821720281311865e-01
-9.427054231897968872e-01
8.213399943223231858e-03
-2.003696373627104066e-01
-4.345714842443151316e-01
-4.514746247902645671e-01
-6.466587871598847848e-01
-5.301955559428703779e-01
8.901733118113874799e-01
4.509111837254484723e-01
-9.780004616484121449e-01
-3.655223790903940895e-01
7.687845270958451049e-01
2.542188641653577719e-01
-8.776498453740422256e-02
3.405017362238595968e-01
3.304211361354048027e-01
2.639140924559739698e-01
-7.924229970763669861e-01
-6.562253347895263822e-01
