-2.380874578937571262e-01
-2.358313570733285569e-01
-7.080646870816786898e-02
-1.335886527207404972e-01
-6.793294943272016884e-01
-3.958303383916565443e-01
-3.143308976973007707e-01
2.587044042954431827e-02
-6.883730086613708554e-01
-2.686755434481314375e-01
-4.499970748171541746e-01
8.308277162388659487e-02
-1.055098834569355715e-01
4.730268856039534370e-02
3.751975220086973817e-01
-7.622511180212183657e-01
-9.792350215627552146e-01
-1.895864235246427221e+00
1.884937046733053401e-01
5.640477206112390340e-02
1.179709799443702245e+00
-1.325696677170882520e-01
-1.554760935166053515e-01
-6.766860830240399860e-01
4.380319936775363132e-01
-4.288013028470338828e-01
-6.079195499062552965e-01
4.620014694114351061e-01
5.706233025013850435e-01
8.141925048393225950e-01
-1.154461476204292208e-01
2.999006172131616910e-01
-1.683649983350658519e-01
-1.051206542555017887e+00
7.139878978217298888e-01
4.720908055154374727e-01
1.037071135727595239e+00
-2.626019378695171880e-01
2.746003080699546683e-01
-1.801512763703048414e-01
-2.922792068523025755e-01
1.244140035195377691e-02
-3.606991038969754593e-01
-7.977637180654721938e-01
-4.753691046845619494e-01
-2.989233691676619342e-01
-1.734240254973090090e-01
-4.161613120527370979e-01
-6.003047006099370142e-01
-4.040019238858977291e-01
-5.613726583259025515e-01
-1.064798192978924085e+00
4.439884812059357033e-01
5.227643037304119389e-02
-8.860750287286041083e-01
-5.865190802729485231e-01
-1.347752445648246589e+00
-5.231984470983670477e-01
-9.191409945897525136e-01
2.025568237260406690e-01
-5.188852481305104014e-01
1.068776955362351178e+00
-9.799023701437876710e-01
1.139943671110312362e+00
-6.029459960376759575e-01
-3.823067992117318292e-01
1.210195267458329171e+00
3.764513647253792117e-01
4.189041019504065599e-01
-1.005185925774692457e+00
1.054782374990423932e-01
-6.177801943782583738e-01
-4.452219377699879743e-01
3.143690308168739511e-01
6.478049436627806301e-01
7.093983168758351276e-02
1.682895432216700904e+00
-7.234862175933003403e-01
2.009253911763286382e+00
-8.967695215910917450e-02
-3.336637070388055043e-02
4.640247041071852152e-01
7.389563935984252985e-02
2.126367082436911027e-01
-1.101614038584853850e-01
2.003309801458908468e-01
-6.661744873480957008e-01
-1.267544030247682585e+00
3.994622520902431639e-01
7.618126040910723207e-01
6.216983273471382576e-01
1.982348829100634771e-02
-3.963379286359984266e-01
-4.294409296605928850e-01
-1.602690019178707459e+00
-7.938023041593300633e-01
-5.493123694070729535e-01
5.535404138020912079e-02
9.421343009080676567e-02
-5.215053003500977891e-01
1.786180128843795900e-01
5.586162036938607800e-02
5.054100251168796021e-01
7.810694357919226172e-02
8.564303540571344131e-01
8.512863905454606805e-02
-5.247086162070069282e-01
-4.008664315806508838e-01
-4.908549104979194055e-01
2.872488537864111707e-02
-1.695617717350865472e-01
-9.709995869231764498e-01
4.201084057539008487e-01
2.981763953267486111e-01
5.637767892283488402e-01
-5.071389354931674642e-01
-1.691849470817920892e-02
5.437189139002479576e-01
-1.175876227668274820e+00
-5.112785146069042108e-01
7.876803752754715227e-01
4.261920679446352112e-01
-1.893141981841868493e-01
-7.228360898891152964e-01
3.104357013474001170e-01
-8.506356915918810158e-01
3.239574642378311164e-01
1.793129403363803998e-01
1.173884312037710487e+00
1.869047872686826761e-01
-1.960464504342691178e-02
3.819364185981953819e-01
1.894556474043077032e-01
1.065024029426952401e+00
6.417003401276386576e-01
-3.447540126797972726e-01
-8.836587181310321393e-01
-1.032281378072327227e+00
-4.888252605096453651e-01
1.699243020339303856e+00
-5.613703055627525806e-01
-2.887682916386772880e-01
-9.104367209900983138e-01
2.032815232240020031e-01
-1.841337260416645139e+00
-1.011089923334184348e+00
-4.490751924159276376e-01
7.657239535661797269e-01
2.445223809975614060e-01
3.038649368633545428e-02
6.841161464094056566e-01
1.257378126955400077e+00
-9.608142466488780453e-01
-3.532977302586321477e-01
1.735066285710220590e+00
-2.689379341098714349e-01
-4.205794448403437080e-01
9.427075575553003906e-02
5.395988331685170891e-01
-4.211827670811946756e-01
5.212545792743802364e-01
8.291023714394178956e-01
-4.481167472686323761e-01
-1.511740784873140120e-01
1.598834368807762640e+00
-8.952001322585021459e-01
-5.946728196750967754e-01
1.487037598793338744e-01
-1.576148523751123576e-01
5.305660662148929951e-01
-4.513462186060854808e-01
2.066919864025713593e-01
-8.247180480681448600e-01
-6.329243899365835091e-01
-1.969851486079955638e+00
2.425169933200552186e-02
9.169412746193352781e-01
-4.339166413149270207e-01
-1.171539921561375097e+00
7.708952703158615805e-01
1.984772454258144081e-01
2.267288936222773277e-01
-9.128057751951930143e-01
-5.842451693104089294e-01
5.514879948033797608e-02
-1.007843556108493521e+00
-2.809556853134008714e-01
-3.170560813050965487e-01
-3.863396114813544280e-01
-1.861223577975911869e+00
-5.277923817819817343e-01
1.122408570602569655e-01
1.421447900861037006e-01
1.541488456378897580e-02
-5.112890490665952248e-01
-2.963394707343149359e-01
6.435979534632166321e-02
6.542392069319760139e-01
-9.344441025088801034e-01
5.173752050420100668e-01
4.912042623924500750e-02
9.239762753785962790e-01
1.331367007591728102e+00
6.498963915221904752e-01
-5.132258528474681336e-01
3.002177986963433520e-01
1.021696495922381098e+00
1.413567917196633383e-01
-1.112482045949744758e-01
-1.542656593689408218e-01
-2.874060010426533474e-01
3.586741139083510777e-01
9.261945326115283983e-01
4.941301698080819982e-01
3.942673027567460964e-01
4.245747117138226612e-02
8.653537358652640954e-02
3.509030752743464987e-01
4.526140949083586884e-01
1.223052847357042339e+00
7.327280102421047658e-01
1.718144903501305221e-01
8.414181965484719417e-01
-7.272321216443059511e-01
-1.148800537974198760e-01
-2.645639004114975767e-01
3.023822028752401470e-01
-1.891029910622600008e-01
-2.519170398229865770e-01
7.671514725698387327e-01
-3.318518979241148470e-01
-5.088772171707821590e-01
3.483305482839225142e-01
-2.055189095440379532e+00
-1.480312168876841694e+00
1.761719355796385056e-01
-7.383068007336822669e-01
-1.562602635770023563e+00
9.222268374904268873e-01
1.038904681749248660e+00
5.698778503029475750e-01
1.747186540357149043e-01
3.269907736113740748e-01
5.303679748295335727e-01
5.005683121342683339e-01
-1.271572174874258776e+00
-3.299924151290853369e-01
-4.623060131899910941e-01
1.503239922602204626e+00
-2.785971722578036713e-01
-1.311397549745531244e+00
-1.100802435246663880e+00
-3.427474333340150281e-01
7.568546124980339851e-01
4.375743611877799255e-01
1.609943544363956203e-01
1.071228074518682405e+00
3.194047875718087903e-01
-4.432286440497478219e-01
-1.271486632374145276e-01
-3.245382450284127196e-01
-7.739279886647740803e-01
-9.110273321636715993e-01
3.256418261674520753e-01
2.862614115999023712e-01
