
0 65.096406 13.84603 20.588819
1 61.585745 18.011512 20.748473
2 61.585745 26.933528 19.518907
3 61.585745 34.700064 20.75629
4 61.602941 43.170629 20.076955
5 68.990334 49.844455 18.544716
6 68.990334 52.127411 19.457
7 68.990334 54.905269 15.255592
8 68.990334 56.310175 16.975033
9 68.990334 60.646526 11.100426
10 68.990334 57.930263 15.871657
11 68.990334 53.390938 20.724427
12 68.990334 63.149743 3.717195
13 68.990334 50.978016 24.382206
14 79.143934 54.85323 18.9035
15 79.143934 57.373963 16.925928
16 79.143934 56.75113 17.132844
17 79.143934 63.961445 10.43969
18 79.143934 60.454928 16.235733
19 79.855133 48.497838 27.009784