-1.267238758869049242e-01
-7.056494031827245106e-01
-9.795060053447279813e-01
-2.365153636990775521e-01
-3.897497911487635136e-01
-3.002232018277810610e-01
-8.044340050384590768e-02
-7.314970912819629412e-02
3.710637976979391794e-02
7.445650343046421593e-01
-8.113951096548066566e-02
-9.065553414431279933e-01
5.099016661501860614e-01
-1.043077059478072499e-01
-6.539507022904060829e-01
-2.250098879899864457e-01
-9.843094821608042722e-01
5.580966548486676615e-01
1.960049886147974263e-02
-2.519494108306146174e-01
-9.299689681427369958e-01
7.188306950521810013e-01
5.354936668278307277e-01
2.852295800076687371e-02
-1.859457861809468149e-01
1.819024578304551110e-01
9.112367892576633821e-02
-4.224711905626044040e-01
9.098457764223144562e-01
9.506282986811658287e-01
-8.213900264747215907e-01
-1.440501717612798771e-01
9.090911468508133808e-01
-9.738869655925723734e-01
-3.468827720406799653e-01
-1.963599916025871028e-01
3.104049384070892703e-01
9.970526744319467838e-01
5.143796377940306197e-01
9.761637401595795183e-01
6.889679340290266740e-01
-4.959374197773827042e-01
5.142726962670149948e-01
-4.674411401795974808e-01
7.542466867918178330e-01
-1.128468306960384027e-02
-2.153421619459880976e-01
2.647329159916360641e-01
-1.090961231210696436e-01
7.664219180844102919e-01
3.280989202921806847e-01
-6.635189197633528657e-02
5.069560525578293841e-01
-2.339936930483978994e-01
-7.075202829891529266e-01
3.048289126375343105e-01
4.217576312615642919e-01
-2.715156704691257250e-01
-6.356277206639657784e-01
-4.290105350164168385e-01
-6.585474074979922321e-01
3.212471686582909491e-01
-6.333768923243998650e-02
-4.745415221798354732e-01
3.757108088838223559e-02
7.408853921652145402e-01
1.107003724124777655e-01
-9.010134255607507026e-01
-3.492198881816097611e-01
1.507359085112289776e-01
2.252751693592260906e-01
7.926137851339196683e-01
2.993119818979397273e-01
4.197620946648537021e-01
9.195998987199525132e-01
5.871029816170141302e-01
7.172336677739463706e-01
-5.807229620744220888e-01
1.688013862631889683e-01
-3.592105833232503986e-01
7.299456470743255210e-01
-3.304170287523136018e-01
-4.476443471885349634e-01
5.862200703649946831e-01
-3.912545574189802977e-01
8.683381152710825113e-01
6.306505193960516564e-01
-7.899420449309242365e-01
1.569526706450254938e-01
1.248726533280837270e-01
6.644653770256754299e-01
-3.474872630107446181e-01
9.474667825763047890e-01
6.684274939498093815e-01
-4.115917823142751786e-01
2.917886921482391038e-01
2.602592335349804831e-01
6.988878353906879948e-01
-1.669751266528445299e-01
6.245491826422016057e-01
9.731045331925343156e-01
-6.321511918521063311e-01
4.346453052987480081e-01
2.410829665861780047e-01
5.483586103829027891e-01
9.033389576722292702e-01
-9.642685419501484390e-02
9.906251299980264324e-01
6.080940782312864723e-01
-9.558608427708552568e-01
-9.880899654080292915e-01
-6.737067444835145302e-01
-7.054673123223675901e-02
-7.875861089765436862e-01
3.615324690462222712e-01
6.933580588446148774e-01
-3.630249664920168762e-01
-7.425125285070393044e-01
4.450131231530374265e-03
-8.763198104758751494e-01
7.017949389852347064e-01
8.901435112114555182e-01
2.358335805073077385e-01
2.766502335357898801e-01
-3.218991243523476875e-01
9.645932271876112019e-02
-4.535873656501920870e-02
-5.747907878532758641e-01
1.707731311358928750e-01
9.355288237102026283e-01
-7.134388420898303274e-01
-9.448788879391563089e-01
8.477929529211825077e-01
-6.709483108652505301e-01
-7.565215156246789530e-01
-2.922382321570513586e-01
-9.383678350478539265e-01
-7.927902508635307210e-01
2.224290604482979106e-01
3.193887739606895426e-01
5.165494265577084132e-01
9.626149133125787571e-01
5.301215325600789896e-01
-2.899450523275877156e-01
-8.060896620072002250e-01
7.000962239163668333e-01
9.457187533161210968e-01
1.384234131592119166e-01
-7.947990128981332614e-01
8.021113804685735538e-01
-9.727661117866674978e-01
-9.877261815804179168e-01
-8.734132182496481267e-01
-9.655609357614285404e-01
-2.648335718853982446e-01
8.794831261603113237e-01
-4.159631946881805487e-01
-4.787685294422410198e-01
-4.971985913441947513e-01
3.464979509806918045e-01
9.449393669774106552e-01
1.491277552437293430e-01
-4.954603515027007354e-01
9.544933726136690666e-01
-8.951837551985295516e-01
-8.672059409243657591e-01
3.473748240372114271e-01
-8.722397725388211231e-01
-1.894746990814843990e-01
-9.955233641085154961e-01
7.841468618179885386e-01
8.764715558158173714e-01
3.989234610163228112e-02
3.428501193310375950e-01
1.906508150326995388e-01
-4.009781674101211557e-01
4.286154858197765982e-01
2.131801331934699562e-01
2.659712496134969406e-01
-4.605772361545716898e-01
4.436633154977323024e-01
-4.751297775187266481e-01
-8.325967620118044366e-01
9.112286515721685909e-01
6.839319824804885872e-01
2.312063030987607792e-01
1.788766071990843809e-01
-7.894596119480901120e-01
7.406245892187053315e-01
-3.016764963925830934e-01
3.633144249704842732e-01
5.045591154940116674e-01
-4.556068608651384633e-01
-7.969386521931582923e-01
3.078366579197084896e-01
5.434221312648708224e-01
-1.214971611568482768e-01
7.868090263465299383e-01
-9.540833995147939284e-01
-6.490268975342785573e-01
-5.851322146929842649e-01
2.746789199373609325e-01
-4.942678437363783317e-01
-7.593933720337631144e-01
-1.228323315905379687e-01
-5.935681876150418201e-01
6.215380568045543175e-01
-2.116887174890411671e-01
-1.124080236643976161e-01
-1.106426392417929616e-01
-9.422307786276984398e-01
8.511819785160690266e-02
4.586749985511642258e-01
-1.320617202451610517e-01
1.324444923013847752e-01
-6.677638858267092026e-01
5.656352115086908938e-01
5.445375629925974792e-02
7.364479445479970021e-01
5.614768225126274270e-01
-6.045563384044996269e-01
8.769147150672493840e-01
-3.121982465781989458e-01
8.515571078878392264e-01
8.346008622175646874e-01
-4.646675226763683497e-01
-8.212885993185303768e-01
-9.622664837925856141e-01
-7.139997063745153749e-01
1.663037732237218069e-01
7.611626956165367108e-01
-3.820145306349043146e-01
6.020536365491784281e-01
-7.879358837361716272e-01
-3.713152885137520620e-01
1.736803422380974737e-01
-6.477402878150180232e-01
1.331738330318663621e-01
-6.550689769224748993e-02
-1.501304723894865134e-01
-4.524155789207011669e-01
4.975860768390962807e-01
1.014311900987061588e-01
9.749697698334029994e-01
5.061259062273613107e-01
2.063453504801411320e-01
-5.669812529359343767e-01
9.694069718738351771e-01
9.755068090158329763e-01
-4.439612017127902988e-02
8.144692905208725797e-01
-6.394049882842685051e-01
-8.610129556231256309e-01
-4.882374527263011466e-02
-9.819144745331063184e-01
9.093145212030220303e-01
-8.279230390181602228e-01
-3.812261645675585342e-01
-2.552362306300803851e-01
-7.036587934726328264e-01
-6.649648867811386310e-03
-2.180990614752220669e-01
-6.145535913984683241e-01
-3.849861110534935627e-01
8.670860013323600235e-02
