-4.360405657718675609e-01
-7.600807740414172731e-01
6.839679749294578226e-01
-4.897821872507921448e-01
3.253932349264265778e-01
-7.088596481730220500e-01
-4.462718958317903883e-01
5.895030569193941972e-01
-5.012150396650734141e-01
3.052698948699881232e-01
4.577454004189633885e-01
3.334791903434235483e-01
-5.822425218155107274e-01
-4.590752912240163575e-01
6.086846486306147774e-01
-6.608332288017053635e-01
-7.708298069540864272e-01
-4.552184955746001460e-01
9.239979704275742556e-01
8.599767730594722881e-01
-7.932015604399702546e-01
6.759479478484264892e-01
-5.223370343171243046e-01
1.930389599115658328e-01
-4.520451397205476063e-01
-8.838564729537814468e-01
-6.974231399238979279e-01
-4.972013828349939324e-01
4.025465137989212572e-01
-1.520931699608882859e-01
6.382942283972603548e-02
3.821650920042767297e-01
-5.608004699210515920e-01
-2.318926835849617341e-01
9.004615366091941464e-01
-3.768588980532976418e-01
3.395398138933369836e-01
3.189953342118208024e-01
-7.885176193206402395e-01
5.026726326354575836e-01
-9.311783135334104067e-01
-7.765875874372312193e-01
7.039571321553450556e-01
4.432329068151394935e-01
8.832381527180963587e-01
1.807134278586777221e-01
1.291954337463057101e-01
2.845213709981242456e-01
-1.941989966177770643e-01
4.711803065338866503e-01
6.401261411886538522e-01
-4.832980706676839322e-01
4.366241651867923679e-01
-3.047566569703286099e-01
4.527656577188743370e-01
1.481974680513500342e-01
-9.565515754069331411e-01
-5.671048371632150253e-01
-7.822918890870202979e-01
7.247531006431728873e-01
1.698935179318772359e-01
-9.182064663306483965e-01
3.539661513138259163e-01
5.269378056620381834e-01
5.672049179625633375e-01
6.408381008463659434e-02
3.206963326998653052e-01
-1.529604024424351394e-01
9.370480881738632029e-01
-1.894134267275120465e-01
-5.718130582325560152e-01
4.287334442572943161e-01
-5.379719323741274373e-01
-2.289800895383473645e-01
3.674516859000953595e-01
-4.971260854994070666e-01
3.812020405442961835e-01
5.858315895798067441e-01
3.487685498464159206e-01
-4.529480046115754721e-01
4.084335671324024197e-01
3.467453653744869690e-01
-9.194057377386144481e-01
2.025805255618549072e-01
6.922997470878076154e-01
3.949877885691230883e-01
-8.415374783919415957e-01
8.078962424327902347e-01
1.086351665512608200e-01
-3.323404173781487891e-01
-1.420927281588937330e-01
-7.166777138946733849e-01
8.788594755332206354e-01
9.623042203128528982e-02
-4.670256171381881316e-01
9.620387587234553450e-01
-9.808087134182463807e-01
5.291919107372418107e-01
-6.760695856119205427e-01
5.134085668666064084e-01
-2.052507593659069762e-02
-7.324843847107416206e-01
2.482266083085837849e-01
6.586369384278278893e-02
-7.442945780604515171e-02
-4.359980156315519384e-01
-3.835748303490156275e-01
5.567925149893937498e-01
-6.567772735201620193e-01
6.014358892826838776e-01
2.057663543595775746e-01
9.135593960275305569e-01
-6.815213719609205523e-01
7.865592016905675887e-01
4.679562950216780148e-01
-8.965538097557996799e-01
-4.894359091743196721e-01
-7.273277856681292786e-01
-5.440839576751437257e-01
-2.634409694014001602e-01
-8.923670419963829481e-01
-7.155342715970878231e-01
1.834544150644543681e-01
-1.037006346517155286e-02
-9.478268840627188663e-01
-1.806788210924377136e-01
3.448975725409197945e-01
1.550909478015694010e-01
-9.132595051452636614e-01
-9.919555095386423105e-01
5.999708559302812105e-01
-3.143131055786274608e-02
9.736768446181898184e-02
3.253314726346987484e-01
8.132996408736878902e-01
6.926857741080214570e-01
6.988892402552333571e-01
-8.501430156417084660e-01
8.093536489649710841e-01
-8.716467331428892074e-01
-1.767900964795414698e-01
7.854960473723577863e-01
6.192008376933455516e-02
5.108303417953401482e-01
-4.885882364949238887e-01
9.190187159088745172e-01
3.070768141432247411e-01
-4.816825439596346126e-01
-4.361287287667880985e-01
6.788492157973082808e-01
9.047066223366899695e-01
6.688085413347921726e-01
3.543657471905430345e-01
-9.576326271682531477e-01
-1.275838584650150764e-01
3.373870793930240364e-01
-9.430266697669340559e-01
-7.050088596783448125e-01
6.003592299330411386e-01
-2.994748077449591595e-01
-3.060060998731091164e-01
-2.045031859752117764e-01
6.920432614244418357e-01
3.907762528825051707e-01
-5.704262306644374281e-01
-4.620195146135497311e-01
-6.204682392136757763e-01
9.837489059761916899e-02
-5.643203043561939580e-02
-2.875681790082129652e-01
-3.098619867463026090e-01
3.901337096555912431e-02
-2.472366318529939377e-01
5.505912021958205838e-01
-7.800632664375430902e-01
-6.027588131123486903e-01
-2.599883890942940035e-01
-9.785081538146922497e-01
2.417134341210076531e-01
-7.691321184737118788e-01
-1.185141203009558719e-01
3.726360540515294417e-02
-1.013978878921120153e-01
-1.954528740772047968e-01
1.168388351991480612e-01
-9.121798668044496239e-01
-9.872317083721728892e-01
-6.767740922307230456e-02
-8.903532768072706105e-01
-2.470086214784337209e-01
8.882633673283817366e-01
-1.036849982413661220e-01
-1.015736624683150069e-01
5.989482987737937414e-01
-2.398419877017654578e-02
1.642945619064648533e-01
2.455195969508048304e-01
1.189296652249698383e-01
-1.609708744713818085e-01
-9.489663902129457096e-01
-1.930939958273074630e-01
6.747866221251874741e-01
-2.349224453997569295e-01
-9.612319631799250974e-01
5.172905141763650683e-01
1.793258122832894763e-01
3.940693821420007126e-01
1.985791774921161768e-01
5.747241710935435677e-02
-1.756393411260392945e-01
-1.431184593232956992e-01
6.915524048032695159e-01
-4.969498328913823926e-01
9.013768758625748667e-01
3.194272731157961065e-01
9.248000336124926335e-01
3.188772941906616865e-01
-5.263212217819845939e-01
5.655842139137194913e-01
-8.320511947092743554e-01
2.217271890370309251e-02
4.579462230986330873e-02
7.741905601682501636e-01
3.239133940169569570e-01
9.271215065314970527e-01
-2.553668097425472183e-01
3.560088850840246177e-01
1.274216079770638110e-01
-4.076942327875907601e-01
-7.976497685028105522e-02
-7.441444005433888176e-01
-5.915436944566083710e-01
3.715971071751305033e-01
5.612072663681781926e-01
1.728644581265021962e-01
1.308617915896381767e-01
-1.109952456892280281e-01
2.369431637163403881e-01
4.468014473886747773e-01
7.317260435704642241e-01
5.407672706963386755e-01
4.019156506826659925e-01
-7.534661907361406286e-02
1.248311029968935948e-01
5.822021794598268851e-01
-9.679875400061432877e-01
-2.068071709665799673e-01
-3.363896907456895846e-01
7.182101926742863185e-01
-2.409644955941594446e-01
8.043878059939271186e-01
-2.419910687789517123e-01
2.072461870326161026e-01
-9.863047788961709639e-01
3.324038345496667102e-01
4.395334381047673045e-01
9.428460087829957370e-01
4.749375520520637828e-02
4.074800090448162937e-01
9.452633022401113472e-02
-7.882751411267199249e-01
8.083985552670138741e-01
1.637193113861745708e-01
5.622702387250506639e-01
-1.559889628280499707e-01
