5.583567308660557504e-01
-1.540040026616462665e-01
3.930314766843436836e-01
3.375819424081558662e-01
-5.403905460145215223e-01
-1.099138473173100206e-01
5.876179639841303537e-01
7.204641929252286747e-01
-5.395098446348467469e-01
-6.529902065429875613e-01
-7.694352598651637010e-01
-1.471264946663533024e-01
-3.200039210748717444e-01
-8.555999118001471615e-01
-5.197548283403856662e-01
-2.493035733704731527e-01
-1.253314937752347813e-01
-3.490288186413088578e-01
3.152437902357059230e-01
-9.922374137885421330e-01
-7.109651228167608306e-01
6.740127032877161195e-01
9.822923784546091497e-01
-1.288719218558744828e-01
5.673545981521634918e-01
3.239723936998923914e-01
3.086653427209533618e-01
4.489713305062981163e-01
1.874804402836875994e-01
1.470216409321545292e-02
-7.435780228139174941e-01
3.079093011504190347e-01
1.172448468531499532e-01
4.962330277840236725e-01
-5.678707182906403972e-01
9.413665284839343173e-01
8.818371741294852573e-01
-1.715584147512911883e-01
-4.566848364163662577e-01
-9.978294510622560676e-01
-2.459153411911478848e-01
-3.715472100962784463e-01
6.539739735816358923e-01
-2.988104794721513358e-01
1.439323851070306581e-02
7.929414353408856808e-01
-8.249790079987007196e-01
6.016622471831192254e-01
5.583845391871666841e-01
-9.019133871963680438e-01
3.744339326770307341e-01
-2.854885689956807582e-01
1.534553239620835008e-01
-1.179477112218005885e-01
-7.641103896964334119e-01
5.357140045080595048e-01
3.921880326362732205e-01
7.911353364287010415e-02
9.788793060612399621e-01
5.902005723452632413e-01
8.448880191769445602e-01
5.627170696551544449e-01
-6.612728398261717988e-01
3.169967733786966946e-01
-6.153615699593006916e-02
-8.917651016421825894e-01
3.546460803379880566e-01
2.278540859240523186e-01
-6.310225204183554926e-01
2.071631271541332087e-01
-2.964954226645351021e-01
5.783529925570629615e-03
5.596469453049524034e-01
5.366255924861851323e-01
9.586592695497440086e-01
-9.291516666159751470e-01
9.594674565075849149e-01
8.052959168614930441e-01
-3.503386680718820756e-01
-8.666345006773352733e-01
3.114433140549541790e-01
8.294693779157022995e-01
-3.233829542451445160e-01
8.796837552273764071e-01
-3.920618789623944167e-01
-7.847170162955179329e-01
-7.811764866112660410e-01
-6.374727229424488328e-01
4.490252825020715211e-01
-4.191564416813897687e-02
-1.085935787457739110e-01
-4.783230985032365101e-01
-1.426368182941475382e-01
-6.798559597316684577e-01
-4.916701036520674251e-01
6.908643226420927430e-01
3.264146139678330005e-01
-9.166007911019335985e-01
-1.604053472251030232e-01
-8.323918155600564805e-01
5.132030835614782571e-01
7.021123779858220448e-01
-8.222085755300887477e-01
-1.557384313479113214e-01
-6.735345288124641172e-01
-5.569890817633507130e-01
-5.319470461095712199e-01
1.154457039360081705e-01
-7.452326132624964572e-02
-9.965865980696093640e-01
1.092120896239998640e-01
-1.967318193409417493e-01
-9.576037443326825827e-01
9.761404357050063041e-02
4.910871749999288216e-01
7.972130707235818292e-01
1.317182874708848761e-01
5.268406522929849345e-01
6.161583414054196961e-01
1.953297054160274548e-02
-7.236772234649435642e-01
3.892211219713808124e-01
9.970285416287401059e-01
-4.130960374776806443e-01
-9.970025090888428032e-01
-7.333374769218969913e-01
-5.845292065492457834e-01
5.558437499374957458e-01
-3.472906798486750102e-01
3.933420129151306011e-01
5.417563753430016948e-01
6.676988355107349449e-01
-7.042302369870856449e-01
-2.332895265617742631e-01
-1.678576430691764987e-01
-8.355084454372114777e-01
6.201058823288105870e-01
-3.744601659797337501e-01
7.998579525854132566e-01
-1.922711496761988492e-01
-3.339625860968573612e-01
-6.495998057440102169e-01
-6.966219230859647116e-01
-6.177177856734572536e-02
2.659676079044897001e-01
-2.057050716719301953e-01
-6.600193388862887200e-01
-9.730186116077588210e-01
3.686882171365319927e-01
-2.642954241270878413e-02
6.014290320191935102e-01
-8.350508285470084058e-01
2.464059225585941704e-01
2.944208068892002483e-01
-7.780488291532920986e-01
9.563801807367531271e-01
3.204634870377631728e-01
-1.283574762162436045e-01
-9.756685817287404916e-01
-8.558081629822944514e-02
-9.838570753795838897e-01
8.537553197927674198e-01
3.916701827584410101e-01
-3.006834047096045293e-01
-1.422347423822651891e-01
-2.984697040170789517e-01
2.609144567569774420e-01
-2.914243650096770555e-01
-6.495531135952288260e-01
-7.494188426447077056e-01
7.170001164929584725e-02
8.444337221861031306e-01
-7.273292433228784049e-02
-3.831058324124922976e-01
-4.408900141922804661e-01
-1.362987921090195176e-01
4.644195845764798047e-01
-4.195607661451328241e-02
9.844826610554344715e-01
-5.704322839804643053e-02
5.571948798180503815e-02
5.133901544787999871e-01
8.246574820790719684e-02
8.691491722736122139e-01
7.399159448441352538e-01
1.408152759699972112e-01
-5.630675939479368175e-02
-3.242561627014952652e-01
-6.682539768034962968e-01
-1.245635064954422333e-01
-1.300008685901363759e-01
7.892773145351659192e-01
-1.470931247088942406e-01
-3.377281165106569283e-01
7.122714260516107565e-01
-9.600491463465399278e-01
8.062394331504341149e-01
-7.693729111655145392e-01
6.438099636108283175e-01
7.938339401951843843e-01
5.003291171384198766e-01
7.962218486377030668e-01
-1.197510311473766187e-01
1.820847535334004785e-01
7.829086277205135058e-01
-4.642997867835398917e-01
-3.750812482048531127e-01
8.964882407159584510e-01
-1.092538281378341303e-02
-6.390512629054563298e-01
8.348878352670021652e-01
-3.596694358288754501e-02
9.696579246975423061e-01
9.001502131057050882e-01
8.155408382215667551e-01
2.519194276162179946e-01
-5.491097434043705761e-01
4.443219444930484041e-01
9.338562037432309726e-01
5.816149361102911364e-01
-4.513770936517886856e-01
-6.799081194572644815e-01
-6.500343203672511727e-01
9.241920852991409863e-01
-3.768492427709291270e-01
-9.279865640547679817e-01
-8.829738407622576002e-01
7.141548795439147668e-01
-4.242417964131717234e-02
-2.505427948792537940e-01
-7.497446112380277139e-01
-5.220053435589449009e-01
2.753796030679223072e-02
3.480732489236959548e-01
-3.960283520112872768e-01
-1.850026730692004850e-01
8.641863065805885924e-01
-8.878395718336664633e-01
-4.829543102528526255e-01
7.088939582555053853e-01
7.841919043416480939e-01
8.830912779872628349e-01
2.832708706783297892e-01
9.179849192127573776e-01
-4.844696265759562692e-03
-9.012845132497382394e-01
8.423648678289248348e-01
-9.777515779627106163e-01
5.078638846945366936e-01
-2.995211253751435265e-01
1.260323861351675401e-01
5.227512202615640646e-01
-1.028538001136796165e-01
-1.573492323267913218e-01
8.322156747703126634e-01
-9.740685634826835582e-01
-6.197112257278674097e-01
9.103827589010236032e-01
-4.604710340975910476e-01
9.438390531560350016e-01
-6.419907560205855290e-01
8.795970718830641299e-01
-3.607589318937318712e-01
-2.891981775233087859e-02
-1.170877898454358856e-01
