3.237785562353316937e-01
2.815665406590144304e-01
5.103296048699645926e-01
-9.502472964377457476e-01
-5.601509719974637758e-01
-4.457798301512871930e-01
-8.866411753708114407e-01
-5.574913210007936826e-01
-6.148087218754065830e-01
-4.456557555106606117e-01
-8.483652561599070996e-01
-2.163052910393339356e-01
-8.473125391362508196e-01
-6.643688984599860348e-02
-2.254104627747444134e-01
-4.011645940850079306e-01
5.411811034083102712e-01
9.624072724152836766e-01
5.679365890944356732e-01
-7.277463796402696694e-01
-3.022775497736021055e-01
2.496875120677066739e-02
-3.958367936515905239e-01
9.333177481722572111e-01
-2.659102271415272334e-01
9.235019180913361936e-01
8.411728405272898001e-01
-7.406717377898228705e-01
9.219632228940897178e-01
7.902335730120468860e-01
3.148457237479849180e-01
-4.387641704299105605e-02
-6.485800020038106073e-01
8.475330879075650969e-01
3.645716492584891721e-01
3.894337788471140538e-01
1.485829642485421154e-01
2.387149481437869092e-01
-8.681526224807867287e-02
-7.909432793471962153e-01
-5.149209036820687757e-01
-9.469347258993510152e-03
5.187126700465078954e-01
-3.478019403274990040e-01
4.240863242234345076e-01
1.818622540504599705e-02
6.859188215134102151e-01
-2.678882390811512249e-01
-5.441208828389443308e-01
7.028324006092061538e-01
-3.227050594868587918e-01
-3.508936696334741256e-01
-9.592785920064497152e-01
-9.896626976248521501e-01
-8.856345874378450667e-01
6.004458716936169616e-01
2.308392645287784539e-01
-2.617010197025830820e-01
1.755617771564796925e-01
-5.211477535708750608e-01
-1.713632838861220975e-01
-5.832254655742321603e-01
6.414538806638931945e-01
-3.529543333889326728e-01
3.974621139296385941e-02
8.381824768008510063e-01
-1.592073798630044834e-02
8.436820153666713118e-01
3.385336973845203268e-01
3.891191580117436821e-02
-9.947583780506974449e-01
5.445192246902605948e-01
7.485226085517451278e-01
-8.858759073948359042e-01
1.289833420628456739e-01
1.075289233327538785e-01
-7.456850059797222041e-01
3.587197206463719201e-01
-8.110576862233054296e-01
2.227021171276502010e-01
-3.646948866270018907e-01
-8.656591502602033472e-01
8.984560425373060433e-01
-7.448796227493970079e-02
-8.844366796293721134e-01
1.579135619621150344e-01
5.078663156180798222e-01
3.719157374010098049e-01
4.579175786334037657e-01
8.903979365795986478e-01
6.902579823008596627e-01
-3.810327426979991383e-01
-3.138338317804370003e-01
-8.226196482151784117e-01
-9.364824017264674616e-01
3.477732794791916771e-01
8.889899320524585757e-01
-4.266541506304242226e-01
-1.688162745793506669e-01
-2.318842890040808680e-01
-7.846313104523390258e-01
-5.985132611861343488e-01
-8.952319377824446978e-01
-4.130510407160981057e-01
2.462630496978646111e-01
-5.228662382498980854e-01
-3.683902214945411480e-01
7.981171598646938925e-01
-4.218588451986766685e-01
-6.016965224126773482e-01
-5.218854224100073491e-01
4.526873726578872770e-01
-2.307675015141330555e-02
9.647773323955670666e-01
-3.466012725737745992e-01
3.261756965016318066e-01
5.537108455535122431e-01
2.325454385026182180e-01
1.337640644579523030e-01
-5.711709734042891284e-02
7.881211491460813345e-01
-4.132372170148945756e-01
-2.051394485245114918e-01
-3.903015795174584746e-01
-5.418875415843460441e-01
6.140190137141507964e-01
-1.428416583634861681e-01
5.709735541318141649e-01
-4.738076964033071103e-01
7.923979687594935317e-01
-7.517145132762634852e-01
8.998655833413977678e-01
-7.810582547625442018e-01
5.584729696442658486e-02
-7.584319648103103884e-01
-3.829425441849432232e-02
9.201110808486689940e-02
8.847286310216186944e-01
-4.987012461640740746e-01
-1.247322409508340169e-01
-8.709091962379125196e-01
6.151861441641681694e-01
5.826488326553542763e-01
-4.324130164918209562e-01
1.951424629926470367e-01
4.624262680122170899e-01
-8.961092160875563373e-01
5.855721517853087477e-01
7.430778320433397699e-01
-2.865536243463402410e-01
4.613749035835406076e-01
-9.134363477596878500e-01
5.622801506089003531e-02
-1.724506229465285756e-01
9.304330363935564563e-01
-2.283556341091776964e-01
-6.913097101375695885e-01
6.124314442014382465e-01
-6.112960460990679579e-01
-1.939385752365232474e-01
2.626346132303909453e-01
9.418227793656506197e-01
3.933427468892805035e-01
-5.424497647649200172e-01
2.958433087546974427e-02
8.985290315887854984e-01
-8.300471383582326279e-01
-5.410164679286242340e-01
2.973691836981939840e-01
-4.017583380674196736e-01
-7.642563384916134517e-01
-1.999444322894090575e-01
-5.713166459737928360e-01
-4.456338983151133526e-01
-9.442948195843061665e-01
9.399181591424841109e-01
9.380878419720670713e-01
8.819741415263402384e-01
9.560913055740583033e-03
2.713102689029307513e-01
-9.342603729848235616e-01
7.557232278400907166e-01
1.088876887896688128e-01
-5.973654089768132280e-03
-2.993880853077941495e-01
7.762625208446254366e-01
-6.385352355885842712e-02
1.814247163279754105e-01
1.029210208047199870e-01
-3.311546305519241784e-02
1.372191685450698806e-01
-1.839362440700531565e-01
4.376654438748746045e-01
5.564723317417188397e-01
8.504619982820114110e-01
1.092765282478169730e-01
9.830504288893227027e-02
-7.410078373198989432e-01
5.234958223244943198e-01
8.329588177202862376e-01
-2.309342574680111060e-01
-5.203351101694768666e-01
-4.157538310129844650e-01
-2.710437403426078085e-01
-9.761506986500985139e-01
-3.311251072080123592e-01
9.306961067542198762e-01
-7.232492509004704306e-01
6.897847539659238691e-01
5.621182618125053487e-02
4.005820432979863011e-01
-1.948538936847930003e-01
5.471856508854922030e-01
-9.946501091259831728e-01
-7.210416449015175644e-01
9.218601569731386114e-01
6.054651015484349141e-01
-8.266095393015047144e-01
5.659376665502979797e-01
-5.039333798172105361e-01
5.890472109021640534e-01
1.146624798146100854e-01
2.428998861562761125e-01
-6.710488260972706787e-01
1.718414657769622433e-01
-6.653834121738300134e-01
-5.988889718297436549e-01
-6.151150919331183076e-02
6.067022171292708599e-01
-6.317280746459144058e-01
-7.396686768648619292e-01
-5.952721862766248151e-01
9.453852984220723066e-01
-9.572972663001177995e-01
-8.132806181346927676e-01
9.537510717808612704e-01
-3.331579314687209692e-01
-2.916273070489128205e-01
2.870722874572744221e-01
6.097460580357987325e-01
8.640799296863921342e-02
-7.340875410346470176e-02
-1.925328182773291541e-01
7.741201789268989941e-01
-5.103082970885390868e-01
-7.600779161885296009e-01
-2.306903862679861028e-01
6.762094509393281605e-01
5.117414175744499083e-01
-6.497902116574256759e-01
-4.253933780303436052e-01
7.507156063888640318e-01
-7.458382988205156661e-01
7.768729762879098555e-01
-6.572466344493541612e-01
3.173034049445537796e-01
-5.239427837437602431e-01
5.613963247456299488e-01
8.770523097458071682e-02
-8.837205157628116314e-01
-7.251890519411263725e-01
3.008997524503618237e-01
-3.166646809644195759e-01
4.562964720533202456e-01
-3.244799636722854874e-01
