
0 84.08034 5.350195 15.293434
1 84.08034 16.738471 21.417328
2 86.333109 28.927022 24.063962
3 88.44773 39.560971 27.704682
4 88.44773 48.834948 31.137786
5 88.44773 54.478564 35.823375
6 88.44773 65.521446 32.74613
7 88.44773 69.870633 31.509621
8 88.44773 78.577289 22.967795
9 88.44773 80.759769 20.227073
10 88.44773 83.796711 15.242878
11 88.44773 82.582816 17.678904
12 88.44773 80.43724 22.453601
13 88.44773 84.167386 16.772569
14 88.44773 78.8197 23.651054
15 88.44773 80.743171 21.084812
16 88.44773 81.916965 19.73633
17 88.44773 81.234569 19.83108
18 88.44773 80.938619 21.191866
19 88.44773 79.713512 22.874293
20 88.44773 81.348439 21.852811
21 88.44773 78.556827 24.555305
22 88.44773 84.034449 16.120453
23 88.762486 79.726573 24.027155
24 88.762486 85.86356 10.550025