1.330556429296625431e-01
2.552502563486513942e-02
-2.191747672888069154e-01
2.397817376034678816e-01
2.470123417276004485e-01
-3.783523351292636949e-01
5.530306495271712919e-01
4.438675749621621147e-01
4.937561461996797796e-02
2.147047543258029378e-02
5.818009313187333387e-01
-5.431028571268117222e-01
-2.028324320161374317e-01
9.319102770150755610e-02
-9.262655719348720229e-01
4.226475054939755616e-01
-3.362269291506050362e-01
9.489187578968036885e-01
7.556639847334019056e-01
2.726660620412744152e-01
-6.818635588265473668e-01
5.667028718336191151e-01
-6.935058620701199938e-01
-1.199808084231959171e-01
1.566815674131749603e-01
-6.027353949035991754e-01
3.165427795039184033e-01
-1.901579204050718452e-02
-9.605649815813701586e-01
7.408878136417742510e-01
4.301646052695018430e-01
-6.860142291630415556e-01
4.540467187077776856e-01
-7.521479599113964909e-01
-8.618245469554801641e-01
7.534666448916662596e-01
9.623491377041060169e-02
-4.494308683695442674e-01
-8.321844129826927450e-02
2.978515673011941089e-01
-4.752146051886680933e-01
-8.142502499414372430e-01
-2.608562834081173953e-02
5.927659691220052984e-01
4.252898204791895065e-01
-3.515011299568815417e-01
-6.307698558630234764e-01
7.865897771177243758e-01
-2.465037572643793418e-01
9.594278349151030838e-01
-3.773646960139909190e-02
-3.032897781744972043e-01
6.305917796180482426e-01
7.196457959432647211e-01
-5.668996210542338599e-01
-7.231459756899112357e-01
-2.809845228640144299e-01
-1.172744383567216886e-01
4.002713107818300919e-02
6.646804284559937326e-01
5.977989745341210082e-01
3.742959058532038252e-01
1.729398944604547683e-01
5.617549240080685902e-01
-5.151952363536069779e-01
2.534298771760903346e-01
9.317361110281399128e-01
-9.637504041627409368e-01
-4.392711148023955570e-01
-2.429139294774775859e-01
1.984648532992956405e-01
9.498925043332606677e-03
-2.937662615714862202e-01
5.617272328603821752e-01
5.314112739115861572e-02
3.218176509457040257e-01
5.805584781235697545e-01
8.369789326551433373e-01
8.047303672077465997e-01
-2.605908109342989221e-01
-4.839664393831941691e-01
5.281289840806513425e-01
-8.027967169104135436e-01
-8.390997981212278134e-02
-1.078872272461561810e-01
-5.426708494008858352e-02
8.160867883733107231e-01
6.784820237136586218e-01
8.686567284332529226e-01
4.516328339483768328e-01
1.642748313406849903e-02
2.048412907617036538e-03
-3.549948793627737409e-01
-7.122899589721216618e-01
-4.126001320956924623e-01
-5.975285130310021842e-01
-7.233681744258191326e-01
1.023926212647641165e-02
-2.338562313134011639e-01
2.207246012386991918e-01
-8.890946337712006819e-01
3.769595309883855272e-02
8.895385651929663684e-01
5.968750132434155198e-01
2.709706739360935313e-01
5.813951462530240200e-01
-1.031402389721911561e-01
-3.464719175118404770e-01
2.880804910611296510e-01
1.742040208181272476e-02
-5.316079287619508431e-01
-2.539162022206591374e-01
2.956087040932029453e-01
-5.812629847161667751e-01
6.195390529262547741e-01
-7.850593444171716229e-02
-2.506854410164474078e-01
-2.323540009916706950e-01
-3.858192211060751386e-01
5.387985711692657720e-01
-5.882607258110255088e-01
4.685873985023938371e-01
3.862354160433620898e-01
-9.909478814771617294e-01
-1.515774682851691590e-01
5.723186367495438631e-01
-5.685556551288508675e-01
-6.026306057419947848e-01
2.089955851494180727e-01
3.453386315484683333e-01
-4.246363582046999152e-01
-6.195318178566200373e-01
5.864980914812183421e-01
-4.207344340802792182e-01
-4.363546892022294177e-01
-9.871920475577911080e-01
9.838975164165733034e-01
-2.224573335213888559e-01
-6.098310861691644824e-01
8.032735763474427859e-01
-5.236586764692532370e-01
3.084870501723091518e-01
5.755221815229250026e-01
-8.724311773118793578e-01
2.369747523765706188e-01
-3.551089147528885270e-02
-7.309518324889958674e-01
-8.027226646557117373e-01
7.170921391671591927e-02
2.880295525901048759e-01
-8.523876733623003688e-01
4.980417763098774486e-01
-1.155959807389830285e-01
4.279463434146399958e-01
-6.191052854798217986e-02
-1.379126929956155934e-01
4.984738968091706468e-02
3.861374814252844789e-01
-8.060188619469532689e-02
2.033146823893854371e-01
9.197916764955205160e-02
6.953028496606650233e-01
-3.207581546298341468e-01
-2.320531530780991503e-01
8.115145856094567733e-01
1.862279245767743951e-01
8.943752361718080302e-01
9.119496771998880646e-01
4.917134607820199399e-01
-3.500992640725673066e-01
-5.780582677367849254e-01
8.640780545892983167e-01
-9.756205393033332562e-01
9.903106743427847469e-02
-8.885835960653376553e-01
8.009241614399673637e-01
-5.035093171789415400e-01
3.965012770873859171e-01
-4.014318582319538198e-01
5.905462854140215434e-01
-8.802225212822487599e-01
-2.015776304495815463e-01
-3.746009107245649172e-01
-1.650100152095359540e-01
2.908615526215401204e-01
6.293441246347293294e-01
-4.294168973273455592e-01
-7.101443734677215236e-01
-8.536966287142035981e-01
9.910345536073463801e-01
-6.547973512571967358e-01
-6.964371374897682099e-01
-7.636844642821645213e-01
-4.170714026290702758e-01
7.220158688435160954e-01
-8.302444568564748550e-01
7.770020131275199304e-01
2.937791793731485690e-01
3.942786765622865452e-01
7.333076306663877109e-01
-9.015746549670906607e-01
-5.512681644865979891e-01
1.250536733963563130e-01
4.959894637549695506e-01
-8.275885827665527827e-01
4.953666512099925701e-01
-9.976353033369629308e-01
8.479158651820453141e-01
-8.122564691969382800e-01
-4.502140745361478125e-01
1.570869871900757442e-01
3.076602676484212484e-01
5.744797104230172646e-01
-4.867532460467087763e-01
3.233380406765640203e-01
-6.062093085640960499e-01
3.180226812978101947e-01
5.747559580253598366e-01
-4.939622839235309204e-01
5.522438924921670989e-01
-9.819389986877973264e-01
-2.665626442050879064e-01
3.987373103383409223e-01
5.632587622619034118e-01
8.111407972249569109e-01
3.731814441462555365e-02
2.986444146581934689e-02
6.661974111486752559e-01
-2.086666056501911282e-01
-2.259418962269914566e-01
-3.947811500792373085e-01
3.127214460078664438e-02
-2.255932093251702408e-01
-6.846973529722677476e-01
-8.144688023803605681e-01
-7.360559500849455095e-01
-9.126157501310672160e-01
9.267349629072580974e-01
-8.508499782563385683e-01
2.880013796781133451e-02
4.470846609890322121e-02
-3.959213668102772310e-01
7.376648388457993644e-01
5.839637624307283392e-01
-9.298488149502071032e-02
-2.305526081514608361e-01
-3.357570777556915242e-01
-1.725862977797791853e-01
4.158679401068883230e-01
-2.491211636383159345e-01
-2.947575443647569848e-01
-9.395556854067961261e-01
-7.017397866369818882e-01
3.692497863492181231e-01
7.840378242262224795e-01
7.329584531205313169e-02
3.706247660422268275e-02
-6.473788995769542698e-01
-3.212971354840579163e-01
5.617664173590954935e-01
-5.218063775147741001e-01
9.097971457367819426e-01
1.610316470787713783e-01
6.388190784834215652e-01
-8.856194092560185638e-01
