
0 54.366705 21.178713 23.347061
1 62.324801 39.431758 17.32557
2 76.036853 48.903763 12.132696
3 62.324801 52.242348 13.955498
4 62.981393 57.767762 9.055128
5 62.988949 59.912851 7.611194
6 62.988949 58.911205 8.189947
7 64.533666 59.993018 9.4684
8 64.533666 60.017414 10.001519
9 64.533666 60.299822 7.184588
10 64.963363 61.720188 5.435802
11 65.975847 59.643725 9.580979
12 65.975847 60.59808 9.312212
13 66.161786 61.787133 6.807755
14 66.161786 60.561013 12.030712
15 66.231057 61.619577 13.59329
16 66.231057 63.900506 2.702963
17 66.231057 64.001477 2.634096
18 66.231057 62.63786 6.775134
19 66.231057 62.128324 10.360076