3.777699069937903165e-01
3.969968316335343861e-01
-2.541308973346823041e-01
1.604900579542587469e-01
8.109513456949404286e-01
-7.491909673195225050e-01
6.178955782596680102e-01
7.921889091434359820e-01
-6.598229740826029310e-01
1.771437489928440190e-01
8.114842140096318879e-01
9.259118828979620019e-01
-9.347298790549434244e-01
-2.584438497265164614e-01
2.541899765032717973e-02
6.341153929120446620e-01
-6.547426840218031341e-01
-3.826593160878244415e-01
-2.145887336539009649e-01
6.459795597759212527e-01
9.925528084842556442e-01
-7.060934269493526205e-01
-4.522317449100226039e-01
3.331073794936165733e-01
-3.723347712408962007e-01
-1.648104760704092175e-01
2.171017184869774574e-01
-1.952470953138076837e-01
2.765381274184046667e-01
3.559417768341897048e-01
4.325119375241301967e-01
8.314579988188062210e-01
-4.587989611918188437e-01
3.635984386756487829e-01
-8.023373003317033625e-01
-5.567619195099882123e-01
2.266704014333322803e-01
-2.554816981552234800e-01
-2.345613760981515306e-01
-4.953035225464077485e-01
3.036811528576319752e-01
-4.122323113119572557e-01
3.155288620728613491e-01
6.055568742653720804e-01
4.531272611426604424e-01
-5.672453337384371075e-01
-1.748967611901341979e-01
5.491953017122981340e-01
4.296978356087588491e-01
-4.046600681519876286e-01
-5.037917627079921967e-01
-5.712461070537138141e-01
-8.561929134579902012e-01
1.649466554871381607e-01
-6.605571908632517086e-01
-7.362293948817919542e-01
3.074299495419119399e-01
-9.222905234723128842e-01
9.899336344400464505e-01
-4.546952429050723499e-01
-1.730418752093381141e-01
6.912639262821542729e-01
8.017681830357215045e-01
7.013486345499952979e-01
9.406119145643674351e-01
-8.637427692301700155e-01
1.377510540594673039e-02
6.946402238329747458e-01
-6.904756829531424334e-01
6.490517408455247494e-01
6.067018324236335136e-01
-7.041299705679135990e-01
-8.215849560712784605e-01
4.739430937828832402e-01
6.148806369974706421e-01
-3.522294278363489184e-01
-6.895512243318149270e-01
-8.862641841616123450e-01
-9.466506989007044126e-01
-8.990847836565893925e-01
4.889225678667181718e-01
-9.674781506724656754e-01
-4.131507451567895117e-02
-5.818774456839435061e-01
-5.453150546350737926e-02
-9.312501154256327407e-01
-3.765285407778273807e-02
5.808358736618046692e-02
9.780417930666687187e-01
-2.640661349800070834e-01
8.088231657768607530e-01
2.260851655269755511e-01
3.258959568271289076e-01
-6.352367644017824500e-01
7.661207487012606787e-01
-3.193850018650972178e-01
1.361474721881754668e-01
-8.012990754538804605e-01
-9.249644824739513549e-01
-8.500815047653986767e-02
4.962418742035961117e-01
-9.966099326750545995e-01
-5.772917507708563711e-02
-3.203318908010206467e-01
-6.382754406388337909e-01
-6.662203165519942072e-01
-8.427625437434591582e-01
-7.721814170991239124e-01
7.067337905688224620e-01
-3.472833359739415648e-01
5.344116940811005634e-02
-8.868373130830395912e-01
-8.058707687812560749e-02
1.045290572427406417e-01
-5.662128279066229730e-01
-8.626666109637917135e-01
-3.684614653691868913e-01
1.140547932097977224e-01
8.074184917352773549e-01
-6.885059619847386791e-01
-8.270287648183518581e-01
7.669514810879956013e-01
8.568861126528262151e-01
2.754178366353456919e-01
3.028317574477989993e-02
-6.813412958032893929e-01
-2.634420641930017570e-01
4.476603288964946525e-01
-4.185853154069385518e-02
-6.538436274167491735e-01
1.523754399605536936e-01
-2.758880833995047688e-01
-2.932467062662280632e-01
1.566783664441850910e-01
-6.409501210111436809e-01
9.731236497546138509e-01
-4.055749220132380817e-01
-4.606241953392977706e-01
6.043960200988065523e-01
1.927527566729945185e-01
-1.596812293883482781e-01
-3.523136498117938054e-01
2.406347337921805885e-01
-6.610425627295855033e-01
-4.625204405288214637e-01
1.970129290897839613e-01
5.418017707838036490e-01
6.092343643018049981e-01
-6.107955465742771484e-01
1.395830374079969349e-01
-1.130929767236008576e-01
-1.227121511359050565e-01
-8.602549776488221944e-02
-7.750792260097183473e-02
6.000488356873125984e-01
-8.707301375783411679e-01
-2.973789773798061198e-01
-2.187200063860121890e-01
4.436696109376103703e-01
7.769479148333873209e-01
5.288631159515364555e-01
6.631901913257265413e-02
-2.021903000351474855e-01
5.582276529503991114e-01
2.328083794945317031e-01
-3.662528818063439662e-01
4.031666605390731295e-01
7.829295800068334366e-01
9.072722964615114183e-01
-7.717414182187909422e-01
-6.040689023786551815e-01
8.908774708598297121e-01
1.895086808266346345e-01
-2.838292137712370433e-01
9.471382233161573794e-03
5.351394850814985560e-01
-6.843545031108178023e-01
-1.223124027241635492e-01
3.918428612964230950e-02
-4.961185338283149449e-01
-3.578961627152104086e-01
-3.777348234412647443e-01
7.057386583638123323e-01
7.640852007980940552e-01
7.337022522921314849e-01
1.917921549886703048e-01
1.113227342758873473e-01
3.941886166568902006e-01
-3.383226466579944969e-01
8.733972128319191786e-01
8.898041113125378931e-01
-4.924971286316910390e-01
4.929423401275401240e-01
-1.652735353420473619e-01
-3.482491279338419954e-01
3.998457843212173124e-01
7.285606268786859463e-01
-9.427426928748112722e-01
-9.892364035003153866e-01
-1.718659322975848447e-01
5.378250581816643727e-01
-8.474142875069610170e-01
9.218882231500333813e-01
-6.201919986196846590e-01
4.657011352503608315e-01
1.238346694110221691e-01
-9.387287277815696829e-01
-2.796800157638654749e-01
5.192276442005858694e-01
1.546367348317310153e-01
4.897640172143358228e-02
-9.299231228177897712e-01
6.161533911643370942e-01
-7.738143400419592588e-01
6.961680431274677172e-01
4.684148320146568345e-01
8.599702255679586571e-02
8.939729931279096764e-01
1.995133691746939775e-01
4.049620936385831538e-01
-3.527361124464041264e-01
2.257526107381457869e-01
-5.684325020102674042e-01
-6.377509653479007667e-02
-5.523750384370382793e-01
-6.880317080656594975e-01
-8.564606281616318206e-01
3.980326705071153270e-01
2.547730372990468783e-01
8.762888268513229217e-01
-7.569834971504743049e-01
-3.952748002222645773e-01
-5.452071114785133066e-01
4.163017365596559660e-01
-4.352279880154867886e-01
-2.971335184468617552e-01
-1.831918912242089803e-01
7.322981198105686929e-01
8.209635588770787251e-01
-6.241674640046872558e-01
1.660229230098315689e-01
1.880685595416475842e-02
8.024776478509632049e-02
4.092398932490786123e-01
4.064252877400178487e-01
-9.019689916055404488e-01
4.614627054511457604e-01
-4.015073469456020838e-02
7.212091065760453112e-01
-5.606535090181250514e-01
-4.653617231535891463e-01
1.570199555983791129e-01
7.783167927113516793e-01
2.978606633134737169e-01
-4.477468250636345015e-01
5.954119967251700896e-01
2.903603532162146728e-01
-1.402615270681233373e-01
-4.789800087854167998e-02
-8.794144928573006670e-01
1.950216846845735930e-01
1.985631414211961321e-01
-4.768654058532435513e-01
3.447006808510131304e-01
-2.188935376868783589e-01
