
0 91.933573 31.433578 36.612033
1 92.163558 60.682499 31.925443
2 92.258736 77.583103 25.93248
3 93.342505 80.989028 25.248983
4 93.342505 82.760701 21.610355
5 93.342505 88.860382 12.535406
6 93.342505 84.123686 23.312537
7 93.342505 83.227389 21.525658
8 93.342505 79.994033 26.792207
9 93.342505 81.029908 26.512575
10 93.342505 83.193045 24.749272
11 93.342505 84.006162 24.266424
12 93.342505 85.774429 19.017749
13 93.342505 85.9807 18.866267
14 93.342505 85.826809 18.646734
15 93.342505 87.179444 19.452632
16 93.342505 89.795351 10.404125
17 93.342505 87.927623 13.708658
18 93.342505 85.783553 19.267923
19 93.342505 87.177952 17.577875
20 93.37505 86.097353 18.399772
21 93.37505 85.107918 19.659725
22 93.37505 87.087055 17.635982
23 93.37505 85.658558 19.562826
24 93.37505 84.968157 21.33782