-3.911300359510305746e-01
9.480795319866825999e-01
4.224459215422080582e-01
9.213373588408013681e-02
-5.960852898380351039e-01
1.264194081014251569e-01
3.130647640306553625e-01
1.083481656611741117e-01
-1.475444449237154655e-02
-4.951679045183341454e-01
3.738822122396842085e-01
-9.102384909960838932e-01
4.110974946568634603e-01
-9.995285499196784884e-02
-7.042116639104675224e-01
-5.719414524407342437e-01
7.923593306523394331e-01
-1.006073508160705149e-01
8.103127505085863103e-01
-4.876466418341942610e-01
1.394391900922994920e-01
5.756635001132567320e-01
8.794999808461843871e-02
4.320692606864166008e-01
4.539961423337451896e-01
-3.014927382610232409e-01
-1.700053527881306703e+00
9.935924805513043356e-01
6.448530076087486407e-01
-7.742039269701587179e-01
2.521135968380583056e-02
5.613505879116642561e-02
-3.799122559177662839e-01
-1.840804008202387432e-01
-7.455840035676661315e-02
7.057937632011191953e-01
-7.860793588706309620e-01
6.018216853366520347e-01
8.993393921263239665e-01
-5.642553765984224812e-02
-6.356422103730404727e-01
1.813379874118596913e-01
-5.636258772463211830e-01
-5.483312554197539157e-01
4.883687081430970744e-01
5.079836343696541023e-01
-7.655187142234766151e-01
-6.573685929645471937e-01
3.839223002859675771e-01
-1.387646775416779277e-01
-8.681319163697958086e-01
-3.789102990719011022e-01
6.062344800409278367e-01
-5.165044489457468746e-01
-7.833975898065448362e-01
3.132560084169027648e-01
4.656649203161222772e-01
-9.668579832128241236e-01
9.466389736563232682e-02
2.449285968193847529e-01
-1.052722521010214379e-01
-6.944362559759811315e-01
7.808843882892519961e-01
9.102576502906223332e-01
3.499244855655238573e-01
-7.715115452065175461e-01
-1.199926013459089585e-01
-6.936751774079281674e-01
5.737942181775580047e-02
9.929327054061205526e-01
5.868327176984141635e-01
9.079333515798063692e-01
-3.697870452758420523e-01
-1.029701965733281321e+00
7.712080880462278409e-02
9.178537564846476204e-01
5.182630327970182416e-01
8.737351931702019847e-01
-1.974821516734190374e-01
-3.206659052558040734e-01
1.867298209043856405e-02
-2.041357889931830760e-01
-8.511441194056430515e-01
-2.045298755866008511e-01
3.497276681249830155e-01
-2.339732352865881992e-01
1.439476296831008195e+00
7.236804086878383391e-01
1.770328035982627821e-02
-9.858734859969053854e-01
7.296120115511404158e-01
-8.436902636663872190e-01
7.600052444453362366e-01
9.579925465180945121e-01
7.584603934749235554e-01
4.398263349167380043e-01
-2.888872606850881319e-01
-1.962607201349415298e-01
-1.582037455333906717e-01
-6.740161346616477811e-01
4.911495996743191483e-01
3.459339528652504159e-01
3.530163075951621154e-01
7.925922492236541217e-01
-6.335622371918590012e-01
-3.100485780103952038e-01
-4.937895847734860566e-01
9.058865689569256530e-01
-7.444651183046562259e-01
6.086796917391302797e-01
6.692342950052820871e-01
-8.432115986737229729e-01
4.290452703255490108e-01
-5.941709394420455759e-01
-1.925151091438270790e-01
-3.904573280269658248e-02
8.899514225988763849e-01
2.311351963939449750e-01
7.776218631270438719e-02
1.189233654782087535e-01
3.123002479756298855e-01
-3.505349320825276171e-01
3.855677238608494761e-01
-5.045116485639745685e-01
-1.587613905860543184e-01
-6.410775519406085587e-01
3.821291569320269810e-01
-6.593164243957915227e-01
6.204482277095662024e-01
-1.025297378053634800e-01
9.620098174039403149e-01
-3.162985030860796520e-01
3.596908227630052912e-01
-1.676323819766459555e-01
9.617659902075592626e-01
-6.942381063043926437e-01
-6.486768624732633937e-01
2.097967917438840479e-01
7.464914713218147035e-01
-7.158663195565952986e-01
-1.609793369288101128e-01
4.641762995608759157e-01
-1.931120203948470393e-01
-6.045292161550626098e-01
7.310072099276508917e-01
-9.465916620791052782e-01
9.841242787726521835e-01
-6.021390685264115250e-01
-7.503470003428276414e-01
9.099003881723491394e-02
-6.792249119928852608e-01
-4.578414050764005871e-01
-5.855746528906247139e-01
-4.059411544512671055e-01
8.855185588237646233e-01
1.912916795805765235e-01
8.874615089324124906e-01
-8.718252760916422872e-01
4.834128638179686632e-01
5.605735035743996120e-01
-2.458386451217774993e-01
-9.644811920003695249e-01
-7.547288305164754352e-01
-4.409393943834569729e-01
1.832539172309070319e-01
-2.475858925636646446e-01
-4.103792311840361862e-01
-1.179180381165824409e-01
-5.761114016668352766e-01
1.119464871794023930e-01
-8.146499982741339796e-01
3.103666964174773835e-01
-9.079152655873381494e-01
-3.088315294899074415e-01
3.673717125091521263e-01
4.519527302718474027e-01
3.222239005713796178e-01
-1.022923460584150401e+00
6.582529158276635428e-01
3.580149631049053816e-01
-8.480936815006800966e-01
-6.214710073365435905e-01
2.127250662974661255e-02
-5.276781733319847456e-01
-1.307851753731979205e-01
-6.792025272952220138e-01
8.240610786460059178e-02
-3.719520835106785439e-01
7.896315782820246820e-01
-4.028792638510978463e-01
5.376264775354270276e-01
-7.386259872192251219e-01
-3.004551272110230764e-01
5.117733179594510240e-01
6.968552270384373859e-01
-4.189396243306098833e-01
4.373486359292508840e-01
-6.532607398213760019e-01
2.460796214390783110e+00
-8.207071630009065144e-01
3.211081378333599523e-01
3.410717055288173816e-01
5.351320311635034965e-01
-1.033306376867746679e-01
-5.021104306251361615e-01
6.230420120283791663e-01
2.624524032664070708e-02
-5.820963554695781639e-01
1.030777226973246030e+00
-2.714796930377109674e-01
4.274158267746669404e-01
5.982905479555484796e-01
8.944068252017792764e-01
-5.520988710243467379e-01
1.196287037105735196e-01
1.647509203897852270e-01
-1.011539858663216052e+00
-3.036511546363466207e-01
4.517708839461679338e-01
4.380005202537913256e-01
4.971137069874278502e-01
5.385035269290581184e-01
-4.115158061922964405e-01
1.861700295031854191e+00
-2.659375061564062115e-01
5.385207515287792068e-01
-1.612384327645963178e-02
-3.682360643679996048e-01
3.302446150450845663e-01
1.413168969284646637e-01
-9.641542503451719925e-01
1.936336922931063131e-02
6.572239466328394508e-01
6.984514470094904670e-02
6.851430804663444230e-01
-4.641766367305732999e-01
-4.173295051989089344e-01
5.154376369880856457e-01
3.802599618611259280e-01
1.672269947269584556e-01
-4.881302897547795672e-01
-2.171800651299753485e-02
-2.334867644416320775e-01
-2.649096723537565090e-01
8.456762201412873492e-02
3.945557953088809078e-01
-1.735488665884916126e-01
-9.111794489442683886e-01
-5.795527447622932371e-01
5.275035309588532728e-01
4.309986385038375167e-01
-6.770296094548424737e-01
5.778701507258139358e-01
-4.016327676943915459e-01
-2.199849461925881267e-01
-7.360542921492400081e-01
7.661513278281339989e-01
-5.420144302827776261e-01
9.751811514769754830e-01
9.333028681764647672e-02
-3.797239724840406616e-01
1.327104624781945130e+00
-6.078449043015989872e-01
-6.588253978799192279e-01
1.381215082042031583e-01
