-1.155201740488513984e-01
-2.427217332874325173e-01
7.311340854385200316e+01
-8.514875306717402115e-01
4.446013201626393130e-01
8.650623872784659607e-01
-4.719955139201859051e-01
-6.016857648584372775e-01
-1.596299726010679265e-01
6.594119340407962326e-01
7.236002439380708751e-01
-7.486958524416476024e-02
8.950948120687867160e-01
3.943802276749348579e-01
-6.681666050891337250e-01
7.962844158869519795e-02
2.879313117625319496e-01
-8.700408998436743868e-01
-5.539879299888263997e-01
5.774198096245504175e-01
-2.419993753358136157e-01
8.091531545413479520e-01
3.643115208263001392e-01
4.385778496238963431e-01
-9.178397543528173941e-01
1.970514057730408108e-01
1.237143514036325165e-01
-4.416909410750109455e-01
-4.050942729573403511e-01
4.143764039467066063e-01
8.818290597522961960e-01
-3.453949045499338233e-01
-1.908388619160714672e-01
-4.122746889388109182e-01
5.057530131968341891e-01
8.180533235072522391e-01
4.398358580979611077e-01
3.269833907168522291e-01
3.713465412743679472e-01
1.765950670662703725e-01
5.614183947151853982e-01
2.789601102824466050e-01
-5.142040536503240666e-01
9.430142748925509633e-01
1.339326428767984023e-01
-9.344606003256687998e-01
4.827351342649275345e-01
2.544483565674109382e-01
5.899874012989043681e-01
8.472768477415486554e-01
-6.361028627817943981e-01
-3.922313498554268474e-01
4.619818332537128924e-01
2.204017989418738388e-02
2.812446141512310316e-01
5.701564350295986738e-01
7.665372167404197512e+01
6.620080394871701301e-01
5.621927384151315099e-01
8.094075922308350268e-01
-3.316088124690379502e-01
5.563745988257982056e-01
-8.336481694349830995e-01
3.981994068436400802e-01
-6.610465135592589192e-01
-3.896241879273032449e-01
-8.199060626166638777e-01
5.490748366700277661e-01
-9.203049570650170264e-01
3.199811885329775230e-01
-9.222586082367842941e-01
7.383524007926132526e+01
-5.475453308829996146e-01
7.480341101614497745e+01
-6.934200679321502747e-01
-6.354264896875203572e-01
-2.951298902324508422e-01
3.160537208420035604e-01
4.845567314876608744e-01
-2.006263607670606408e-01
5.207243858041121776e-01
-4.109813872076752972e-01
6.408888339892122588e-01
-3.120728051086618660e-01
4.099969501110405368e-01
-3.314515168669025513e-01
-3.864424450836749791e-01
-5.100188076011931138e-01
-7.501947989098245451e-02
9.185383975669036971e-01
6.064094743160250989e-01
-8.023285727289142244e-02
-6.487942617528503764e-01
4.323909940920238615e-01
1.929031173601485349e-01
-8.152850971248453149e-01
-9.826502469624340819e-01
6.312586991853217366e-01
3.034925194190929432e-01
7.209456876326214569e-02
-3.125156097809487221e-01
5.973970461518238739e-01
-7.451263960290008814e-01
7.591160587193665776e+01
-1.682389688596690469e-01
-2.605427980212122741e-01
-1.501246508493110365e-01
-6.750815039504054482e-02
-5.157163371923736417e-01
-6.674248735165102531e-01
3.515695038088215707e-01
5.542344794259250751e-01
-1.445489669729953519e-01
7.285010242011342729e-01
7.867568248567387013e-01
8.277302379082167594e-01
-6.033120669427154414e-01
7.611880646165691644e+01
6.545875364257041085e-01
-5.138214346111396047e-01
3.547622427973435855e-01
-3.968956274532797757e-02
-2.707518287156585046e-01
7.564768665339806830e+01
7.324127832188010245e+01
4.337176543878897839e-01
-3.458128240401387998e-01
1.895225802190494413e-01
9.979925823530892970e-01
-3.047165267586244841e-01
9.157711688229592806e-01
1.020701825262140261e-01
-4.648257796940373776e-01
2.588008934912129355e-01
-9.686970710981037680e-01
7.698389676005380977e+01
-2.415280605411931347e-01
-8.608225661306818655e-01
1.527916901981500875e-01
-9.015405223237729082e-01
-8.656679856197226908e-01
-1.007956592302494681e-01
4.587666540159796025e-01
7.364067245797984640e+01
4.526250415694093032e-01
-4.987293835503081585e-01
-5.426041584579628374e-01
8.357281901968633964e-01
7.629626848395717786e+01
8.446650206924899429e-01
-2.013404628308568256e-02
6.786011024125939706e-01
5.244428088067545346e-01
9.979750565846303711e-01
3.514117009855635132e-01
1.006672558023979924e-01
7.569011218247605477e-01
8.494539201548292340e-01
5.349737359094519640e-01
8.577868559541588223e-01
6.186951123344421877e-01
6.497677594426143344e-01
5.772293631015201765e-01
-2.915012632777631563e-01
5.794638252663062428e-01
9.527976850760224714e-01
7.565273494439551882e+01
-5.235129607606876512e-01
-1.648149747508758090e-01
7.379604547099357603e+01
6.178781004010680533e-01
1.026694321162353596e-01
7.251967459000101712e+01
-3.872421625803790235e-01
1.059360646945073370e-01
5.062945507596250394e-02
-7.285446796910648448e-01
6.177414098960736233e-01
4.497543633830980436e-01
-1.229295145530291400e-01
8.951296730349156405e-01
-7.474094642572339797e-01
7.556886185122581878e+01
-3.516251643997780896e-01
2.792690282651122402e-01
1.617716730914147139e-01
-2.373223086163103179e-01
8.037384720468776500e-02
7.998318381984947933e-02
-8.634767811122352477e-01
-2.683006991349601300e-02
7.259913433907410063e-01
-3.033412134302118091e-01
9.670718097485402343e-01
6.076132333083912318e-01
8.932635405195072931e-01
5.840619737809287226e-01
9.602251096458438440e-01
-2.414945374453525417e-02
-2.477443806002390669e-01
-2.285381425112822384e-01
8.731497454883108134e-03
-3.538226127115049469e-01
9.062802920482853075e-01
8.186294135379919013e-01
-1.267475872468157849e-01
-1.462876713007033036e-01
-2.390561472611045790e-01
-1.392329832997545314e-01
-1.822933248787550475e-01
1.711409182187006994e-01
8.010777517299005890e-01
7.551064232156844014e+01
2.112090390644343341e-01
-7.464629476220474569e-01
-9.916549347643239809e-01
5.068404760559357403e-01
-1.098687565035687541e-01
8.959600086733421342e-02
2.857096940960739406e-01
-1.505710748050210768e-01
5.269818528527201451e-01
5.861980643772355393e-01
6.956446522454131642e-01
8.764188556492698012e-01
-9.809167025538112483e-02
-9.088770583537570946e-01
3.306768408663680603e-01
-3.171354655698181979e-01
7.313515474993866405e+01
4.162215235033033256e-01
7.205083348442851143e-01
9.155560773353250692e-01
6.342562202809078897e-01
6.283611346714510493e-01
-9.014969488228028460e-01
6.194262762269824307e-01
3.334428764613830420e-01
9.513707458263160888e-01
-7.597878706221452560e-01
4.080973571307191516e-01
4.706900215328535531e-02
7.200617198000467400e-01
7.928194184657866295e-01
4.859540404691808924e-02
3.891623111349846731e-01
5.229219140409169242e-01
6.807109121223691162e-01
-3.542341950166627562e-02
6.546997805098764278e-01
8.473927918719044161e-01
7.079874820575149386e-03
3.017711553258137780e-01
7.419814062344293859e+01
-2.601261375194510173e-01
-6.469418504495869637e-01
-2.192366785846990851e-01
-7.869141069564999924e-02
7.729402240887346398e-01
2.789791107648760260e-01
1.760986054912025978e-01
-4.919629241137473130e-01
-6.243348056813684543e-01
6.806387258949819774e-01
4.975285456597111633e-01
