3.943048023958546366e-01
-8.786129282785453132e-01
5.498950034646021834e-01
1.250152592754545378e-01
-6.951386711972928900e-02
7.713220052716107489e+01
6.857167477973384884e-01
6.075919696599756392e-01
-3.702581223826986179e-01
5.714326893446277644e-01
-1.303670180575149384e-01
-1.964322357133312380e-01
-8.106501919101363196e-01
7.389821433921891014e+01
9.901231011846145513e-02
3.682011054723273169e-01
5.559176650880428561e-01
-1.319053958205929078e-01
-6.486557511152295508e-01
-7.693943473757820506e-01
7.201945726756031618e-01
-7.200925977587466775e-01
7.618960070672566864e-01
9.159179291448857896e-01
-1.017042036953019757e-01
-1.829937533623799961e-01
-2.301480712853272159e-01
9.574030251575993411e-01
-6.908446796236726861e-01
-8.330026696423820098e-02
2.768385383595279858e-01
-2.308931667025468926e-01
7.423169321587755576e+01
-3.479253675323661366e-01
1.902566265491498765e-01
7.301748648678945131e+01
-6.755667110804426390e-01
-3.648984461439352955e-02
2.267173168899541125e-01
6.155155865058226095e-01
4.136123559749138590e-01
-6.020975644619601663e-01
5.464814065521443887e-01
-2.621139231672970915e-01
9.749761153126956792e-02
-8.358381667287291261e-01
-7.726521689312846330e-01
-1.090047630995187866e-01
-8.032292739715118923e-01
7.649083483785923399e-02
6.096812339560087057e-01
7.936613427157579448e-01
5.184384966913200277e-01
-7.388696777820038530e-01
-9.163109461445000381e-01
-3.695921691366306217e-01
2.923345232690064410e-01
9.517651166071878777e-01
-6.326179489903571707e-02
-4.274971330265151526e-01
7.132070240135002237e-02
6.466987309087635083e-01
-8.583893976812717597e-02
-6.417022468560813486e-01
-1.364334357932794894e-01
-5.752886761008886296e-01
-3.388256413633268238e-01
2.100545896568399851e-01
9.428013259172383087e-01
-3.544791502933919425e-02
-9.892305634761586752e-01
6.176208053086797989e-01
-3.258310390949135105e-01
9.655109099231795611e-01
-2.173052434630455831e-01
8.159148191149896423e-01
3.608217544685561329e-01
-8.848789048525373957e-01
8.768313891678232164e-01
-2.237890890853655446e-01
7.617980001308202187e-01
5.103590847340055969e-01
6.299048237363633618e-01
5.079941646338306249e-01
-5.640241984171139311e-01
3.413046992201993479e-01
7.063713233263420044e-01
2.999325223988293931e-01
-4.877577828060664089e-01
-8.995395756991619862e-02
7.539732593856844911e-01
3.465140621905820062e-01
5.102704512893572186e-01
2.259265675266985962e-01
7.633992911219107391e-01
1.183980102848447569e-01
5.140136510592667740e-01
-1.866628341108900191e-01
2.334409327717950067e-01
-7.962642678596247858e-01
-3.705186757398573061e-01
-6.326312251795505048e-01
6.432686371640135015e-01
-5.587247774173582648e-01
2.359507229675432693e-01
-6.046706187779231634e-01
-8.589562135060213599e-01
-6.314819081658318289e-02
-5.682292901219589965e-01
-4.013511637464892701e-01
4.170751333416706785e-01
9.923479006881494868e-01
2.840509905382517797e-01
1.967961585649613543e-01
-9.319517279181024350e-01
2.270106450683837540e-01
-4.928544335732443216e-01
-7.989856533042072328e-02
-6.420187108797439368e-01
-7.655941894644797685e-01
1.491825850233732265e-01
-6.773148067566736596e-01
-6.964487250238058369e-01
8.901565789949357210e-01
-3.586808556921881053e-01
-7.682782105741789991e-01
-7.194304174019539033e-01
-4.935693596218198032e-01
-6.849178580446579900e-01
-4.720590773857069600e-01
9.948163416022588468e-01
1.366253966993546953e-02
-5.807239013103426828e-02
-4.955610333045505911e-01
1.052828607398903493e-01
5.564346469963061814e-01
9.160376067719944171e-01
3.425495042076025509e-01
2.763317654724211092e-01
-7.069859280328794071e-01
9.934467888836939764e-01
3.382600237022084233e-01
7.411980763723741461e+01
-6.800220216886134761e-01
-6.086013876516149779e-01
7.372663047782630485e-01
2.982121689124579422e-01
-9.454802659360055372e-01
-1.382449822755045243e-01
3.179331759905428267e-01
-7.755624644080414409e-01
6.801113089386268129e-01
5.810643922140146245e-01
-3.720274124444047370e-01
6.313287616706642069e-02
-3.683244087015722368e-01
-7.999048416609964018e-01
-1.898844956480199020e-01
1.364967348569425809e-01
1.393689514515019656e-01
-2.788557148283121734e-01
-6.404148083444094475e-01
-3.565489180634520139e-01
-8.183458712732416540e-01
-4.798790633813680984e-01
-5.308779644018093435e-01
-5.731667494115533223e-01
-6.226814167512848552e-01
4.224585457250848997e-01
-5.713707764202027306e-01
-2.032393267386023439e-04
8.558875770815330686e-01
-2.820597925339953793e-01
-2.322133389483254096e-01
4.125345944596898740e-01
-9.399471839787003624e-01
7.079619582615426232e-01
1.335836876412763718e-01
-3.256223528299031500e-01
8.027380267638808409e-01
-8.197787050926192975e-01
-3.769160950695176204e-01
-5.393357633770796689e-01
-3.718341182861377714e-01
5.875177083017320001e-01
-8.671545634157520333e-01
-1.951851230498424794e-01
-9.259833589405541687e-02
-7.974652765996572690e-01
4.276885938316359326e-01
-6.195399686676883455e-02
1.850383316739843131e-01
-1.649923416016045863e-01
4.811541244610584300e-02
7.850951591864656631e-01
6.705913822550055858e-01
-7.986906397602839824e-01
-5.972707785724842289e-01
-6.294272205364863648e-01
-8.291078916176641833e-02
4.030770729749919568e-01
-6.781908961366238664e-01
9.660615703058186288e-01
4.055501193838386698e-01
2.478871349029956317e-01
-3.775178962286389606e-01
-8.153801908324511682e-01
-7.598854274003397080e-02
7.518729463529187740e+01
6.046502145356706936e-01
-9.137863246605550938e-01
-3.305574171284018092e-01
-2.133567862676457594e-01
6.549971949167470164e-01
-2.146529334177296189e-01
-9.345036560073245457e-01
-2.561494851208343526e-01
7.324187549505920547e-01
8.688432930456444492e-01
-6.137677751439429841e-01
-7.785623630177394006e-01
-9.351772959885917835e-01
2.514903856000174631e-01
8.103368929539116472e-01
4.676390866720447903e-02
-2.680439831704295450e-02
-4.731094329254719177e-01
9.667086408600051861e-01
-6.766401107593860154e-01
-8.974287161781588917e-01
4.924684275734736438e-01
6.411022137452204728e-01
3.059622154305641217e-02
-6.052187554217149934e-01
5.004947066445231130e-01
-1.619836927297368945e-01
-2.822798633683771818e-01
-5.658243096135155970e-01
-2.190730877527071740e-01
6.596624688118077895e-01
-2.485352361757189321e-01
1.368054555254931692e-01
-2.033868241156850942e-01
1.483401018624299628e-01
6.445537996040526796e-01
-3.452840687749803017e-02
-9.013138527040815973e-01
-9.834799105610403380e-02
8.324028641818699281e-01
7.549453601755816123e+01
-2.961330086594644584e-01
-4.287436766699712631e-01
5.095362976231343488e-02
5.238668772964327758e-01
3.318665184459119732e-01
-6.579317476168393686e-01
9.524720756372195840e-01
8.641206170443616053e-01
-5.492357163348959848e-01
-3.480457107812391371e-01
-9.598263222708056652e-01
2.897729711216625592e-01
9.636817132404347230e-01
9.813144305077283747e-01
6.964692460697230469e-01
