-8.584361584541639889e-01
6.300579643208548131e-01
-6.463483073566180792e-01
-3.945771348797457723e-01
5.329611499895998694e-01
9.793198232733335562e-01
-8.599962627788775293e-01
-2.482171568868356548e-01
-7.062947209157819373e-01
-9.868963521161793206e-01
4.737144233857548681e-01
-8.155293489704076304e-01
-4.567309352299868674e-01
-6.011789743401805275e-01
7.441031317000779133e-01
-6.542674047158951733e-01
-7.238458393363091936e-01
-5.917416999004405653e-01
-3.142619629298224471e-01
7.284554457343930256e-01
-4.289954703243037404e-01
-8.359338023142965923e-01
1.923656517992065051e-01
-8.656659573711005251e-01
8.721955830890761874e-01
2.440448725412502906e-01
6.212231707987339036e-01
-9.907981595051722490e-01
6.496773306786114421e-01
7.852375317704813895e-01
-3.393394296203573468e-01
2.923211979273898642e-02
-3.216348167717302253e-01
2.976972941465425571e-01
-3.441579804584236069e-01
3.890966357241361084e-01
8.418659104832346696e-01
8.027907205872628627e-01
-2.744309181688939780e-01
-7.744115580393664544e-01
9.436650964952488785e-01
-9.754353038580780844e-01
2.804246285426388319e-01
-9.370932659838904222e-02
-3.438393282140517204e-01
-1.030233694106788001e-01
4.671325118893521200e-02
6.301895973621205460e-01
4.195968101581704079e-01
9.360793192253926698e-01
8.248954106368135974e-01
5.858094714970876193e-01
-9.754920677056202472e-01
-2.802446675388921005e-01
-1.261906988611150027e-01
-5.112144296781528929e-01
1.106500046851126573e-01
-8.390507337332027138e-01
-6.721910247068199062e-01
-6.623403371497942338e-01
8.240063470356324693e-01
-3.020801473187770814e-01
-7.907856341231327413e-01
1.012274755334501286e-01
-5.088893687409579147e-01
7.628184877874961689e-01
3.029423738022036794e-01
-6.542620563132450773e-01
-5.993570056067505369e-01
8.152052697541847248e-01
2.606950797207312487e-01
-4.857696731796989909e-02
-7.925691419311109431e-01
-3.255111168590480997e-01
7.961439474690963358e-01
1.364323720862381517e-01
9.399535407946193466e-01
-5.291806592257173314e-01
7.015535680688773645e-01
4.654049063038123712e-01
-1.661238686678092602e-01
-3.334204199864343465e-01
-6.142611372886055410e-01
-1.052140798112730646e-01
-1.569767276123614774e-01
-2.731581270563343544e-01
7.651517734321240383e-01
1.602931701175556167e-01
-3.015254466869754513e-01
8.339002478779597993e-01
-7.414490874749786187e-01
-1.725081497226585991e-01
-7.109111412265356478e-01
-8.317219931115393816e-01
3.750990367068265385e-01
-7.185385606282184145e-01
-5.142873253639792530e-01
-9.928960093708207868e-01
9.301038335380349409e-01
6.603306147746734744e-01
-6.762154041790369163e-03
2.046641015781680562e-01
-4.012933450166233929e-01
9.464849230391805257e-01
-8.249230099078561640e-01
-1.239598052050514543e-01
-4.795646281978882541e-01
9.021387703915215717e-01
-5.870085003620664210e-01
-4.566058539470820854e-01
4.172027986836792657e-01
6.586137505191891339e-01
1.145386832983938952e-01
-4.372712954959092624e-01
-5.129152963479333138e-01
5.064409427664842145e-01
-8.036731983750495800e-01
-6.263261005595148756e-01
5.759622845811331882e-01
2.352483393087878571e-01
-4.815777936750607058e-01
4.392398461932229825e-01
-5.175001708542381618e-01
-6.089850601747723857e-01
-1.591851980611429518e-01
-8.617793105868873926e-01
7.045333883588580370e-01
2.479150691730123146e-01
-4.963971146878543017e-01
7.731324790263598423e-01
6.160104674222359744e-01
2.938509830906974596e-01
-3.384768806285773923e-01
-9.121219777874616241e-01
-1.292036578525059820e-01
-8.232529246048447824e-02
-9.207119446640970040e-01
-4.842544804452018070e-01
-4.170420493991426891e-01
-1.842554808788618992e-01
9.264509641849125732e-01
-6.646131462591620132e-01
-8.360614810566247002e-02
-7.201479203643457172e-01
-7.293143987894254998e-01
-9.009470227816314125e-01
-7.813318368575328243e-01
-5.366838567836416107e-01
2.603047425506879176e-01
-7.520881503403660240e-01
-5.336934242236490711e-01
3.706048914673421013e-01
6.234916595177595333e-01
3.627582364920169944e-01
2.205698089878789236e-01
-9.999671115677981614e-01
1.226928414532426626e-01
-4.312636093886805799e-01
4.669893576832200299e-01
4.493290158642559984e-01
-7.296353591933106841e-01
9.287618588796009433e-01
7.337171686765588952e-01
9.799696873898569027e-01
-5.332076913949106434e-01
3.306888110990204854e-01
-3.638459285184156844e-01
-9.567783048788307543e-01
-5.020692158429784779e-01
8.802301812318757968e-01
5.001112403947294283e-02
-2.768316120777376543e-01
8.549007665961978475e-01
-9.275203492400478922e-01
-5.247042291988357476e-03
-2.416048864860929068e-01
4.814697795836542227e-02
-7.755698059701880975e-01
-8.419880485539763537e-01
3.906019426225442182e-01
-6.865202366118059452e-01
-4.738048825975906819e-01
-8.605857810367447680e-01
9.985701809320404188e-01
2.636414488277210033e-01
9.654577514413018591e-01
-2.126544530771552477e-01
3.124450678969949990e-01
9.407548370961185125e-01
-6.447255115570809103e-01
-6.071414462374129517e-01
4.675411667280511274e-01
8.632103307536480585e-01
2.222484626121958851e-01
-3.200096785184833870e-01
9.826906264174970485e-01
8.728876757947670040e-01
7.542611197526918332e-01
-9.235403007739628745e-01
-1.504695711953838444e-01
-1.550025223650863815e-02
-7.037362300798346570e-01
-7.214427611869027590e-01
-2.836770879599515016e-01
-9.725630067105910381e-01
2.844356524995579338e-01
-6.405428192628215278e-02
-2.963749543170171030e-01
-4.165910048434895430e-02
8.015299468414369688e-01
2.862023151274954991e-01
-8.300247933788145183e-01
8.071008072627614549e-01
4.209426223460321914e-01
1.812920175774090925e-01
-3.805274553875583887e-01
3.190472318583859046e-01
-2.681848625315819135e-01
-1.276020947808096384e-01
-5.528270827639387708e-01
-6.262499324654278166e-01
-2.902196609706120256e-02
5.306256483779425714e-02
6.222097032459734667e-01
-5.602133033323086764e-02
-1.272792181354553964e-01
-7.827221096599454864e-01
-8.990369784830893884e-01
7.468482458920432521e+01
7.521244128889551916e+01
3.625270581667128234e-01
-3.091066638427220070e-02
6.930846368328191787e-03
7.633107937322792225e+01
7.313839422982590577e+01
-2.756931782020675126e-01
-5.016795050177962345e-01
7.379500466044902396e+01
2.548105946187504411e-01
7.680874556813225240e+01
-3.341638275085005994e-01
4.286908903534381032e-01
1.188817796576711050e-01
-4.494790303677285159e-01
-4.142440020912729892e-01
-8.163236894744496652e-02
2.817664416289991092e-01
-3.801927593315492793e-01
8.154901753130396891e-01
-4.274507493975969741e-01
-7.171581274702305553e-01
-5.994865700040845624e-01
6.822904551112720650e-01
-4.266865235470269635e-01
3.825697153218898805e-03
-9.277930585144988918e-01
3.305757096529535755e-01
2.897722409517387021e-01
-8.005809527353100474e-01
7.097759481685244065e-01
-8.526023972685570218e-01
5.801426706456525029e-01
-7.060067617510719096e-01
7.524443929972537415e-01
-6.349433280067138252e-01
