-7.865223367259259746e-01
3.458202729883601556e-01
-1.809923390437253587e-01
-4.520436393370819150e-01
-6.242354869004227425e-01
7.412101645959394602e+01
6.840447540577008212e-01
4.138878090737192483e-01
2.049379496479746265e-01
-9.929832800122893044e-01
-8.890597533878237257e-01
3.612043154914654775e-01
7.902279544658734611e-01
-8.165068267841233407e-01
-3.758009098998349451e-02
1.444282907075551403e-01
7.590466210089606136e+01
-3.224900689423448874e-01
-1.306368886621489533e-01
-9.413096540386360900e-01
9.104985018166216193e-01
-4.030644154118354638e-01
4.003064676349612494e-01
4.980368788974209870e-02
-6.926469761015605631e-01
1.777237148157280178e-01
1.070767619806525239e-01
4.543008412626423631e-01
-4.777458247950749914e-02
-3.112693026093134030e-01
-6.707411174277506660e-01
3.233771072629521015e-01
3.280050874310624920e-01
-1.472688818227636531e-01
-1.191499218889411349e-01
-1.029495406972866789e-01
-3.323305656197752533e-01
5.859166220850233753e-01
5.623511755261176859e-01
8.401934798883743394e-01
4.932758405858395090e-01
-8.749636087970680265e-01
7.618701890384035380e+01
8.150319200483255866e-01
3.729659611889866166e-01
5.485049377123962788e-01
-7.508571034216677820e-01
2.520401253867539104e-01
2.424349621212740225e-02
8.090543366416549365e-01
8.575233182715025215e-01
7.428865544003269861e+01
1.834458041091315827e-01
7.085117542003041002e-01
7.476908221661716425e+01
-6.543629146348561854e-01
-4.547110690566780189e-01
7.311592037243559616e+01
5.598509042926398394e-01
-4.314173788304893620e-01
-9.749696273180765704e-01
9.400635550204738955e-01
-9.956148118113479217e-01
5.568033119760109617e-01
5.972379383087871307e-01
-7.478122578523580533e-01
-1.860350094605127680e-01
2.208032141694926676e-01
-8.570935386448441662e-01
-3.754868990236284176e-01
2.776034268729277166e-02
-5.191056914213292295e-01
-2.898956948329014516e-01
-1.068245208642601973e-01
6.166210820411892612e-01
9.779007891331170654e-01
3.833051821026263184e-01
1.347922261764666896e-01
-7.333082948121398825e-01
-1.354716490772267523e-01
6.228141577679693341e-01
9.468043802629844130e-02
-6.446194054875291624e-01
6.265691465353031564e-01
2.770319371969447442e-01
-7.082415335183023242e-01
7.290330066706798284e-01
-1.109301621809044569e-02
-3.567011899348708770e-01
-1.227477374477103922e-02
1.044000089305925361e-01
6.474617805045406183e-01
-4.906714110488261671e-01
-7.775110919164731627e-01
4.500557932424567031e-01
-3.968986056804628682e-01
1.917148923601530441e-02
-5.978770330718738979e-01
9.943604907937180215e-01
-9.056898773458099683e-01
-3.858919393764925765e-01
6.303160105150367176e-01
-2.254708890698475798e-01
5.616434414314126489e-01
-2.964608113585009974e-03
-8.892182884890056371e-01
3.767283196926911604e-01
3.274569590214739812e-01
-7.890619217242189620e-01
-1.661395665630807095e-01
2.422154199202324332e-01
-2.142463953068107774e-01
-1.263121181738584564e-01
4.074160431325823950e-02
7.711906652920552663e-01
-3.993546883578136253e-02
5.529143568140484355e-01
6.926316434644652631e-02
2.971604076425704566e-01
1.268545444728386151e-02
-6.332299786347124204e-01
7.483492642816484874e+01
7.378231509719014980e+01
-5.395521255066741961e-01
5.852503836496358858e-02
-6.545090646945288526e-01
7.579673926761941516e+01
4.962536132825019486e-01
1.710329647829158528e-01
-5.803042575135273218e-01
1.336060371637448618e-02
-9.590738839703292218e-01
-1.692722521498999377e-01
5.853360253482509101e-01
2.765495811167033580e-01
6.190943831977449019e-01
-1.150471540624660172e-01
-8.519766363504324147e-01
6.479560823547068082e-01
-8.571847022243452852e-01
1.968611561306505831e-01
-9.125044577964502857e-01
7.361623126581041276e+01
-2.155887630880914951e-01
-2.494177124071388363e-01
-4.637805104571994796e-01
-1.716677898472942498e-01
6.270756986270720201e-01
4.212378471502988830e-01
-1.366952869310251728e-01
6.526868902418250240e-01
4.297442400768658466e-01
-7.353547549760486302e-01
7.378879158202122923e-03
7.730257749967159864e-01
2.646160836615283340e-01
7.110396177137969786e-01
-8.685584538254174092e-01
-1.571156956842887364e-01
3.592571467619334324e-01
7.345054614743238286e-01
-2.750345716296667131e-01
-2.071274487847698520e-01
7.398520508049844580e+01
5.416953847487284701e-01
5.842744735248834864e-01
-7.569400735396432101e-01
-8.736759132080422763e-01
7.411956712633638311e-02
4.375427367341890861e-01
4.142417579384118920e-01
-2.055831480646508336e-01
1.117655959352938932e-01
-1.080295019065786732e-01
-8.770618306895405780e-01
1.798403843233393751e-01
3.161398142827451796e-01
7.987807460096987278e-01
9.692005404270291891e-01
-2.555819204826565993e-01
-1.968341047268382660e-01
-8.823531112339104698e-01
5.545048736860955785e-01
8.366347755183762835e-01
1.184199733220758777e-01
-7.240286239128759238e-01
4.626231172126873403e-01
-9.016037941509700282e-01
-2.765752122812579206e-01
2.462482116548021516e-01
7.613973511775344871e-01
7.468603196406047573e+01
-2.914309883797003842e-01
9.789744779845896971e-01
-7.658579355505623631e-02
-5.900045480174813672e-01
-3.091763682999202345e-01
-9.575061714148589420e-01
-9.334097355228079262e-01
-6.344063513392423914e-01
9.697709428332397241e-01
-6.097094200346171444e-01
-4.132576928230924374e-02
5.755944883086989705e-01
4.378959070815529042e-01
-9.043271332941382745e-02
-6.129073591225808748e-01
1.072419528828933988e-01
2.730633282375423132e-01
7.796755946831490647e-01
2.720192105928784798e-01
3.930785497965805231e-01
7.617996740551593593e-01
-5.845236382813807641e-01
-3.566604981979779598e-01
-9.872603880393071574e-01
1.849805155210848540e-02
6.122548110712044966e-02
-8.357703565538805446e-01
5.991319848787899360e-01
2.903817034395965724e-01
4.376008697045143947e-01
9.196827223580639199e-02
1.508462404292276737e-01
-9.086648995390518291e-01
6.865026190709424547e-01
-4.056380689465892697e-01
2.459967415118673451e-01
3.975743155938067375e-01
6.879952162832396745e-01
-2.927784877050738643e-01
-5.545371712046196500e-01
7.761873686202038769e-01
-5.764808247390029727e-02
-4.572870104072281894e-01
-5.859158723553703485e-01
-2.620503090729919826e-01
8.978561085377145812e-01
-2.862362715804112057e-02
-9.249968460147144356e-01
7.364157101589803300e-01
-3.806088412252301989e-01
7.622793852140574700e-02
1.501098062041481551e-01
-7.218405755910033417e-01
2.069598860473282897e-01
2.722235748738763839e-01
-7.277057867788492285e-01
5.181297800368982465e-01
7.976664891374007915e-01
-8.292933194711991085e-01
1.593074604593525123e-01
-4.928943338879210323e-01
5.603720708528792116e-01
-7.419129910806960826e-01
2.583056660666922522e-01
5.925386601156390487e-01
-3.226226858603966630e-01
-2.000290670132851556e-01
4.905176062489040589e-01
5.909504178068125668e-02
3.310239967350172563e-01
9.895715784719785191e-01
3.244052042461096352e-01
7.299503412503007382e+01
