1.900739917708755833e-01
9.360370417640258012e-01
-8.402568029553150186e-01
1.100484595829003265e-01
4.206937432091706341e-01
-6.933250009047986495e-02
4.972552615494998385e-01
4.327075130270814363e-01
-2.765159088069695237e-01
-3.474463796990034936e-01
9.133680427961365922e-02
4.056277654811351052e-01
1.509118797448372185e-01
-9.838844810336648816e-01
9.149902254492505715e-01
-8.185526484203842212e-01
2.850292821733169113e-02
9.678931543895192835e-01
3.862793583617851745e-01
-3.322975659485660760e-01
-6.949031934280318623e-01
-1.251921052999060979e-01
3.983696632576436691e-01
-2.124996193543295941e-01
-3.054227878600692669e-01
1.154288717535607578e-01
1.307280186307342440e-01
-4.618404403210298881e-01
-6.937852312086583151e-01
2.078094801748022746e-01
6.214584826807332263e-01
2.801848595789580010e-02
-5.646861248484968954e-02
7.713807405926733640e-01
7.880382573470900986e-01
5.021731675771246017e-03
-8.273680342835243451e-01
1.209149962167685999e-01
-3.701291779331454812e-01
-5.357115053186070064e-01
-3.345825255724950154e-01
5.416735895605984119e-01
4.706726241806367117e-01
3.903607715337318318e-01
4.054695685558971086e-01
-3.782832426715554419e-02
-5.657251431433196753e-01
1.784258373891081106e-01
-2.092574991329332335e-01
4.526631107484464511e-01
-6.154746649190512287e-02
-6.571785971015946526e-01
2.424702726805467723e-01
6.073088185816204465e-01
-9.201483668463232846e-01
2.810242762715993159e-01
-5.212473190363287046e-02
-3.760249023486506026e-02
4.130095975447882761e-01
-9.362792817329363970e-01
3.659439580176302442e-01
-2.890209448261935599e-01
3.138337285254440001e-01
-9.334310982573690296e-02
1.924095846366835616e-02
-5.727805276646964483e-01
-9.131685226855570381e-01
-3.570077014934178727e-01
7.208166572202900912e-01
-1.022495324364263158e-01
-2.278721172613227264e-01
-9.312071585025292197e-01
-2.317408790219210868e-01
9.033295846003934759e-01
3.011774616525042525e-02
-8.856045399869256762e-01
1.114346858913530802e-01
-5.155885700290863127e-01
6.614718458499333487e-01
-3.926535823362327093e-01
-2.880934083076800434e-01
-7.703244707944580938e-01
-3.437115058532347334e-02
9.069623130516746290e-01
9.476599967904015820e-01
9.148523163332225039e-01
-6.029398309217539609e-01
3.263623094638474775e-01
3.865516040183227808e-01
-5.999219860641518132e-01
6.410508272825024001e-01
-9.701246956589288928e-01
5.021941581989703973e-01
-4.924361326601012223e-02
-3.917853224072675999e-02
-7.250828425101487618e-01
-2.253731093735389379e-04
4.696081968043397392e-01
4.222226884495294819e-02
3.478357782572067958e-01
-1.201011858617122563e-01
-2.438733083369681864e-02
2.527173269157183544e-01
7.138009486855088070e-01
-6.982454835365723422e-01
-6.297599704939378373e-01
-6.477623502515683640e-02
-5.518956908961265562e-01
-6.839330325847303715e-01
-7.853563057871639774e-01
-5.499539872925065520e-01
2.373753865593137835e-01
7.722650744710977122e-01
3.808535618979156379e-01
9.087286414648503285e-01
1.760195427393662637e-01
-3.479344437492637443e-01
7.104456329313602048e-02
-7.743132718731815523e-01
-8.752084715676486937e-01
1.480409932299608933e-02
3.271413585137565860e-01
-5.759025085624585039e-01
-4.612216630014938090e-01
-5.070808185893829201e-01
3.205249219589518805e-01
-1.358390535569466984e-01
8.878846378709723819e-01
-9.173659301067038641e-02
-3.873777420072843647e-01
4.062025351505176296e-01
-8.636749985249836392e-01
2.288353125202502447e-02
-9.098172431072346633e-01
-4.250798565504296800e-01
-4.347696476100573193e-01
-9.275495094949623986e-01
4.615313809874102002e-01
2.934125546387551520e-01
9.436702970830304071e-01
-6.420578100111984376e-01
-4.221134981373513284e-01
-4.650757501908142633e-01
-6.858752924214972513e-01
7.323262806085868437e-01
6.758479754103952075e-02
7.122995035280497156e-01
-5.714331882285281772e-01
-3.686755897383258151e-01
7.184463934803029250e-01
8.506478275513424947e-01
-6.956010163542056812e-01
-9.062914996421205238e-01
6.363358216723260519e-01
-6.774740623624795344e-01
-6.716280074636811204e-01
-7.896410678176730702e-01
8.705766719149301558e-01
-2.357004443317771702e-01
9.410165795692082558e-01
6.488951853158420047e-01
5.251749811424490932e-01
1.861552749398698303e-02
-8.506814931049613282e-01
3.872450236796010081e-01
4.320420590277820327e-01
6.709325624130388910e-01
7.003575411557354524e-01
-9.399995958989244560e-01
5.264450372322866389e-01
-7.299664118595059481e-01
5.488254886157442058e-01
-2.176908087472864128e-01
5.209792464030491566e-01
-9.868020742785470478e-01
6.637843271852683635e-02
7.415974013317643276e-01
7.962700826726465397e-01
-8.130955763373459710e-02
-4.013508204186351236e-01
5.018327642612521178e-01
-1.047169736806177198e-01
3.470415723304656197e-01
6.698188108710481092e-01
2.541658731927145531e-01
2.246922345483903793e-01
6.734226950193569206e-01
6.325336948595583486e-01
1.691916830420645557e-01
4.899794981752008116e-01
-4.327828372610746932e-01
-7.786182748784176155e-02
4.311988648752738129e-01
3.428834416392190221e-03
3.543778790862981420e-01
3.602893754836566931e-01
-6.072145831791433412e-01
-4.109822256759123604e-01
4.108874464520191339e-01
-7.736357045257808984e-01
2.639902772402320519e-01
-3.675262297744086304e-02
-9.838281973323765861e-01
7.466756574862360996e-01
-6.613173317385565575e-01
-3.443733973258416015e-01
-7.381567357735911994e-01
-3.023775064623976938e-01
2.931477253353227397e-01
-4.535075850940242237e-01
-8.310094266392360485e-01
5.182591242087406513e-01
7.424558119388802169e-04
-9.472668433302580127e-01
1.602948622062678741e-01
-5.966220783656017712e-01
1.474506055421866968e-01
-2.010818336870510148e-01
-7.460544384368739124e-02
-1.294028405333773613e-01
6.828305730544084184e-01
-8.442657318540962574e-01
-5.677515657655336501e-01
7.162290776165125550e-01
7.159966244011559677e-01
-3.939544995466177646e-01
-6.956150000001597444e-01
6.006942562052388634e-01
5.673378475264359011e-01
6.975474122964826496e-01
-8.662647253577322459e-01
-1.690263154222937381e-01
5.524373613500499491e-01
5.951199218146272507e-01
8.370217143655074299e-01
-1.074077433150673055e-01
6.479541878305736802e-01
-2.603308089486853216e-01
4.765509395901628142e-01
8.920204945620446857e-02
-9.201052604108661548e-01
1.798191464638445591e-01
-1.114966935597576647e-01
-6.095115093599479117e-01
3.893798532153109893e-01
7.402785651839516312e-02
-4.190429401350792560e-01
6.804277042316959623e-01
6.671499065260393380e-01
1.751480328943868514e-01
-6.670351480444280945e-02
-7.227890219652763903e-01
8.199031761905033466e-01
8.402659732502013590e-01
6.109099990416830828e-01
5.271775737262456296e-01
1.853863612609605305e-01
5.636515763023601799e-01
-5.180386526379778811e-01
-9.397213678542513104e-01
-8.060454548227784510e-01
9.092601757311855604e-01
3.532259660640062471e-01
2.221441010991864751e-02
3.374616548241875513e-01
