-5.527579821002275295e-01
-5.742914474791804835e-03
-2.680512011117293092e-01
5.483334374811876799e-02
2.844660331352231175e-01
9.792475383403451694e-01
9.204539168803402838e-01
-9.521562007952555362e-02
-9.571020205701876726e-01
7.072342944933773801e-01
3.042450886552574563e-01
-2.590218378386739406e-01
-2.275494584747117521e-02
6.799745068744773580e-01
-6.383148174935797670e-01
8.250874283609941351e-01
-3.176069642787002767e-01
-5.763234463809612240e-01
-4.932794375884550497e-01
-6.733565631040780985e-01
-2.318940454103108895e-01
3.139516246611866457e-01
-1.818252543253982001e-01
-4.472572249198436545e-01
4.131413958740928205e-01
7.613798831380413912e-01
5.325723470453154196e-01
2.546086684951915924e-01
-6.800591430829256989e-01
6.305953454031896221e-01
8.456966454352956575e-01
3.235670326713442346e-01
-5.113943760647421399e-02
-2.462856526947423408e-01
1.772587992169654125e-01
3.292654197403599436e-01
7.308261308168880532e+01
8.585349430715005781e-01
4.378471370766019444e-01
-1.327227755700062239e-01
-5.615141401653616082e-01
7.349744545693928099e-01
2.742752213435304398e-01
-8.799159653155399496e-01
-8.975017569802783424e-01
-9.905385064387881577e-01
-6.899775445506552973e-01
7.461768378786072731e+01
-1.671341136700963403e-01
6.008349658366278767e-01
5.373137049576035551e-01
5.881115671185666027e-01
-4.308777437465829419e-01
-3.539269565580129839e-01
6.453389167872312093e-01
-1.786318735773131383e-01
9.540009721560414047e-01
-6.107636288621198783e-01
-1.894792171828063587e-02
-4.806794433103922515e-02
-7.715039803626420056e-01
2.274502370167907905e-01
9.529201524547179503e-01
7.952210531695502738e-02
8.283495155195619297e-01
-6.189436224084965410e-02
-1.129133651234244251e-01
-9.438694872446449224e-01
-2.382247113257376370e-01
3.410918094293104996e-01
2.943834306309511817e-03
-5.378785265221524003e-01
-5.048804562653288475e-01
3.834223584942713092e-01
-8.784059354271240849e-01
-8.431637007608421275e-01
6.805514527314016071e-02
-9.703429574889714804e-01
-1.102297623902621648e-01
3.499036289324464200e-02
-8.202438315149620518e-01
-6.696085415833072929e-01
7.465067328214206555e+01
-4.896410142258389442e-01
-4.758453439690664144e-01
-5.304738658463188372e-01
-5.058713605973119698e-01
-2.951755995810989575e-01
5.386713113809440401e-01
-3.482852334375770020e-01
1.929716712529390144e-01
2.435215340791452299e-01
7.297054744826858563e-01
5.109853238353059268e-01
-9.427460079998399856e-01
-3.646787799365078797e-01
3.673794264133911636e-01
7.249908238255720061e-01
3.253140538735597165e-01
9.979274827138184811e-02
-3.624009540715953381e-01
4.533780888964902278e-01
9.207460946553558401e-01
-2.153655040179685010e-01
5.843801825631711466e-03
5.246618177125945692e-01
4.530662516218646463e-01
-1.868490249490064592e-01
-6.753908409610873687e-01
-9.682170519047377244e-01
-1.608783488893590352e-01
2.218365175174741299e-01
9.852534786861268934e-01
-9.907559826191243424e-01
-2.614953221900284674e-01
-1.324007485827638497e-02
9.684966743053562421e-01
-9.577507757103687069e-01
6.681255800906995557e-01
-3.421401689227632215e-01
-1.401389387360119088e-01
1.008971794343771489e-01
-2.508132326443330840e-01
-3.041912226150949028e-01
-9.275725524988367443e-01
-9.681996409173150298e-01
3.565739335427584589e-01
7.963001500172632863e-01
1.594587815004069320e-01
-2.273785315657361750e-01
-8.693017095759836277e-01
3.437477139504772072e-01
9.817894405614520092e-01
-4.085321992309511874e-01
-4.678365415894123469e-01
-8.393291366107373808e-01
-6.129351295952356615e-02
5.238095555474711063e-01
-1.151619945125981204e-02
-1.223985954442767810e-01
8.583429607478731960e-01
-1.776804986743858450e-01
-6.780694854506861269e-01
7.247865996730703841e+01
6.897106424994592366e-02
9.025184324772594913e-01
4.455236837861784593e-01
-3.429373876251757824e-01
6.586348968373834101e-01
-2.974021055641504763e-01
7.737508973276146662e+01
4.789022112898178030e-01
-4.395792174467980651e-01
-6.485513204071271520e-01
-7.818501605447869540e-01
-5.440224664775445973e-01
4.363811866070876899e-01
2.431613844748323761e-01
3.045679128938629798e-01
8.206848378796958166e-01
-8.889100300164238799e-01
-3.219245853380583444e-01
7.732595976749942679e+01
7.367164863480954295e+01
-1.204147104439068361e-01
7.420602720605382618e-01
9.639380821411493994e-01
7.517566157352277401e+01
6.700797534860059024e-02
-9.432715489034828593e-01
-5.231108064539413682e-02
7.476730920769911748e-01
-9.260290407856452966e-02
-7.098172177267811911e-01
5.578139735217613193e-02
6.526235881871704780e-01
-6.903395737326720738e-01
-6.914271613496778546e-01
7.672811920082782677e-01
3.816511893587666293e-01
9.793559254815349391e-01
7.260286543899938660e-01
-3.023168243929346133e-01
-5.449196216933931414e-01
-8.094959232092262535e-01
-4.130576810250090602e-01
6.874881488082094094e-01
-9.989974419055736021e-02
5.674268102444979256e-01
-7.866929319050293135e-01
3.321445690072348800e-01
-9.360903555266248954e-01
-2.132694905648719885e-01
-7.261935831185601931e-01
-4.278366596162483937e-01
1.209405749242031813e-01
3.958869702796121715e-01
-1.382586889546109088e-01
-1.411557658853610508e-01
1.136329595449854235e-01
9.142434258765594901e-01
5.183240771885633258e-02
4.599397660885520267e-01
6.422279289138317360e-01
5.666645123168618792e-01
1.079090811894862778e-01
-1.111888478071083597e-01
-1.869851207225536882e-02
7.482231074667051729e-01
3.733793547801569357e-01
5.529889261509894904e-01
6.258244473927543350e-01
-2.126872014668161892e-01
7.106761781648727183e-01
-5.638836190267810800e-01
-7.655353819655004166e-01
-6.829111413361186322e-01
7.837049006033991461e-02
4.609615363897545670e-01
1.537421672735934663e-01
-1.844678793795004879e-01
7.800574151402439593e-01
3.897330438027177824e-01
-3.550873044105693488e-01
7.340480936796631717e-01
-5.214320132187124646e-01
5.440088578005011222e-01
-6.997888171236354982e-01
8.914503391720021153e-01
2.889968618408740308e-01
6.125640687505018445e-01
1.053060107826313541e-01
1.697590405366369293e-01
-7.903953101026697237e-01
1.782050206264060854e-01
-8.024384563128861281e-01
-9.998716247193202289e-01
-3.750979828310774256e-01
-2.740264402964729396e-01
7.848083853368879037e-01
2.289047948446178982e-01
-7.610489777767641684e-01
-9.031305029759872927e-01
-1.102332077209726702e-01
-9.840711573112010946e-01
3.588484278630219571e-01
-9.775755092633480192e-01
9.015503103220274816e-01
-1.770564618659742351e-02
-9.421125984724159075e-01
-4.984013388243813125e-01
2.028382744069794352e-01
4.009224965316855460e-01
-4.749389652513080762e-01
2.353270493281622855e-01
-5.131593866624339917e-01
7.698878169480893874e-01
-3.986816645273563164e-01
9.013869087024770632e-01
-5.405642498251279626e-01
-8.229183116063900627e-01
-6.887221224954189758e-01
-7.092013735047524303e-01
-8.679778338577004426e-02
2.552144308493820013e-01
