3.485991486723558630e-01
7.882314231855089837e-01
-1.366388019550821564e-01
-7.701023449313515457e-01
7.550650527107987120e-01
1.660892326297751520e-01
-3.843573633806236511e-01
-3.697840061036734571e-01
7.837255704613443896e-01
-5.130465464208657789e-01
-6.152371347404745894e-01
1.865231809946337194e-01
-5.899476412878867926e-01
6.034505304632986622e-02
-9.181333579183537097e-02
-5.316776692197791032e-01
-2.995114238781075855e-01
9.669631697346976473e-01
3.491282849651680120e-01
-1.951771764699965495e-01
9.108668994720947598e-01
-9.134320305674219487e-01
4.886496870235381706e-01
-2.924513634106506998e-01
1.944912188145402343e-01
-7.803386644550962536e-01
9.677175507504560681e-01
7.249286603655498151e-01
3.742075297470519590e-01
-7.817867981427768509e-01
-1.607330557103525681e-01
5.563294892782983947e-01
2.454624483202361152e-01
7.267500282067775874e-01
-9.875417858516302161e-01
-3.418072550109751973e-01
8.319833808556438282e-01
-1.855032925347608330e-01
-4.447928158975054114e-01
-5.798174392950343758e-01
9.580710645144350224e-01
4.368095555427464749e-01
-3.840586938900929503e-01
-9.913338701563481070e-01
-1.615928432548496829e-02
9.369921813450514669e-01
9.609468581346936045e-01
-4.101187825931755793e-01
-8.091717571860190805e-01
-6.723678848149603482e-01
-1.592452168131037737e-01
9.042184066695886369e-01
-2.682974383905776250e-01
-1.841555516816637539e-01
4.786413674309542010e-01
7.224018537879588475e-01
6.345674768517017839e-01
8.651035355460785503e-01
-7.227368357850174618e-01
8.075797016254342431e-01
-5.002944071487334110e-01
-7.702364362242519746e-02
9.182408456872881430e-01
2.080046503840216054e-02
3.309676289303462582e-01
-2.067185836925102826e-01
-1.624050279183069101e-01
6.603985136433394576e-01
-9.368138712015672276e-02
-5.047132473940973973e-02
-4.114809873236717763e-01
2.043822747624530756e-01
-8.617348711521481963e-01
9.174471830331998312e-02
-3.229176135162379335e-01
7.039392019554693292e-01
4.395935190197235443e-01
2.700804637747566961e-01
9.138407927607252734e-01
-8.873224599170836946e-02
3.896919966261935819e-02
1.000061334773607591e-01
1.979301361741405696e-01
-1.289062971621721676e-01
3.595537641891468628e-01
-4.180405979638224245e-02
-9.745271519707168206e-01
-1.830898962574387667e-01
-6.648375110889868100e-01
5.684050213143667651e-01
-1.226910570334629469e-01
-1.036337256152857211e-01
-5.704043076667746348e-01
-6.319979938269630892e-01
-6.846428145374359175e-01
2.966301378630069596e-01
-4.035109016576430285e-01
-7.016294979597517134e-01
1.500154814182910190e-01
-7.527393411339464713e-01
7.472005217863615378e-01
3.797280583581170710e-01
6.229918749790219756e-02
6.423934861622668802e-01
-2.399054244351901399e-01
-4.018291445777506521e-01
-8.265650991510848922e-01
-7.400341767415499206e-01
4.247386076964101420e-01
-4.704625920593108468e-01
-2.450976136000950767e-01
-8.964617590616263954e-02
-4.286945866077773726e-01
2.258580306686979178e-01
3.319661790042629512e-01
-6.926005303663975710e-01
2.185675049763124989e-02
-3.877663675672258226e-01
8.578859995285179618e-01
-4.104532679599077749e-01
-9.554826631101773771e-01
-6.010724446210475858e-01
6.712619226562837049e-01
-2.972328508579888950e-01
9.637421445680982579e-02
-6.721151255173805072e-01
4.340659010407224017e-01
-4.010273227412362029e-01
-8.912949223568822354e-02
-6.906273768824919834e-01
-4.630529249149286652e-01
-5.811080332501430412e-01
-9.551750287266624895e-03
9.312754710347577181e-01
7.315097802315011499e-01
-1.598279715233812404e-01
2.838362227465656140e-01
3.367479128669637056e-02
6.971383793307455168e-01
5.941382721783174947e-01
8.729109137892110404e-01
-8.929773969256347144e-01
-3.888727644730203270e-01
9.139374008326190957e-01
-2.365643198735967179e-01
6.359463613226439271e-01
4.415293340186774440e-01
8.596531131998317310e-01
7.626915419379425298e-01
-8.218519660693901496e-01
8.460591924281026799e-01
9.269839168284323971e-01
4.815836312543739783e-01
-1.721517545547088801e-01
-5.343472037738594693e-01
-8.780782641607758343e-01
-5.334824515509946075e-01
-3.393588095888184775e-01
-9.249961077467567794e-01
-7.292179510938885389e-01
-6.477821671014112326e-01
-2.156592496619813559e-01
3.356900577513788342e-02
8.162477717032681213e-01
-8.509911037689528168e-01
-4.132254919576601182e-01
3.826761646081870971e-01
-2.835996022758704438e-01
-6.175865903790505040e-01
3.176846846671881330e-01
1.471877646601966738e-01
1.753949840104951363e-02
5.639365595680769783e-01
8.288192759003147891e-01
-6.824407090854276436e-01
5.049691299839276226e-01
-8.646054721583902314e-01
-8.221161416358355734e-01
8.585601228599877288e-01
-6.788841775817513469e-01
-7.934757135732504185e-01
-5.404708914460514269e-01
-8.626814124970330067e-01
-7.302140945456971899e-01
5.245371355942776148e-01
-7.778014082893562886e-01
7.037505074448251463e-01
2.034904189132886732e-01
4.737719668117672533e-01
4.774231132111803610e-01
-9.507182712886697029e-01
6.417624839112454627e-01
-3.214906361352454223e-01
-7.814291292083386242e-01
-7.696389021815546183e-01
-6.557106297087573754e-01
-2.488938673803993140e-01
-8.313351601587455342e-01
-7.245846317850792584e-01
-5.891705585619462227e-01
8.135397738467142759e-02
8.031851012585262684e-01
3.398526476773571225e-01
-4.316987353963166463e-01
4.920338609212571157e-01
1.224280886213477970e-01
8.084959011825376685e-02
-1.678578928117175906e-01
-1.343235438405281368e-01
-5.688931169278930167e-01
7.965265827144896171e-02
-2.756896799299513034e-01
-1.139979098411658676e-01
8.462871664997571042e-01
1.594550216784560437e-01
-4.309663824456957393e-01
5.444096661248964963e-01
-3.842147768327079937e-01
1.052308846422720379e-01
-9.325561300110840612e-01
-7.333361358192098667e-01
-1.412067385514517159e-01
-4.686006012765453477e-02
3.061057712885137949e-01
5.479950095687584621e-01
-7.722260038330897025e-02
-7.296646101074419910e-01
5.526732581917099818e-01
-3.225249911529031177e-01
3.461589724517533107e-01
3.822078934348451806e-01
9.454318838278736870e-01
-9.705304450216161172e-01
1.164540437743541990e-01
-8.114543570111156789e-01
2.479811006308525467e-01
-4.215726766292042793e-01
-4.283076012289646073e-01
3.498308455407790341e-01
4.938688857716233560e-01
9.322647675981787785e-01
-8.679558363507962060e-01
-8.543086838509681424e-01
-4.889443174471708176e-04
8.657109749540170540e-01
7.839488036907549251e-02
9.012864497146326759e-01
-1.531804848053950341e-01
-6.147802921726157610e-01
-9.561266472730129973e-01
3.339564469144133962e-01
-7.593628857925596165e-01
4.966554717010294162e-01
-5.086395785326871533e-01
3.838480841485398809e-01
-5.166312293515542553e-01
-1.544541054800712132e-01
-5.398385630138382574e-01
-4.796762761574349110e-01
3.083088331436119045e-01
-6.022749856246265576e-01
-2.636772769651949400e-01
9.246242324048323802e-01
2.414043313974467697e-01
7.644285423263763590e-01
