2.969591913251523607e-03
5.022124734637283261e-01
-9.711490770012063400e-01
4.524227129687656834e-01
3.036713637259309539e-01
-1.213686482552214230e-01
-1.891301321836031946e-01
-2.719578954212324984e-01
9.507813440616610379e-01
-7.649031784710236259e-01
-8.204915605988505334e-01
2.486421794688775666e-01
5.514597698075867083e-01
-7.820216190363904474e-02
2.693442702451831483e-01
2.321004370580235232e-01
-5.065370012182346393e-02
6.689444223610063744e-01
-5.503035587488613878e-02
-6.939436381024941536e-01
7.957439178603782359e-01
7.616170108970417019e-01
6.670719166326821714e-02
-3.730180280397403791e-01
5.403263721488678062e-01
-3.975699164020249921e-01
-1.909587500168024032e-01
1.042488444768565614e-01
9.148390413768927587e-01
5.150745303347143977e-01
-5.227518240779847059e-01
-9.020094033788328414e-01
1.719955906347410135e-01
6.463978142051161058e-01
1.010778192457575386e-01
8.406431502221980434e-01
3.750578382193703320e-02
-1.863085950096898813e-01
3.307251481357640355e-01
3.891008592871834093e-01
6.383482531465840548e-01
-4.875974899096464643e-01
-2.573175456148257823e-01
5.821032372975212255e-01
-2.324595842616052899e-01
1.908728189551454069e-01
6.603133166108492436e-01
-8.424256725689582836e-02
8.042896269991373082e-01
-9.690424493575897635e-01
1.947676204752915030e-01
-1.115137365072367270e-01
2.023180191730717947e-01
-4.221072869918944814e-01
5.555534903150083359e-02
7.048582061342447691e-01
2.064489796411059785e-01
9.670432249910998479e-01
-3.757725271023948377e-01
5.241075274133417672e-01
9.727478611600344216e-01
5.001913015028525145e-01
-1.930632296531635816e-01
2.063840338349209880e-01
-4.927324020858627751e-01
3.469029123755988930e-01
-3.485137683121208863e-01
-4.712048769608008225e-01
4.126790276200613672e-01
5.792752492686528143e-01
7.178000877464183471e-01
3.823538270117976534e-01
-2.674971877556229227e-01
-9.547847572344456690e-01
-5.105835671272089815e-01
-4.431060871425454017e-01
2.240503258496218120e-01
-2.352411525946140891e-01
6.600921742232208622e-01
8.654615797827864832e-01
-5.987871046199064740e-01
9.098055445326302948e-01
-4.271965632434218119e-01
8.047104261434310235e-01
1.573836336803453584e-01
4.110800056982657491e-01
6.858961638992133736e-02
1.086642687364847149e-02
-8.701890367403517512e-01
9.674398264037138429e-01
3.763576675610538214e-01
9.612409278947333657e-01
-9.718667800102183119e-01
-5.724263664662758710e-01
5.290483822938636393e-01
-4.414150052670877677e-01
-6.125560892885326680e-01
-3.217253715655106205e-01
-1.503042462755588282e-02
-7.905914614225637571e-01
1.583063809176159520e-01
2.617543899541820984e-01
-5.841913888400100952e-01
6.563639314828741966e-01
-4.648162872460059880e-02
-6.988097043181207280e-01
-6.800745135379249184e-01
-4.396985126963253165e-01
1.230068536931270273e-01
3.315939188012129168e-01
3.320082724720638812e-01
-7.980437337527650499e-01
-1.923531200740873359e-01
6.853086887362764834e-01
-1.813274856146795955e-02
-5.897542209866166729e-01
-7.112530008164086315e-01
6.004397751194818778e-01
-8.460127967372708113e-01
-6.126540842776153628e-01
-5.712367631490944397e-01
-5.292091302241352935e-01
6.647741369942627987e-01
-2.368628228235896138e-01
-6.446016146157447224e-01
3.119110605887009946e-01
-6.020844649556500450e-01
2.706397183722730748e-01
-4.449348369496424205e-01
-7.842073183108300150e-02
-7.877297659044593114e-01
3.587763031392987578e-01
6.165593889628291357e-01
-1.294169465320780255e-01
8.727910247406978073e-01
-1.834090225984286171e-01
9.754633858918273503e-01
-8.696256995118296640e-01
-6.332767007267505743e-01
3.552958758008100126e-01
5.412729453998470497e-01
-8.879252943276343402e-01
3.603636957684361874e-01
-2.502313393405042330e-01
6.727728970894746308e-01
9.786848854582324009e-01
4.481436304868626763e-01
-6.042556470852995520e-01
-8.994276223857760044e-01
-5.800218165967885309e-01
-1.203534027209296475e-02
5.923959470163071561e-01
5.413774437924312455e-01
-8.397501254399304393e-01
-1.446025796675045605e-01
-8.488426858851765289e-01
-7.903805744152432311e-01
-9.083122612263425655e-01
6.337333792446067093e-01
3.699309918356814553e-01
5.911774653894081855e-01
-2.171616327562264637e-01
-9.143948748957491102e-01
8.444165210613274741e-01
8.962618317453241445e-02
4.281139851340343139e-01
-6.376830005003344404e-01
2.257481032269521570e-01
9.560522450484985058e-01
2.357889439464742054e-01
-1.432319005175013427e-01
-5.862367113780457828e-01
5.158818412366672490e-01
6.815659841237720062e-01
8.557261129709083924e-01
-8.078979657904914458e-01
8.488750757568181982e-01
-1.080951363089002193e-01
5.842582846314625655e-02
-7.316330227586980151e-01
9.564918126540269405e-01
9.142836673813565795e-01
6.249513905805139657e-01
-6.120277171189747456e-02
7.217875393739323631e-01
-7.605529268735329307e-01
-4.858020273910439446e-01
5.448042510791717419e-01
4.562450126856585353e-01
5.845218643791993962e-01
3.078628574545947405e-01
7.205958636850595678e-01
8.448637740266073948e-01
5.259420337120908062e-01
8.287298757741754507e-01
6.494581256681231096e-01
-3.974461112916061190e-01
2.995992605206687642e-02
2.069779103803885967e-01
-8.657815868433851314e-01
1.774644312426345572e-01
-3.601055505133370360e-01
6.951260158332606132e-02
4.013648532675422320e-01
7.557405450162426597e-01
9.700022092724243095e-01
-1.887204736209497913e-01
-5.293054682324371818e-02
-6.901162617202896143e-01
-8.048195953124452906e-01
-6.921947437356683608e-01
1.074465494722869341e-01
-2.282739687206856161e-01
2.111734626144738947e-01
-3.738046554262264287e-01
-1.183099443658353067e-02
3.058243537276819080e-01
-7.436347067781696740e-01
7.161073985317523150e-01
-5.895721310136430304e-01
4.750230125842851425e-01
9.201845180019618820e-01
-2.451304948589057009e-01
7.353256197960189589e-01
4.224104720005661395e-01
6.266597747728430701e-01
-9.196612823548684368e-01
-1.262382526440588570e-01
-1.946620949420327928e-01
7.991596286432576246e-01
-4.941268249656611822e-01
-5.027428364397705796e-01
7.540065798079160775e-01
7.677887422712426080e-02
-6.949602270159798145e-01
-8.593730626957050145e-01
-8.269682018680835078e-02
-1.376580751965663652e-01
-9.725006883523452661e-01
-8.766880827356606787e-01
8.490731655709888859e-01
7.286436006501075813e-01
3.551428272596508506e-01
2.548315905395699410e-01
-2.248398678061502842e-01
8.745263177698459067e-01
-6.945988578306261374e-02
6.093788982539096732e-01
3.227879465920311386e-01
3.165989186650581821e-01
6.947046657664612823e-01
-6.462879123062985620e-01
-4.199656533303084416e-01
7.315222963328678052e-01
3.299864048183300813e-01
3.119179896127108886e-01
-3.270790949354418498e-01
-2.334847286705523661e-01
3.198401612536514449e-01
9.351066168403823209e-01
6.098516755062415307e-01
5.720261203186896015e-01
-4.455605851864488098e-01
-1.659598808798055103e-01
4.958841781192224740e-01
