-9.510810702838694564e-01
1.119585635950075542e-01
6.221420432484141561e-01
-2.850903587341757639e-01
4.264509958881881335e-01
3.126334185557833045e-01
2.806627798453540379e-01
7.072638358192282482e-01
2.343369798909966661e-02
-1.496296740264644320e-01
-4.238817508481607099e-02
5.825657953250966692e-01
-3.184264126681239926e-01
4.545936355269266649e-01
-8.332079077511858056e-01
-5.010481556441139794e-01
5.196659215958450151e-01
9.987971950390950315e-01
8.817775392587610117e-01
1.056272008392542539e-01
9.681136394730851524e-01
-1.304712107326784221e-01
8.074588357038416930e-01
4.186392918025905185e-01
6.725377535979855104e-01
-2.415963259790980810e-01
6.171510249180047758e-01
4.759161052574063522e-01
1.257241146440812862e-02
6.456973339846407978e-01
-4.093052929772487136e-01
-2.483556358832736954e-01
-4.450370450317591153e-01
-4.706963481478976252e-01
3.094764379662631182e-01
-6.021525499304152262e-01
-7.862146611641160909e-01
9.779534077358003064e-01
-5.306406902253102409e-02
4.900917380932221512e-01
-5.915323968085184347e-01
8.908758775713845335e-01
9.563433733970019279e-01
-6.982524656225341797e-01
-4.331691168054108143e-01
-2.618885974090232605e-01
6.048835758951103259e-01
5.334012665822840393e-01
7.666466091766963586e+01
2.117830524808137493e-01
-6.279374461320663681e-01
9.555737566367539237e-02
1.365516995233058140e-01
-3.867703420795307601e-01
9.787719256370814858e-01
6.641421114707237727e-01
-8.512808548656158880e-01
7.056490999941116282e-01
-7.652187814858701920e-02
3.025955499646726388e-02
7.243235541108195008e-02
-1.513769278991088374e-01
1.593936976532763783e-01
-9.577936408976512883e-01
2.220854291922842449e-01
-4.339544425059571608e-02
-6.267131902681559730e-01
1.855430889161646668e-01
-9.794468769447499668e-01
9.005260457565464893e-01
7.403239360348680975e+01
-4.574561631431561803e-01
2.515989304171859509e-01
-6.211679193094201690e-01
-2.445418994785477640e-01
-3.724792931128937390e-01
3.609319901583754042e-01
8.034970218278989496e-01
-2.633060311399906261e-01
4.780909379976372442e-01
4.638486024778112338e-01
-8.464305048304843204e-02
7.437142713955043405e+01
2.966640016760586640e-01
1.519068023728149530e-01
6.094015749922498948e-01
-1.662429944750067889e-01
-8.135064245519678661e-01
3.342321044217217985e-01
-1.334092596029634592e-01
5.936977366400408851e-01
-5.401158265416730053e-01
-4.615372351701449993e-01
6.074329649965584110e-01
-2.365664691227145067e-01
7.380672536619417201e+01
1.142424267271808791e-01
-2.893851409791918794e-01
-4.092348555592626447e-01
2.907952353129052980e-01
7.508983631085853006e+01
1.596439884883351645e-01
8.243491578407804443e-01
-4.427622001647111283e-01
-9.507380158354283850e-02
7.536077300241485943e+01
-3.489411710452665627e-01
7.084906867986073831e-01
-3.004938566230836994e-01
9.855288500370302796e-01
-1.634134440974477354e-01
-6.754993932440005455e-01
7.526117752238262426e+01
-4.550634997720393038e-01
-8.638973947469323900e-01
-5.477776259136502013e-01
3.075535549288055392e-01
-9.843885784739216938e-01
-6.990225096845632535e-01
-1.013823243852258749e-01
4.449538932325529661e-01
-6.621073728228596966e-01
-6.824201076986098347e-01
-7.671804024238948472e-03
-6.301375953299743760e-01
7.206064314091742418e-02
-3.456454067450509537e-01
7.530224495653483530e+01
-5.103411458073123796e-01
-7.636792370153600018e-02
-2.028914195922193464e-02
7.548202135127516499e+01
-3.748599314229938972e-01
-2.529728111440088245e-01
-3.713291842765347184e-01
2.245940467047047306e-01
8.714742070256333850e-01
7.442785677898550034e+01
7.645892112787064931e-01
2.217437816905052372e-01
4.670737785082366145e-01
-1.155598393618795239e-01
2.114787554771380140e-01
6.082945902203107380e-01
6.799412099919961427e-01
-2.724053375199155802e-01
4.210141205832553801e-01
1.522678582752654552e-01
-4.018423616474564586e-01
7.106620620497690055e-01
4.626341180792936658e-01
-1.880853419527248604e-01
7.893147832625295734e-01
-7.185363888180080760e-01
-7.172423268983814104e-01
-5.464238662027351978e-01
-4.446175947371295845e-01
3.552320720302526436e-01
6.557666238311290474e-01
6.800965982670390542e-01
-2.627468329632187682e-02
-9.562541885446889101e-01
7.581799180433229424e+01
7.442641040226510540e+01
1.930565973085991427e-01
3.989794865041829119e-01
-7.173570666505311166e-01
4.266000383044956656e-01
3.108134900525394428e-02
-5.814871237494037004e-01
7.743405811964359486e+01
-9.189819864107198200e-01
-9.680864676975375893e-02
-2.809682194566396340e-01
7.558164368099973274e-04
-4.504895152450205664e-02
6.780915587675000467e-01
-6.726771005511800183e-01
-3.371844481552925821e-01
7.652364388945187557e+01
3.101850752794610422e-02
8.477341729084453270e-01
-1.175422176244256267e-01
1.986904893499474856e-01
6.722099460301096396e-01
-9.673270064520145262e-02
2.677768996317022587e-01
-8.386303171092184261e-01
-4.300561750941351846e-01
-3.464647375630731663e-01
-3.051867251077131638e-01
7.085587049754638045e-01
7.515233694227946160e+01
3.226218278116375071e-01
-7.235897897108043431e-01
-4.403689258488907576e-02
-1.618059900688328945e-02
-2.065685363091449567e-01
1.026477657857571835e-01
-3.721628106027174976e-01
-1.910643310453967736e-01
4.378193696496928133e-01
-4.476827343658591474e-01
-3.138861846026985702e-02
-7.910679991110969311e-01
9.895356016962209011e-02
-4.912786859162068254e-01
2.195167880698929430e-01
8.056653002154170462e-01
2.978691516130254069e-01
-7.474378037104512096e-01
1.092139216086942533e-01
7.486571259792853539e+01
7.490429932814045344e+01
-9.865501877145728127e-01
-8.521620152849616048e-01
3.703325617400514691e-01
-9.668711421373232806e-01
-1.468079564737687637e-01
1.494562969910540051e-01
8.437856939034178438e-01
5.385804052686473664e-01
7.326420870652223805e-01
4.997894701880745139e-01
7.392759184803588823e+01
-2.168247075030207416e-01
-9.892535428586439750e-01
-3.514246150170963201e-01
7.570890284768888989e+01
9.632804512170234368e-01
-5.388923885152456794e-01
-7.776102050853650471e-01
3.823245362436571426e-01
-6.595032996157248473e-01
-9.177109827402274433e-01
2.265216607083007094e-01
-7.773324431287362835e-01
9.495276437304300821e-02
5.477597757071088758e-01
2.202594947829719096e-01
-9.152399437244307379e-02
-4.802299126613287505e-01
2.406281067214477432e-02
-1.304111805327610174e-01
-7.438970028530267342e-02
-6.761765421656753539e-01
7.535594034928776441e-01
6.263597698006548864e-01
2.086308785693775647e-01
-8.547225590254121652e-01
-5.626508483612193690e-01
2.408693488699000795e-01
7.571518006851523097e-01
3.166417028106693898e-02
6.733842391776594383e-01
7.103099296791899331e-01
1.623093637197470240e-01
3.730632167223324469e-01
7.908355696404172352e-01
-5.130211505536923511e-01
-9.937365308146861587e-01
5.946687158292125464e-01
-7.762142674701206779e-01
-3.017250817055394663e-01
8.113581082712642001e-01
