-8.597513991624761154e-02
8.478433241332616888e-02
7.379975749376543881e-01
4.393833432957117147e-02
-2.091080532523854618e-01
9.510011056741811686e-01
-4.043185474881354491e-01
-6.896271844238510695e-02
2.735571593801353618e-01
-5.943484660968298972e-01
-8.996250453091765298e-01
6.378216535598204562e-01
8.911738714633545833e-01
-3.902813295975446906e-01
4.782242771454148222e-01
-5.922260016760068080e-01
9.554309454224987341e-01
4.858425436327165059e-01
3.017086654938634371e-01
2.636971727928185683e-01
-7.785517749786585728e-01
4.164667561140205088e-01
9.679932351944591229e-01
9.968911583063169157e-01
3.471919846688209521e-01
-2.145882538216270508e-01
2.826379762523867356e-04
-7.791840556347859881e-01
3.591958083532007517e-01
4.738741734586340293e-01
-2.756298108923338486e-01
-3.069207346183862040e-01
-4.618268744499303136e-01
3.598645813348446687e-01
-7.888775025269696428e-01
4.753229690290012854e-01
-7.073689475281321748e-01
7.445324906641324070e-01
7.823615565233406066e-01
2.542178375387127431e-01
-8.858801785805243689e-01
4.384208727353606783e-01
5.781134174611386456e-01
-8.307048652629158703e-01
-8.714664879528282171e-01
-5.934820758070480373e-02
6.561292093814683479e-01
4.633612208953505895e-01
9.309724919563300283e-02
-3.497633305548748517e-01
4.235026779825901144e-02
-9.215596346423233776e-01
-3.892564006210030847e-02
8.152356520675048124e-01
-2.517780247938754545e-01
-8.017836156254876112e-01
1.449193858255140022e-01
5.300274780277836051e-02
-9.346623901939115076e-01
-6.907022469842465373e-01
-7.554397470390128433e-02
3.555523051719939875e-01
-5.258769844281625527e-01
6.465124081113231558e-01
-7.354283310925535666e-02
-1.681065335054441334e-01
2.481364394911167448e-01
3.664115250996464734e-01
-4.072276683116422547e-01
7.754953413851226607e-01
-9.983328777267308496e-01
5.280297370605093743e-01
-9.783726519415536504e-01
-9.211352907676522150e-01
1.255417734778352390e-01
2.595982328326649213e-01
7.665314702297783001e-01
6.192006069044746486e-01
2.133396677157510801e-01
4.948666847818183889e-02
-8.039985388278996226e-01
3.003165835541288242e-01
-5.826207762280053437e-01
8.293207760477727675e-02
1.281488181087733214e-01
7.363710011764801333e-01
5.168069321300738928e-02
-9.381093587024769143e-02
2.504525383876059497e-01
5.933736337265536065e-01
3.719730708560522459e-01
-4.440396019783929837e-01
-7.633450954923239884e-01
-3.302678272984382879e-01
-4.445839889300715608e-01
2.020467539685915082e-01
-7.045516635508684011e-01
-9.042960066380225648e-01
-3.904838587877283995e-01
5.172017466599898583e-01
5.070294981964429404e-02
-3.620688394001085886e-01
8.060656938807420069e-02
-5.136736277962377084e-01
7.624808442539459108e-01
8.309996082170394427e-01
9.234744154804628291e-01
-5.104798939867736252e-01
7.800839919338122819e-01
-2.868217599972608944e-01
-1.574997861956355383e-01
-4.095221277654805814e-01
8.186456484657305133e-01
-9.997859596365246126e-01
-2.235449220808505277e-01
-4.582130471248371251e-01
-9.505436382516561089e-01
7.912748809120817572e-01
-2.805963081158939776e-01
3.855078594943879278e-01
1.813693171248937919e-01
-8.668629333499444645e-01
9.786199591211697246e-01
5.525520829429451108e-01
2.154141282171431193e-01
-2.867366698499236310e-01
-8.332792697368565094e-01
-7.772189208931332693e-01
1.786867059110228695e-01
-9.875923411635558757e-01
9.416305762746459695e-01
3.409538044083810782e-01
-9.905901715530016638e-01
1.282791743831004361e-01
-5.772898129006716061e-01
-8.101964831678833967e-01
1.839557562426596959e-01
-9.472607768036760412e-01
-3.776574554938918471e-01
6.954903865143082786e-01
-7.344920085991646364e-01
-2.094164667809239599e-01
-3.098448146555281557e-01
1.637934289767883911e-02
8.278303417927304064e-01
-1.338331516982158576e-01
2.021423502296637587e-02
5.170390383074492391e-01
5.566063309501232403e-01
5.429641200462971273e-01
2.212609695402267818e-01
4.766717410733392057e-01
8.693292631102371715e-01
8.094945983339498774e-01
3.829627579103191959e-01
-6.772434484007274769e-01
-3.644576680782996014e-02
-5.972355940540787778e-01
6.811802009305554240e-01
2.900857633593991736e-01
-6.897152761245450847e-02
-8.007411344658041941e-01
-3.530445527234136183e-01
6.877707146089084844e-02
-1.945327811520964900e-01
-7.882135976182111925e-01
9.105734653245201038e-02
-8.320282223733734828e-01
1.077100144733034170e-01
-9.158006869937240779e-01
-2.693140514486480619e-01
-1.892900119451321750e-01
3.105716087398389114e-01
4.099184373604873866e-01
-9.208585681749426044e-03
-9.361105248757375374e-01
-6.486600142844254346e-01
-7.116210007091889889e-01
-4.878735699711209683e-01
-1.349831058205088752e-01
1.573045541213486942e-01
8.828652824492078111e-01
5.935388549037818873e-01
9.438860397047301731e-01
-2.271247520748498339e-01
-4.782523084788430356e-01
-8.016459644207263313e-01
4.446084356555213279e-01
6.739936983888181743e-01
-4.414735271492646884e-01
8.469896460319192855e-01
6.117102464365882231e-01
6.164991547570684016e-01
-6.247088786153931483e-01
1.745561248138596255e-01
-2.984258148395888544e-01
3.373004860037958075e-01
-1.875580786489816632e-01
-7.329508795163028889e-01
-1.868279876303751141e-01
9.953591067994027597e-01
2.840974192668996867e-01
2.885701927746144868e-01
1.854558063973341664e-01
-4.609034181098095040e-01
-1.307611792311806909e-01
6.545177602103577907e-01
8.387857665364282234e-01
-9.245676512699407823e-02
-5.649857709305177167e-01
-4.476910298313303560e-01
6.268218444210478246e-01
-6.233053358438873648e-01
2.224547009038366774e-01
5.091054009915685352e-01
9.650358308362474435e-01
7.137437635957630810e-01
-3.417255231838076668e-01
-1.574806379406699097e-01
-9.443125917623611532e-01
5.668179472603740443e-01
9.781880448338446943e-01
-2.249621223853419671e-01
-8.983915419604231456e-01
6.764030105557741201e-01
-4.886664403254703526e-01
-5.524808033183790101e-01
-7.217913394035624375e-01
-3.013673544592641029e-01
-8.938396618241009062e-01
8.874570159923100832e-03
-4.787632464375957131e-01
2.695265685659806731e-01
7.353513861955851549e-01
1.971318039514156073e-01
-2.740486406398219277e-01
-7.637069485090952625e-02
-7.491002669071769038e-01
-6.889549898692099994e-01
-2.788497283813580196e-01
-1.962213633641096688e-01
-2.829603115575640704e-01
-8.755639080601091973e-01
6.045608387733976130e-01
-5.461002378996810958e-01
4.512139198666877959e-01
1.173230912057416919e-01
1.933026942265736459e-01
4.154038681629670382e-01
-4.556783716784764682e-01
-2.878743057303079222e-01
-4.052836801906485320e-01
1.021050437084676243e-01
1.298862675344429896e-01
7.131852414037072041e-01
-3.900830548541616150e-01
3.340770641493804316e-01
-3.934006472073729999e-01
7.854064611553812636e-01
3.568489188764036868e-01
9.162702101941067045e-01
-5.025254375637402404e-01
6.884439032108593537e-01
-7.080037976523101406e-01
-4.654034982726629188e-01
