4.558723288497645854e-01
9.994855614329314353e-01
-3.104740716843912285e-01
-7.920617781413779035e-01
-2.436776606500330455e-01
5.481719466693470988e-01
-7.073586601921819650e-01
-7.593086556392878439e-01
-4.222335239619523506e-01
-1.456236708357583343e-01
-5.652763265336480103e-01
9.600572460619316573e-01
-3.747312510712577094e-01
-6.560574946644361916e-01
1.539379813581496226e-01
5.785773889459708830e-01
4.791233161452890243e-01
6.507371745230512428e-01
-8.229002049363727256e-01
-7.916690343463104185e-01
4.779279531550739701e-01
-9.701100573531564741e-01
-6.656896815332828954e-01
-4.067847755087041772e-01
5.587867545142979342e-01
-9.783296580884957017e-01
4.755380381652392074e-01
-2.182746107314523787e-01
-5.962771286822432515e-03
7.739780460284939601e-02
-5.786457558157898085e-01
-1.264357981497612471e-01
-7.857026149866686016e-01
7.499694422516969894e+01
5.157310363597276126e-01
-2.428397709968748153e-01
-1.041562847176060735e-01
-8.345451372119923050e-01
5.113462652693918642e-01
8.611858458689245488e-01
7.822120669888605882e-01
5.907930575292590358e-01
-6.088416290826048627e-01
-9.588653743497874693e-01
-8.967370234841289811e-01
-7.175059117124706898e-01
-5.947969269277864068e-01
8.584556152996096756e-01
6.285031670599221520e-01
-5.092084586146794489e-01
-2.802873060580226561e-01
-8.469881751085031052e-01
8.595851771562721400e-01
-6.253146851767268366e-01
3.714385114723217640e-01
-7.661264746653166924e-01
7.403086427759073551e-01
8.396715505698821858e-01
-4.493317477992722075e-01
7.523413787261046082e+01
6.064888710996465537e-01
-7.888434763641072323e-02
7.610575250649817747e+01
8.950315533495694087e-01
7.424234143459959512e+01
5.417793953321841105e-01
-5.734649769287709642e-01
1.729481942012345286e-02
-4.160283335749592748e-01
-6.313297519890370690e-01
4.595021580522584692e-02
4.083790608548887313e-02
-9.271502685133197197e-01
5.533190999572055180e-01
-7.564773069432189079e-01
2.898084722413394321e-01
-6.634506286751318260e-01
5.404425545742950199e-01
-5.894364327209733467e-02
-1.817637351220282582e-01
-6.977828962356447118e-01
-5.640486762905772000e-01
-6.056627500977618261e-01
4.554680130387063208e-01
-6.608537774257117192e-01
1.575003982103588829e-01
-1.975685123603285742e-01
7.225304528049447583e+01
3.862352792568937154e-01
-3.008409369150917279e-01
-1.649112709537416954e-01
-9.390018915742073258e-01
8.553456203519749224e-02
-6.815539919700883686e-01
-4.236662576082395049e-01
7.450988923791852514e-01
-4.234899880983866716e-02
3.337349142361749621e-01
1.786820239688202694e-01
-6.588515774931755775e-01
7.726656991445635114e-02
6.727496343507479715e-01
-1.365486953887093957e-01
8.386352818875446591e-01
-7.186685007585884577e-01
5.022005087744261242e-01
9.832549619083796877e-02
-1.406326424172799072e-02
-5.397496178165033243e-01
4.688949256553298639e-01
8.107383080920353979e-01
8.271207467800441027e-01
-6.660434560623309519e-01
4.347109401176074694e-01
9.625941979015979477e-01
9.468381105219616511e-01
-9.786219297268980988e-01
-8.855003280445217229e-02
-1.980460537385151376e-01
-5.742758241436320965e-01
-4.862527203711726198e-01
6.082634930833485942e-01
2.690496979813801204e-01
-8.816692094970199900e-01
6.168848193131970525e-02
-8.048877485942598220e-01
-1.147065211981341815e-01
7.057382637653997204e-01
-4.394932654829086793e-01
-2.875071056525309032e-01
-2.677918787808666323e-01
7.983370159607534600e-01
-6.312503441494132783e-01
-2.541642389867349028e-01
6.978984319395880043e-01
4.904111030401019367e-01
7.023297936529762087e-01
-1.398473849260375435e-01
4.807046255528493184e-01
-3.165746623348135724e-01
-7.867648631330612652e-01
-4.906803305073339505e-01
8.585816757701514312e-02
2.016455409135851085e-01
9.533688013153016616e-01
-6.304161935683063600e-01
-8.314073060600064569e-01
4.081683092837871119e-01
6.877070538463367910e-01
8.253526758522222728e-02
-2.756464638109323850e-01
9.895785371015608511e-01
5.876375609641164566e-01
-4.981359686832462774e-01
4.887898953918066169e-01
6.479048306742709595e-01
8.696641095703674385e-01
9.397120259949445220e-01
2.895505478210982364e-01
-2.649859865854193863e-01
-5.576678918921476047e-01
3.024412993149416806e-02
-7.228624290238006012e-01
-2.986218402201181732e-01
-5.000369844729866120e-01
2.856085261663927621e-01
3.690031612492921109e-01
-7.606737910483807319e-02
8.472989380518050062e-01
7.188239262557531983e-01
-6.398214551242655812e-01
9.845471100267810804e-02
8.797480651747833225e-01
3.203031883345555109e-01
-6.517663086770624226e-01
6.061826863299861756e-01
-4.767297124931828556e-01
-1.726061932058540194e-01
-9.254452691241898954e-02
-5.608747963762183986e-02
-1.204936823814728442e-02
-9.658116800848335348e-01
-8.380793061980491565e-01
7.444155681198712671e+01
-7.985223929022309264e-01
7.054408796317623853e-01
2.211226491646134384e-01
-1.626116007779103700e-01
-8.202078268299599628e-01
-6.102510556027842537e-01
1.853070618141738901e-01
9.601114086793947067e-01
5.143750941817830657e-01
7.684168705014140510e-01
-1.714865610620632808e-01
-7.328583209287624634e-01
-5.723769697296001713e-01
2.636443909478605185e-01
-8.406503616777032395e-01
6.328496378533474687e-01
6.145306774035326214e-01
8.975762278520382775e-01
4.163067229369687983e-01
-1.460715058028301261e-01
-2.924255841159901781e-01
-9.170505380546947194e-01
-2.468662963032519642e-01
-6.390458923624129373e-01
6.687637581911571871e-01
4.066180593123411846e-01
-4.763974310883420937e-01
7.483506552291929381e+01
5.087150161428422024e-02
9.795847655596103820e-01
-5.901615807749389653e-01
-1.951314264102925744e-01
2.928245112935783379e-01
-3.599445267730785325e-01
-1.007129570801028606e-01
-3.398382401225459315e-01
-1.805067014789161206e-01
8.715159949341488854e-02
-7.893595010836387260e-01
-9.652812204898042481e-02
-2.180378212088625034e-01
3.339334228994843556e-01
7.664055196984797647e+01
2.502096461252441006e-01
2.919256153117810726e-02
7.673876068204253897e+01
-1.778820082954999382e-01
4.745617665037136224e-01
6.324514441654252028e-01
6.940227997902699286e-01
-4.229504978300235862e-02
-5.275329057140156763e-01
8.321048393076901917e-01
-4.457868469512196175e-01
-6.267956864789467897e-01
5.027071881574616263e-01
9.325661999442558248e-01
2.878382288670813249e-01
4.865336323184161760e-01
-5.155998318131049807e-02
-1.602040640853084064e-01
6.283024252966107337e-01
9.152243586295192301e-01
8.138565838187949986e-02
7.407417107384104327e+01
3.874405498904698320e-01
4.146331749666656297e-01
8.819168726480055565e-01
7.700631180697421030e+01
-8.731143258079923086e-01
4.338521789729663514e-01
-8.584322316380457174e-01
3.910563739393855265e-01
2.208037158892457441e-01
-2.451082464091127733e-01
7.268649391466281973e-01
3.001699590558688513e-01
6.272655313784456510e-01
9.744594871699514549e-01
2.375426739020025657e-01
-2.666211440932080290e-01
