7.668557905751149928e-01
-3.436112577666139423e-02
-2.108487608660780666e-02
-7.680921887301317419e-01
-5.250876720336334902e-01
-7.696813635094126305e-01
3.921628140835968779e-01
6.240302761446758772e-01
3.089244414356921986e-01
2.639480340814643888e-01
3.088068431081349985e-01
9.610340559549230832e-01
-8.460972324269631084e-01
4.354738366423418494e-01
1.422774181778245772e-01
-1.949810857754588067e-01
4.182051034770564168e-01
-8.766375821189511530e-01
-4.292140299065625442e-01
5.851150350222988905e-01
-4.075930121607604928e-01
-3.726321151572942192e-01
-2.297220229332053165e-02
3.265407978887513440e-01
6.187447495647204754e-01
-4.623919938259142270e-01
-8.152786836091341360e-01
-3.931630482820824835e-01
-4.764194363405311883e-01
-5.431825909203427116e-01
5.067161378252527104e-01
8.791151428702421722e-01
-2.214866687639527321e-01
-2.259717266288554516e-01
-5.626236800872530530e-02
-9.914435304376745250e-01
3.179994420915976949e-01
4.396072369034549343e-01
1.412677002607278798e-01
-8.340078309152565428e-01
-3.496927545760710743e-01
-5.370288897666555261e-01
-2.033402772143144688e-02
-5.834042826789018754e-01
3.715156115284932170e-01
-9.657683371703280617e-01
-8.957562510941696754e-01
-1.557177345309306293e-01
6.954324984971516077e-01
-4.323595853078892048e-01
4.265853973263158405e-01
3.835816422386728597e-01
-8.959038357851629719e-01
-4.202346517672825854e-01
-9.705336376313591362e-01
-7.201318019148876814e-01
-7.730574097054749849e-01
8.666939119227061727e-01
-5.441931563490380874e-01
-4.096877849114355374e-01
-2.077112784454697714e-01
5.997745456971961264e-01
2.209501563899936016e-01
-3.728373593217935156e-01
-6.491819678036381269e-02
3.796128693748739291e-01
2.611336596595450477e-01
-7.063327444915359354e-01
7.323311004832810944e-02
-1.255895094187362560e-01
-4.953076285140849411e-01
3.772825913995847547e-01
-6.009334025945178848e-01
2.326230885224505052e-01
2.197111382084182551e-02
9.012983654505408726e-01
9.648911472847339077e-01
-9.663010378211052132e-01
-6.420743577878473829e-02
-9.041313561320873937e-02
-8.350612710820481954e-01
3.433637885856155592e-03
4.010667912803471680e-01
2.392910893561801533e-01
-3.771146325910033070e-01
-7.605590518434850456e-01
5.856375479891118285e-01
-9.583550370436813015e-01
4.714687783231059637e-01
1.319533000958479363e-01
7.521466553614146733e-01
8.553362355520748306e-01
1.039774220913747271e-01
-5.222347744005795267e-01
-4.409261879074120039e-01
-3.167157708051326903e-01
2.662170056963131248e-01
4.245891950344775623e-01
6.834847747321819433e-01
7.979676751224376030e-01
-2.252504995110948816e-01
-4.430100650942054852e-01
6.836057547009082302e-01
2.012355954664297730e-01
8.010351722036668232e-01
2.839735110368426518e-01
9.238043880883306525e-01
-3.163529781498874982e-01
7.127202712531162110e-01
-5.718894826321374580e-02
8.249003185104153424e-01
6.660601886094774660e-01
-8.539811717308505301e-01
-5.040844945197855420e-01
-2.229079554667301455e-01
6.710773915792711541e-02
9.206806438721857333e-01
1.832427102717359979e-02
-7.555793685291201101e-01
4.356371903785820621e-01
-4.696952658074127207e-01
2.279600567530937205e-02
1.386953846984153582e-01
8.533358301619040631e-01
-4.913198894927983673e-01
3.231655252410372547e-01
-7.542830661789083901e-01
-5.570834012802576840e-01
-7.659961640242245462e-01
8.778586896814404295e-01
4.204814236804150784e-01
1.248163341556094430e-01
-9.064286874495559587e-01
1.441291464530309874e-01
5.108659690363617223e-01
-9.479486104809058400e-01
-3.419776119353539201e-01
-5.832621967902642535e-01
-9.700299642438183767e-01
-3.934070818506809619e-01
-4.966344659106902704e-01
3.131259603149292303e-01
9.391160180035584837e-01
7.460190742267018837e-01
-4.295911234906020226e-01
8.101454558850429422e-01
-3.397326997145129202e-01
9.430839710224903083e-01
1.192585381781332554e-01
9.831407226344546224e-01
-4.203048040103816163e-01
1.439461255643295079e-01
7.315325886388541754e-01
-1.910110162695395353e-01
6.109551456042638939e-02
6.293291034670347450e-01
-6.412488995371141698e-01
-3.876389211372084365e-01
8.730967314518645050e-01
-8.105665133078538975e-01
-5.984459382123441529e-03
3.081570579426544665e-01
-7.942067501791312267e-01
5.464206415422578900e-02
-3.554363984979194147e-01
6.705960353801556639e-01
2.227996559944258603e-01
9.356858409050590186e-01
6.965409784472738064e-01
-4.874695602034262443e-01
-6.616309646274651790e-01
-2.962309891388479333e-01
8.328594358724972224e-01
-2.557294224694446338e-01
-6.177242549160710805e-01
-7.677112249865907234e-01
-8.399740241888191683e-01
-8.037624470078783556e-01
8.572328910387945200e-01
-7.477755399731478292e-02
-4.094791922399050321e-01
7.817428082468287354e-01
-1.079609765724918180e-01
-8.912656560349641044e-01
8.843863901536428429e-01
-7.875765946915453952e-01
8.651365131391379748e-01
7.656495762751376333e-01
4.175141812918981010e-01
-7.640371807630068623e-01
3.269935964913834869e-01
7.576016701985128776e-01
3.374826664570382828e-01
-7.973774356636331717e-01
-4.003928929398252734e-01
-7.551233043764924435e-01
-2.336973018320713802e-01
-8.729522439062249450e-01
-3.462528634252710624e-01
-4.828563020154996721e-03
-9.745543929065374478e-01
2.180012331413849758e-01
3.923056825690203198e-01
5.417098033701117643e-02
1.320089890366473728e-01
-4.992490271878222696e-01
-1.643443124020869117e-01
4.609648816683709072e-01
-1.189722004775415343e-01
6.171774975001471653e-01
8.934871185606036992e-01
7.993701581037533366e-01
-5.841715301791605697e-02
8.945856940708865057e-01
6.917057102685753023e-02
8.467689291187712186e-01
-8.265146047715217215e-01
9.906316753471209324e-01
-3.000164257425552705e-01
-4.792073942179004842e-01
-2.229024314298011511e-02
-3.661606203765808143e-01
2.548530058925837505e-01
-1.561157617862782843e-01
4.723206885054966886e-01
-4.576843857245143088e-01
-1.080613114897286398e-01
3.134648663053447581e-01
-1.566469840504278732e-01
1.670353726654725257e-01
-3.351112813847669791e-01
-6.629341924751395165e-01
-4.800937920080983190e-02
-1.500498372420895343e-01
-9.099757347964536613e-01
-7.952426960056715455e-01
9.870116045453103393e-01
-2.035880988108873524e-01
-5.640942858785114034e-02
4.987563285577463201e-01
8.870017603748285850e-01
-4.743912471266706898e-01
-9.070606763793831462e-02
-1.578150653561241068e-01
6.741658525363167787e-01
2.355911040858860162e-01
1.419577463731516165e-01
-4.231401160698979869e-01
-4.094465160915041757e-01
5.367219107060843264e-01
-9.173699193359434734e-01
9.623071170688739517e-01
3.400182617922886674e-01
5.301580814487216742e-02
-4.136808985850508602e-01
-9.783233752395195104e-01
-5.734160854463374868e-01
3.329341966761556471e-02
9.885331978387950080e-01
4.285646149662227788e-01
2.373935811540430763e-01
8.924038865239372065e-01
-2.821135153871241474e-01
3.669236377446651876e-01
9.969182884465888073e-01
