7.668557905751149928e-01
-3.436112577666139423e-02
-2.108487608660780666e-02
-7.680921887301317419e-01
-5.250876720336334902e-01
-7.696813635094126305e-01
3.921628140835968779e-01
6.240302761446758772e-01
3.089244414356921986e-01
2.639480340814643888e-01
3.088068431081349985e-01
9.610340559549230832e-01
-8.460972324269631084e-01
4.354738366423418494e-01
1.422774181778245772e-01
-1.949810857754588067e-01
4.182051034770564168e-01
-8.766375821189511530e-01
-4.292140299065625442e-01
5.851150350222988905e-01
-4.075930121607604928e-01
-3.726321151572942192e-01
-2.297220229332053165e-02
3.265407978887513440e-01
6.187447495647204754e-01
7.433343100135381132e-01
-8.152786836091341360e-01
-3.931630482820824835e-01
4.993563303619552585e-03
2.896455497933370093e-01
9.219292258603744017e-01
5.475851848385921983e-01
-2.125675344481230411e-01
-1.533253892931472073e-01
8.154192670718924951e-01
6.277094699810665812e-01
5.979524697277851519e-01
5.977854902252148772e-01
-5.506960625561920786e-01
3.252481808878182612e-01
9.630290217880850268e-01
4.555006812041360043e-01
1.157641715493957779e-01
8.838992350304031298e-02
-2.069683773762183154e-01
5.330797073998296831e-01
-9.291121716544892273e-01
6.126618379388089064e-01
7.363153476005370734e-01
1.953219820131497642e-01
6.356276834391807462e-01
-2.783597150259797814e-01
-3.846322612468098256e-01
4.330495031072436607e-01
6.177355623971290122e-01
-4.958745286483980941e-01
-1.399424114678888831e-01
-9.969818410548905163e-01
3.438860622626456198e-01
-4.113863013978196204e-01
-1.150219546659472236e-01
9.190870339912571296e-02
-2.867413463396950579e-01
7.686827264999080978e-01
2.445357801472387571e-01
5.344628510421634005e-01
5.732344035751413269e-01
-8.229613268341351429e-01
6.314304874145753033e-01
6.768450201151037238e-01
-4.505097363374857000e-01
-7.170007287962902875e-01
-4.058957468112953659e-01
3.952453775011366410e-01
4.783514644288346940e-01
3.185655582980930767e-01
9.579299428987941845e-01
5.574950131924476526e-01
-7.674386301052618098e-01
8.627834995513754546e-01
-9.273199622867245306e-01
-8.307069206929362792e-02
-4.258450334523102843e-01
6.237498167866337706e-01
6.384555816223533853e-01
-1.514251336168606077e-01
-9.590765055921366411e-01
-4.655733853250145771e-01
-4.445046066769455795e-01
-3.448171828445234510e-02
-1.891464324324121371e-01
-8.573405279262797940e-01
-2.847782008742230087e-01
-9.434935370332468985e-01
7.284918056562028621e-01
-2.546764866788733261e-01
-1.406098545118501519e-01
-5.072532240311002916e-01
1.321317894343725374e-01
7.474109713290257861e-01
6.466065711226662849e-01
-5.696072784458889871e-01
9.742714536757657307e-02
5.835695134444351950e-01
3.429091472237084659e-01
-8.966983874707186164e-01
8.960745005938197671e-01
-3.141188151615705859e-01
-9.665706039491699375e-01
6.662606600124520995e-02
-6.830811221228105801e-02
7.791726141792998384e-02
4.419692335522211746e-01
-2.746936243263200517e-01
-7.511785825186338972e-01
-9.527243038501482797e-01
-2.534965289607560290e-01
-2.934281900125521592e-01
-2.645798158221568386e-01
-7.871646306097141998e-01
-4.751595102101768830e-03
-3.788629182355855995e-01
5.185878576844846766e-01
-1.775080780205728903e-01
3.554874715561109344e-01
-6.355708600702845157e-01
-6.902682894499962973e-01
-3.663000316316822325e-01
6.941601142384066225e-01
-2.859461781358318966e-01
6.391674267724356540e-02
-5.144573041795452717e-02
-6.999702862252672464e-01
1.139042734861774875e-01
-9.201792669965800364e-01
2.669618617583142672e-01
4.589659376212116282e-01
6.303979073103362918e-01
-5.313494888521788084e-01
-1.520184487337892243e-01
-7.786110081810593275e-01
-3.200002002570216941e-01
-4.032458676388015473e-01
-8.069474075426603665e-01
-7.884775406262736208e-01
-4.554836272134918929e-01
-8.538063473644612600e-01
3.382942164018283293e-01
1.877527760101684873e-01
7.540219665655409909e-01
-1.395260271565890164e-01
5.698775527119646078e-01
-3.469054549740460125e-01
9.413950947337992314e-01
6.109551456042638939e-02
5.046947011030034069e-01
-6.412488995371141698e-01
-3.876389211372084365e-01
8.730967314518645050e-01
-8.105665133078538975e-01
-5.984459382123441529e-03
3.081570579426544665e-01
3.663623211476367825e-01
5.464206415422578900e-02
-3.554363984979194147e-01
6.705960353801556639e-01
2.227996559944258603e-01
9.356858409050590186e-01
6.965409784472738064e-01
-4.874695602034262443e-01
-6.616309646274651790e-01
-2.962309891388479333e-01
8.328594358724972224e-01
-2.557294224694446338e-01
-6.177242549160710805e-01
-7.677112249865907234e-01
-8.399740241888191683e-01
-8.037624470078783556e-01
8.572328910387945200e-01
-7.477755399731478292e-02
-4.094791922399050321e-01
7.817428082468287354e-01
-1.079609765724918180e-01
-8.912656560349641044e-01
8.843863901536428429e-01
-7.875765946915453952e-01
9.769051727896587156e-01
-4.265578123718827275e-01
4.175141812918981010e-01
-7.640371807630068623e-01
3.269935964913834869e-01
6.728780883615923525e-01
3.374826664570382828e-01
-7.973774356636331717e-01
-4.003928929398252734e-01
-7.551233043764924435e-01
-2.336973018320713802e-01
-3.424431243327696883e-01
-3.462528634252710624e-01
-4.828563020154996721e-03
-9.745543929065374478e-01
2.180012331413849758e-01
3.923056825690203198e-01
5.417098033701117643e-02
1.320089890366473728e-01
-4.992490271878222696e-01
-1.643443124020869117e-01
4.609648816683709072e-01
-1.189722004775415343e-01
6.171774975001471653e-01
8.934871185606036992e-01
7.993701581037533366e-01
-5.841715301791605697e-02
8.945856940708865057e-01
6.917057102685753023e-02
8.467689291187712186e-01
-8.265146047715217215e-01
9.906316753471209324e-01
-2.163903618168616649e-01
-4.792073942179004842e-01
-2.229024314298011511e-02
-3.661606203765808143e-01
2.548530058925837505e-01
-1.561157617862782843e-01
4.723206885054966886e-01
-4.576843857245143088e-01
-1.080613114897286398e-01
3.134648663053447581e-01
-1.566469840504278732e-01
1.670353726654725257e-01
-3.351112813847669791e-01
-6.629341924751395165e-01
-4.800937920080983190e-02
-1.500498372420895343e-01
-9.099757347964536613e-01
-7.952426960056715455e-01
9.870116045453103393e-01
-2.035880988108873524e-01
-5.640942858785114034e-02
4.987563285577463201e-01
8.870017603748285850e-01
-4.743912471266706898e-01
-9.070606763793831462e-02
-1.578150653561241068e-01
6.741658525363167787e-01
2.355911040858860162e-01
1.419577463731516165e-01
-4.231401160698979869e-01
-4.094465160915041757e-01
5.367219107060843264e-01
-9.173699193359434734e-01
9.623071170688739517e-01
3.400182617922886674e-01
5.301580814487216742e-02
-4.136808985850508602e-01
-9.783233752395195104e-01
-5.734160854463374868e-01
3.329341966761556471e-02
9.885331978387950080e-01
4.285646149662227788e-01
2.373935811540430763e-01
8.924038865239372065e-01
-2.821135153871241474e-01
3.669236377446651876e-01
9.969182884465888073e-01
