
0 65.076861 32.571405 13.489116
1 65.076861 35.05856 14.196031
2 65.076861 35.74455 16.421385
3 70.11566 41.824666 16.24283
4 76.407547 39.241766 19.141554
5 76.407547 47.176446 18.101352
6 84.689498 48.367878 21.604135
7 76.539931 54.872203 16.57628
8 76.407547 53.500944 18.196048
9 79.495391 59.641413 12.54136
10 76.407547 58.393654 16.200024
11 78.367167 63.72617 11.838152
12 83.794698 61.734488 19.2879
13 83.794698 62.926018 18.152863
14 83.794698 55.689061 20.614892
15 85.432572 59.5514 16.944871
16 85.432572 57.560634 18.380843
17 85.432572 61.340652 12.978154
18 81.742482 61.855011 15.51594
19 81.742482 59.831292 17.358361