1.140829900717128531e-01
-1.374897705843673990e-01
-6.704048005320659698e-01
7.353780719454265924e-01
1.990754579784872469e-01
1.104694515597302029e-01
2.700310656142332899e-01
3.290698083566614418e-01
-3.945960548373697030e-01
-8.977995031242866908e-01
9.683457681157194852e-01
4.867260727463413872e-01
-8.990997997435126177e-01
9.405066192279072368e-01
3.819801123599548820e-01
1.219436674667111475e-01
7.775252576600077958e-02
5.397394485950743892e-01
4.326281102531805978e-01
8.572774102393181384e-01
9.934886221175467380e-01
2.427713404975169187e-01
-3.116218919113544761e-01
5.338817739316701338e-01
7.660777857884979447e-01
-2.980531958477150578e-01
-7.712495225864346438e-01
-3.712567326349995867e-01
-3.575884481834015194e-01
1.610074338336040523e-01
-3.368001745699982230e-01
-8.675023122569429646e-01
-1.837716174651182754e-02
-8.737922034123570825e-01
4.586162182774073948e-01
1.109149375013045447e-01
-4.674684921835858820e-01
-2.923292314566161565e-01
9.181507926679171039e-01
-3.344524716400205655e-01
7.588077361432685741e-01
7.996185981557220046e-01
-7.347232781276942237e-01
-3.851708582375039658e-01
4.895724950996305225e-02
-8.453090405587662115e-01
-9.576374699551193359e-02
-9.348402348022089026e-01
-1.646256081569634766e-01
-5.071212501837882858e-01
6.649338694017559170e-01
3.382521106013636203e-01
-7.191660754771356245e-01
-4.584568639204045226e-01
-6.755560394908091126e-01
-1.601131894658482935e-01
4.231243866232980988e-01
-2.105158573421401780e-01
-1.425656258864422821e-01
8.781140568476266672e-01
-1.818066054151694644e-01
2.059030464391666815e-01
-1.545390839741336286e-01
8.427058704300314229e-01
1.188544769138293322e-01
-7.741363256886251154e-01
-5.664109690820657850e-01
-4.013277872981935168e-01
8.164197437106834876e-02
-7.573333729312590190e-01
8.954766325888976475e-01
-9.855013855069179041e-01
4.202982744296759332e-01
2.345087137285499779e-01
-4.589464672538532408e-01
-7.286547971400194612e-01
8.448643381518980977e-01
9.937783714452983475e-01
7.677305932073505979e-01
-7.429407487309713787e-01
3.213907191504172811e-01
5.943208274915907641e-01
9.613671125289326991e-01
1.114406875510824957e-01
1.079935492605890168e-01
-1.520648064806675581e-01
7.096850054927530405e-01
7.303292534269760772e-01
-1.213368205607097128e-01
-5.567890616877779753e-01
-2.717207643410783913e-01
-4.507337002411813121e-01
-7.083131199688488255e-01
-6.559522881405244199e-02
9.769494072350137781e-01
-5.680306103193348832e-01
6.334877979412365523e-01
9.223703570432602028e-01
-1.277739773528518974e-01
5.781091801729436597e-01
3.621255183180505099e-02
3.950184932561291440e-01
7.033485499776312988e-01
-2.216739947157846391e-01
-1.070628768525034857e-01
8.199785461069601933e-01
3.531604061737358968e-02
-1.144417981020755537e-01
3.114476796242404699e-01
2.708843391459372363e-01
2.361312019210055624e-01
-6.533799434653617677e-01
-7.955842790673375298e-01
-7.120545482097531131e-01
4.887658742115947863e-01
-2.329314998842035855e-01
-2.986678932790840513e-01
-3.486096887952623291e-01
3.205172502801998391e-01
-3.098944204921190160e-01
3.256643298106569606e-01
-5.628297450865720197e-01
-2.952136064289574424e-01
-9.505131501457311227e-01
4.282651744970515928e-01
8.428097418780298167e-01
3.663195413523847588e-01
9.599649874744005107e-01
-4.677969618318633671e-01
-9.738737802293173651e-01
8.896014478796712144e-01
8.136959813432274036e-01
-1.128628488199410196e-01
6.767383685245547120e-01
3.838235877937024032e-01
-7.622072981911383049e-01
7.947525528404855155e-01
5.473250292028675190e-01
7.911795189451937826e-01
7.203083041688940202e-01
-6.915739997981165121e-01
8.212913808769333190e-01
8.470141647563209641e-01
-2.904235110502055850e-01
-4.837565606088751746e-01
8.627569796630929488e-01
-3.043724766322597475e-01
-3.686073984370306089e-01
-9.339160904014989217e-01
9.735774286538658728e-01
9.493412042294915310e-01
6.088983028240166906e-01
6.136023214007984006e-01
2.835120270103035356e-01
-9.196833707443186068e-01
8.979279292237718479e-01
5.269849546478773128e-01
1.096701828071748874e-01
2.292960626059288298e-01
1.368316021636197810e-01
9.305659384827824621e-01
-2.499484802196121347e-01
5.015016723162513124e-02
-5.633778415434769204e-01
1.860789557897644109e-01
6.107415412610130989e-01
-2.659501705543536598e-01
6.311039857567533051e-01
4.276035820949219968e-02
8.732379266462049205e-01
-9.442301114873377088e-01
7.311442448588016951e-01
-9.427974283836995095e-01
1.930228800631783592e-01
-2.525791452090855316e-01
2.510585111045804396e-02
-5.893056088819814686e-01
-5.019681312795463146e-01
-5.174003729875493729e-01
5.499014910611885742e-01
-4.281284112469785352e-01
-6.601975188581339360e-01
-7.493887030193719934e-01
-5.351009968089841529e-01
5.776313604057918827e-01
-4.912850176372309807e-01
2.870776579919565030e-01
-1.995959237125695118e-01
2.424446643166335846e-01
7.293823040779709999e-01
4.469286514450367953e-01
-5.446463561690919608e-01
-2.818790826410213501e-01
1.028679845186819541e-01
3.684576802332346634e-01
-3.954282101220925050e-01
-2.147291737313512527e-01
9.033584185246128495e-01
7.350572632717138344e-01
5.471697314291681380e-01
5.325021502731919210e-01
-4.685791023694780844e-01
6.143485227426204176e-01
3.091236777379633427e-01
1.253802779637582798e-01
5.457326899512866536e-01
-3.020827322097408008e-01
-2.971812990384785635e-01
3.734312549774920775e-02
4.111067359378697272e-01
-6.293054775723376792e-01
-9.841691247351633809e-01
7.960912693348494162e-01
8.812553898272990072e-01
-9.735204233221390613e-01
1.600382181557054029e-01
5.790889352397339263e-01
-7.128480640199486018e-01
7.958052795853129968e-01
6.606110243726115439e-01
-2.588987339852795166e-01
-9.666699235187310446e-01
7.406590695293828741e-01
8.008371854328957262e-01
7.464117828669185606e-01
-2.077176511152289962e-02
2.608323444280917780e-01
2.594017374176664781e-01
-9.014523973917007993e-01
2.294612780728906287e-01
4.585444852257891668e-01
-8.231410363377231754e-01
-9.712254622245912739e-01
9.632150070099834149e-01
2.284716965838629044e-01
-9.979706787861168937e-01
3.817957731288488255e-01
-8.898111520356717374e-01
-1.287793853827230439e-01
-1.141954164207701350e-01
1.445104840878161934e-01
-5.554527677641196703e-03
2.968499865634344204e-02
-9.885644932698101073e-02
6.049472413242584778e-01
9.215093016148516725e-01
-5.948856776794597678e-01
-3.279229071648148697e-01
-6.207564850849009996e-01
-3.747042097769508473e-01
5.640177251402709313e-01
3.104097268213281691e-01
4.945878162579702142e-01
-8.302777088644517356e-01
-7.105220076553986353e-02
4.030095700048994534e-01
-8.314310557782866873e-02
7.243250623496932938e-02
-3.568864702851559656e-03
-7.939312189095801831e-01
-8.794774796767754754e-01
-8.299451595704379070e-01
5.067369435266091404e-01
6.015894149701799254e-01
1.562675887941586961e-01
