
0 93.939644 28.095071 38.900191
1 93.939644 52.891437 42.526496
2 93.939644 77.592908 30.5693
3 93.939644 81.062866 28.302576
4 93.939644 81.969113 26.36155
5 93.939644 88.231109 17.902854
6 94.162788 85.105122 24.873413
7 94.177666 87.183817 20.555807
8 94.162788 87.502925 19.97883
9 94.162788 89.448316 17.278253
10 94.162788 90.892094 13.745866
11 94.229567 89.280439 17.83407
12 94.229567 91.865032 9.099095
13 94.237666 93.021471 1.365596
14 94.282788 91.687646 12.380417
15 94.282788 88.79325 19.972702
16 94.282788 93.180858 1.441452
17 94.282788 93.037078 4.673867
18 94.370514 93.467728 1.461249
19 94.370514 92.993624 5.17903
20 94.370514 92.706336 9.154077
21 94.370514 91.600647 10.596467
22 94.370514 89.287654 19.5993
23 94.370514 91.718342 11.448609
24 94.370514 91.981008 11.404622