2.400314389016797723e-01
7.728403588805379254e-01
-9.298030663928456008e-01
-4.410057075869378007e-01
-6.478527497241710620e-01
3.615425876383919768e-01
-7.908031557479933138e-01
8.915366651314666768e-01
6.585198046267952687e-01
2.114990119818542791e-01
-8.473159164740198257e-01
6.271687758378605704e-01
-1.639542417772708038e-01
-5.468781917622316247e-01
-1.793043871073001228e-01
7.154726475410240205e-01
-5.430139422870017274e-01
1.756307851611980109e-01
4.143665870947863539e-01
4.740306793428290533e-01
-8.515092487327886595e-01
2.206168953185159154e-01
8.696536682138260588e-01
-4.407798496960946277e-01
9.509060077706987801e-01
-7.285009823493100445e-01
-7.807922790609704844e-01
-1.802051621162448214e-01
1.755766896007731059e-01
9.338261691386098295e-01
2.327661932682545398e-02
4.255738145294096775e-01
-8.523860247856143157e-01
2.619957586117236392e-01
6.938212230413312032e-01
-6.256660902654409551e-01
-5.822815329408397300e-01
3.070234410530880975e-01
8.132555718659966182e-01
4.214467915073210058e-01
-7.852997623009210226e-01
9.032057546310483520e-01
-1.839875839881197628e-01
3.182601275000418450e-01
-6.071731303063152563e-01
5.292628500610265796e-01
6.280029652573833054e-01
4.892277810701206597e-01
-4.138417495920081457e-01
8.119405536117207944e-02
5.584576278986430609e-02
6.244967181057647920e-01
6.027007026701121095e-01
9.099951428199204440e-01
-7.264155418956730337e-01
-1.149382181447320406e-01
-9.736674711297979012e-01
-1.343057711010322564e-01
9.479515089327121835e-01
6.616708567020774812e-01
-3.727267870337949152e-01
9.537599987692162440e-01
9.608773705720992098e-01
-9.442726166822392742e-01
6.117409653065994934e-01
5.749469837804892514e-01
7.147175798527780621e-01
-5.313329819980081581e-01
-3.094150075827561963e-02
2.172601903412696434e-01
7.721092367097772691e-01
5.049357178397444468e-01
9.749386119963612263e-01
5.655879808417560994e-01
6.624664434411644542e-01
-3.946964992910912962e-01
-6.498497989831995003e-01
-9.539293434609228406e-01
3.194912285425663967e-01
-1.034297989202748180e-01
4.822788178090693378e-01
7.418312928800059325e-01
8.808214846148514354e-01
-5.023513572757876133e-03
-3.646971810604826558e-02
5.866182929176146921e-01
5.970861003282079693e-01
-3.219286499186315709e-01
-7.860285565134961239e-01
3.036490404341585236e-01
9.500977213113948050e-01
1.320766804230126823e-01
8.028517185430015246e-01
-1.025140378831783661e-01
3.109601976967459880e-01
-5.355941350070427820e-01
6.413457394757564600e-01
2.200612654269209489e-01
-7.832735516946121024e-01
8.305905742252235324e-01
9.354012555131963058e-01
-8.276330501007662654e-01
4.630804218265249794e-01
7.812986436016076119e-01
8.209677206756664791e-01
3.081616333020931187e-01
4.293337488672925861e-01
6.886867545933330614e-01
5.998073817306777133e-01
5.146822933907206910e-01
8.979327123191505056e-01
-4.544253231361703449e-01
-5.342294414420356574e-03
8.027852607347749636e-01
-4.280894019700980380e-01
1.187451162533526006e-01
1.230970038155434487e-01
1.409900802726404834e-02
-8.291350469048881511e-01
-8.809129694158837065e-01
-1.798054944146252332e-01
4.715894042023924815e-01
-1.917238788908821601e-01
-3.795781889008353893e-02
-7.960009469205970856e-01
9.067628384383390472e-01
-8.032095074723539785e-01
-9.905502660880778354e-01
-4.418054959783090929e-02
-7.191265295421569448e-01
-7.664846665033553386e-01
-3.956936678455709178e-01
-4.817733023947474713e-01
-1.334986514804197277e-01
-8.699342384923047788e-01
1.763161430777457905e-01
4.898021999153883144e-01
-4.616665382197586709e-01
-2.186159884315803659e-01
-2.794407880670204403e-01
-5.697511679518834082e-01
3.394241938836419781e-01
-5.476507193488659997e-01
-4.333165302548158682e-01
-9.043029530218107404e-01
6.231986576119559196e-01
-3.444798373014299475e-01
4.595957963857768558e-01
-4.695205145498766441e-01
-1.420396418337268596e-01
-6.782311246821821626e-01
-5.710740370605134064e-01
1.327596961522670149e-02
-6.199953838672103146e-01
-5.032380467665118484e-01
-9.851772208872831005e-01
9.260981597610351557e-02
-4.656416394684348425e-01
-5.215472393009745744e-02
7.374579448989948549e-01
3.348061498350010101e-01
-3.339361285700146453e-01
8.007243348478259026e-01
5.251123635956587155e-01
7.445508844334458587e-02
7.494075058483993246e-01
4.372219131056065411e-01
-8.891367355322254973e-02
7.942618993033965236e-01
8.992332967997549442e-01
5.500771897349701067e-01
-6.159973200899497847e-01
-7.666063660413646730e-01
-7.684267764929899602e-01
-1.205944618007315228e-02
-6.689713344040484344e-01
-6.826314775516229005e-01
-1.487515246560648929e-01
-2.656360490415865527e-01
4.660435872583166272e-01
8.925447743029946146e-02
-1.059449189966876759e-02
8.719638305906101117e-01
4.462950613581018189e-01
5.169197614270661933e-01
3.793367797851974199e-01
-4.155814900535605982e-01
-6.640603443154431407e-01
-3.623055026883790219e-01
1.023656305697031588e-01
-6.101738368074607344e-01
5.519884727113355538e-01
6.725589159003584339e-01
-4.565979882241255616e-01
-9.716531551208535955e-01
-1.393268801078861863e-02
4.026024166359465362e-02
-3.873404183844821880e-01
-2.944261323482066928e-01
7.471712764609865776e-01
-9.213798645727022674e-02
-5.074490722885531824e-01
-4.942236775986803554e-01
9.154828415678404330e-01
6.598427316436279444e-01
-5.063042152344172653e-01
6.367861488263619751e-01
6.700654972886233018e-02
2.724536623737172647e-02
8.567805301793667283e-01
-6.045825704652383337e-01
5.217263235315794390e-03
7.489284368560300553e-01
3.223179889101177586e-01
3.356913385480602141e-01
9.557214164188330141e-01
4.119995753261431748e-01
6.450747240323906340e-01
9.409139232953060983e-01
-8.717767195039658468e-01
-8.907076467037482459e-01
4.094074312774900193e-01
-3.007220128419854088e-01
2.950484181791279692e-01
-2.966664128648868193e-01
-6.353739262931579201e-01
2.939638283011964948e-01
-1.116264817322125680e-01
-9.490491363913888812e-01
2.460378364434783194e-01
1.929073169139172705e-01
-9.047328556492084672e-01
2.949412112501956784e-01
3.590422606597023503e-01
9.685647750422572422e-01
-7.587237161688964449e-03
-4.147156804812484054e-01
-8.743953208157340118e-01
-8.366174985283982846e-01
4.118913745458989695e-01
4.741443225472858902e-01
4.558638305867881435e-01
5.494214910532415619e-01
5.369351903390162661e-01
7.579676604044180976e-01
7.038944375695899147e-01
-5.489240312000840394e-01
-5.605303424595391437e-01
-5.099221401865592362e-01
-8.650300950082943086e-01
-3.651646276763100829e-01
4.012324711309211978e-01
3.290892891176522284e-01
-8.467295754965131760e-01
8.479550469287928660e-01
-9.502916697308314564e-01
-8.773438643343502985e-01
1.586874325474114666e-01
5.213618314383641206e-01
-1.794585093631466677e-01
-6.621893269663721160e-01
-1.935146121481490233e-01
-6.949476948636799101e-01
-1.713623660594367770e-01
2.458892771746659101e-01
