
0 70.597494 21.153412 24.326263
1 70.597494 32.432057 23.997055
2 66.160982 42.07545 18.471444
3 73.835569 43.382393 24.328656
4 73.835569 46.819644 23.484037
5 76.516267 54.117533 19.398362
6 79.250551 58.678972 16.097034
7 79.250551 58.333878 19.987991
8 79.250551 66.925239 12.42443
9 79.250551 60.572475 25.520266
10 79.572833 68.750916 16.334865
11 79.572833 67.124323 15.759463
12 79.572833 72.267051 9.68846
13 79.572833 71.19454 12.714262
14 79.572833 73.182679 9.372695
15 79.630186 70.956171 12.21565
16 79.637981 70.644231 13.889186
17 79.687276 71.938673 11.845436
18 80.05725 71.451738 11.76807
19 80.05725 72.909606 9.81696