7.659395993758084664e-01
-1.308859249329665797e-01
1.143157024855501191e+00
1.567013170439339187e-01
-3.752908159298390389e-01
4.276985405150640629e-01
-2.696670579191743911e-01
7.327630043127401072e-01
-5.505593717860355341e-01
-7.139576165546377418e-01
-8.594065985426698751e-01
2.350530738241156381e-01
-6.582011646787750969e-01
-1.917746837529729909e-01
-3.079467868418694909e-02
-7.976883982510698523e-01
5.120251528607329128e-01
6.271702672580078408e-01
7.623201769969384367e-01
6.279215699593831967e-01
7.541269589725816402e-01
-9.774786794299603621e-01
6.826940328314283768e-01
5.939158045995478197e-02
-8.184329313545199991e-01
7.817621190952314114e-01
-1.273362901651324541e-02
-1.824433374246229866e-01
-2.761022124346018125e-01
-5.081636511720492022e-01
-1.226304917565129937e+00
2.096124055503089112e-01
-8.274528465555450185e-02
1.259265905338896319e-01
5.250291935895202711e-01
-1.428410728469254043e-01
2.118055634754976990e-01
8.196982397115411267e-02
-7.909970688010690143e-01
-8.507346826366524173e-02
-1.286965245612852748e-01
-6.713197244457883572e-01
-6.875613698615650193e-01
-2.859072870884293294e-01
1.463875307643124124e+00
7.303439428485108617e-03
1.223495260676144697e-02
4.826770289434332284e-01
-2.213305353435621736e-01
6.274625345221153117e-01
-8.306874148186649265e-03
3.284066361141337875e-01
3.879865632870096448e-01
1.163197294874071877e-02
-3.057640056754085123e-01
-6.200425479647434512e-01
-1.179444295064790094e+00
-8.232176578509522447e-01
-2.631251497679710782e-01
-5.445558416144727909e-01
-9.977667717302975969e-01
4.487937103278188955e-01
2.756785885359215316e-01
-5.487904898801585496e-01
-1.004752261217285891e+00
1.930599717488254430e-01
-4.143650595489585808e-01
-2.679957308476772493e-01
-8.159215755523387958e-01
8.351065742313252827e-01
-1.730707410963153170e-01
-7.493401520920601744e-01
4.549221179623510469e-01
-7.486846425191684418e-01
1.612556953724078035e-01
1.014713970221792771e-01
-1.406351325615365688e+00
9.313135240050436359e-01
6.868433327645953046e-01
9.685093439428131834e-01
1.150901961073545809e+00
1.828821298054864597e-01
-4.906170705621281658e-01
1.147327466107557203e+00
2.641409552864630306e-01
-7.986584628320201329e-01
-1.220947629241979776e-01
3.525385431618614507e-01
-2.448052107481399342e-01
-1.129824025605411286e+00
2.701368199795507463e-01
-7.636339599310985049e-01
-4.645910065779014775e-01
-3.555481810085905914e-01
-9.683643771316252646e-03
8.615426749479031532e-01
1.397080147021365626e-01
-5.090933847092404818e-01
7.265503854480266366e-01
-6.566775991886173447e-01
5.790284286906994815e-01
1.043505986096507687e+00
-3.304530098857380582e-02
5.853007021155384182e-01
-1.294153259086590901e-01
-1.153486005582094465e-01
1.248839929767282975e+00
9.213399852831906101e-01
-8.778329857692588334e-01
-7.522708023350410667e-01
-1.008525033829196893e+00
3.661836651975362567e-01
-1.777273321260048611e-01
5.742670240649276892e-01
-1.145715989020904324e+00
-3.909960303111305047e-01
-1.751539234435631198e-01
1.214941713307988058e+00
-2.040273121364933329e-01
-4.856778755167318051e-02
3.126931667761768674e-01
5.824240831391837014e-01
7.219661800284480346e-01
3.328939924921600069e-01
2.291959097137325763e-01
-1.182601447260928640e-01
1.446848893602965092e+00
3.410037427292846868e-01
2.170085870670937500e-01
4.291671383749384727e-01
-2.307228545612496351e-01
3.642120912846281144e-01
7.747491349551050011e-01
6.956893566478672408e-01
9.624581410211183741e-01
7.371102674932378251e-02
-1.327858317479546635e-02
-8.731182839874003232e-01
-7.466676483652119334e-01
2.292401347013194313e-01
4.099077861521169819e-01
-2.251499575073048209e-01
5.260654328753159303e-01
6.285632983878837177e-01
-1.240400551024786746e-01
6.975062967415461834e-01
-2.779848759971916827e-01
5.246018387140181094e-01
2.986080860557649430e-01
-9.152955922997840776e-01
1.144226757049536136e+00
1.258997619886856045e-01
-6.993157648066058441e-01
8.102048278875123577e-01
9.489643760336063938e-01
-6.097695452363296464e-01
-9.442568990500729287e-01
7.546516190289023207e-01
4.131511002772131347e-01
-1.024510819921279792e+00
-2.267615334778790848e-01
7.697026189895657122e-01
-4.760479407892678760e-01
5.665842929855944288e-01
-3.767419896512311239e-02
-5.136541702458823355e-01
-6.305427260318101634e-01
-2.944618205828821722e-01
-5.521588816422575707e-01
2.418682950762632844e-01
8.832722117615708912e-01
3.172031795837930157e-01
5.294899090318143653e-01
-6.105672955336235441e-01
7.173703618892717238e-01
-8.132850093227494970e-01
-2.919155931809727655e-01
2.946502904229804098e-01
2.245070788445233112e-01
-1.662027205746185454e-01
-1.057390063065385188e+00
4.257067853590513762e-01
5.196768533294178205e-01
4.103072773772578064e-01
3.158524431714166969e-01
-4.986332952073545544e-01
1.365450308304985150e-01
1.329590322082623358e-02
2.349574419437659989e-01
6.044763753849079213e-02
3.246186386956732006e-01
-3.434570426011251953e-02
6.727484626631716758e-01
-3.714129072387584718e-01
1.559702678089916361e+00
7.095564471429256503e-01
7.234426159347957519e-01
-6.350160279220964377e-01
7.236232404998414747e-02
2.708879834124889863e-01
-9.149891773616943835e-01
-1.173549096926442159e+00
6.411008320823468054e-01
-4.794655010636838521e-01
5.338985740649138112e-01
8.734825379502042519e-01
-1.611892250671843885e-01
5.737324003872366074e-01
4.426887961190012488e-02
-4.888737459181280443e-01
-3.364575404544034032e-01
3.490786975326317099e-01
-9.298352449395701491e-01
1.254149665961367788e+00
8.292035006687803467e-02
7.523034214772402750e-01
-2.667724460735638736e-01
-2.121776421456141593e-01
-3.386010856238683836e-02
-6.367456199676855277e-01
3.741441131136026832e-01
-1.483707612284332900e-01
1.229839157556048779e+00
-6.370307854342163179e-01
6.186255432490501693e-01
6.707613065009511155e-01
9.131781400092926493e-01
-5.282011924347826959e-01
2.698284871735265322e-01
-7.079805213689804866e-01
-1.179009420041361444e+00
7.515403275926324511e-01
-2.092267148700416857e-01
9.236872608703589060e-02
5.896617918093463029e-01
-2.359968078729640650e-01
5.572203770494152941e-01
2.102546741192203722e-02
-3.131089896262409522e-01
-6.567272956687841834e-01
-5.292457522597786568e-01
5.118500345808116858e-01
-5.492482590732614689e-01
-5.471579969541264798e-01
1.411443435219974951e+00
-5.172255707569095584e-02
3.199689981710277520e-01
-8.832887544256191603e-01
-1.697465673116854701e-02
9.572501762314273854e-01
4.147022751775839011e-02
3.424685500360435397e-01
-9.486528871794190909e-01
1.521077982342756707e-01
-7.893507815007724804e-02
1.370262689487268037e+00
4.134036319797937953e-01
3.506891783853858247e-01
1.116790282297779324e+00
9.176372466975359909e-01
9.460986958622912280e-01
-9.206295478584232139e-01
1.416747726375084060e+00
2.955492576461840604e-01
8.819320947978115388e-01
