6.430912959920931371e-02
2.805541867229679465e-01
-5.465125166412434510e-01
7.667783133746979285e-01
8.153875594194204268e-02
4.311093954694054098e-01
2.723290028107139271e-01
-5.516645469025860393e-04
8.130849805090576421e-01
5.273043343168033470e-01
1.672204976941602528e-01
-4.657007396335148819e-01
-1.398090248964445337e-01
8.487702520491469116e-01
-7.870491375930992461e-01
-9.281958446631524140e-01
6.792326646020299119e-01
-8.378940022027119294e-01
-9.633732984894429752e-01
1.681453995927890688e-01
-9.576385237073390400e-01
9.409113603928744851e-01
-6.141701750881529698e-01
-9.648868845887563772e-01
5.443336477143621011e-01
-1.578435685013328538e-01
-8.277503233542273797e-01
-1.388893138328031185e-01
2.283569884263259020e-02
3.287478542853832231e-01
-2.219447944234518300e-01
3.625723754670426846e-01
-7.171460596664425147e-01
3.618016694002534894e-01
8.276723138289701076e-01
-2.871212321975531445e-01
-9.549994456648740471e-01
-5.791652258536972298e-01
5.116473581004346016e-01
-5.050445994880747858e-01
-3.845116830406893893e-01
3.459720067392679788e-02
-6.165189428019690610e-01
6.983343487416464601e-01
-4.853704519835704279e-01
-9.152901043698697947e-01
-6.341423949145779115e-01
6.207865216735355407e-01
-4.236915560859091379e-01
7.790380778506489357e-01
-7.746076429962427401e-01
5.174629755455850688e-01
3.837114981645588507e-01
-5.335206312874694046e-01
1.562820544665521894e-02
-9.574700727796259248e-01
-7.657573628117473330e-01
-7.174964832397408010e-01
4.665094529381612620e-01
1.449169173230129282e-01
-4.749943121830850767e-01
-7.522315835629316272e-01
4.845363394725770156e-01
-1.904130190528996458e-02
-6.934270652975405014e-02
-1.958782573796848947e-01
8.019733794241550306e-01
-1.877727101934079101e-02
9.768876155571390996e-01
-2.053815159579686078e-01
-9.060831459356801787e-01
-3.482258641359028406e-01
3.601762860770501007e-01
4.698754095240400552e-01
7.041643444465139901e-01
-2.967437605950826729e-01
4.336489922958415288e-01
3.575286109065325402e-01
-6.998272611835003598e-01
-8.052432878779585135e-01
8.051103058371087418e-01
-2.275183074181841292e-01
8.275591263960118127e-01
8.502009070888603137e-01
-6.529837943993430649e-01
3.674596344778882084e-01
2.909694940843563504e-01
-1.091251321073045677e-01
-8.451985806623651953e-02
-5.733485913819946767e-01
-3.932739193884409179e-01
7.008534905167835838e-01
-1.527112630489633194e-01
2.806181609581148706e-01
-8.706408501391693644e-01
5.429728218744169776e-01
-3.742778195999978408e-01
-1.917485467026773804e-01
3.947205624730565354e-02
-7.057215785209831616e-01
-2.152223942825124414e-01
6.250774298152594888e-01
-2.785466251101456070e-01
8.057137654783947944e-01
4.842240353295845789e-01
-2.232028366471690006e-01
-6.693901527780439231e-01
-3.714436359667374621e-01
-9.152452804036543821e-01
-3.199057168001815388e-01
-3.570768719590358131e-01
-4.011312402488087514e-02
-3.042837236482098806e-01
7.449998880807309209e-01
9.261542829103646124e-01
6.318276951675592112e-01
-3.755393924118721749e-01
-1.880488923869261253e-01
2.831756387886170678e-01
-2.629390079919668999e-01
8.505668529684524692e-01
2.472377374587553245e-01
8.371342827124637065e-01
-6.356910763631709038e-01
-3.724941461301709555e-01
-6.505288585973407756e-01
-7.516103108906735386e-02
-9.415219169241551000e-01
7.004854572211003383e-01
-4.756585953517080689e-01
8.579201000640124253e-01
8.227345540440529348e-01
-5.216430076279039429e-01
-8.681416373445052237e-01
5.248321060482001865e-01
3.116930844478631446e-01
2.296396656123746993e-01
-9.451377820581960965e-01
-4.128723286986561991e-01
-7.723193004350599189e-01
-4.500630771636073835e-01
3.134632510616071066e-01
1.766192460766373706e-01
-6.376845521832985586e-01
9.245439581970880116e-01
-7.371568532782348804e-01
3.758375947381924487e-01
-3.296378796218550900e-01
-6.340677531459055771e-01
3.023853570326939799e-01
-1.992309767866604631e-01
5.647736042996875927e-01
3.788535631097329492e-01
-7.664160154964014815e-01
2.160873014487800781e-01
-1.895926723070484599e-02
-2.640985880555990484e-01
-6.948193449498569763e-01
-9.643652409337544196e-01
2.218621590810518907e-01
5.023952791519459282e-03
-1.530128813941700194e-02
-9.645801958674458110e-01
8.857263211270411940e-01
-9.923187006797999921e-01
5.121504578663014229e-01
1.763719817777626986e-01
-8.892764043628031967e-01
-2.859107279767727494e-01
3.957340885963338550e-01
7.057246189793646707e-01
3.455944075306671692e-01
-7.489891604114320423e-01
-7.453582466149151209e-01
3.658868098752983133e-01
6.554815419341109006e-03
-7.596833863835015244e-01
3.226383885521006967e-01
-8.751272106259535555e-01
8.846197080677375979e-02
-2.710043891070266220e-01
-7.282469329841410044e-01
4.005898580791611430e-02
-4.752122721649465475e-01
7.481018824030052361e-01
2.617711387091155029e-01
-7.424489252520958260e-01
1.293784426509312357e-01
-7.265917190497088729e-01
-1.741008093173792570e-01
-1.972833525607131655e-01
2.362668452696428112e-01
6.792919334970790590e-01
-9.531716636799190123e-01
7.468095860145544940e-01
1.499009584105164272e-01
2.027014057737059893e-01
7.565583301814224892e-01
2.893734739135771505e-01
-2.369354808541410673e-01
-8.451006220073291608e-01
-4.964221814312930192e-01
7.610290991214894163e-01
-3.361338974762950738e-01
-1.996788025985425374e-01
9.279325215509508507e-01
-8.544321817191431467e-01
6.501159054391421055e-01
8.772878955772458465e-01
3.641139011388301316e-01
-5.392575175899525508e-01
-6.649187229971604829e-01
-2.972831841901335537e-01
-7.230335009580293182e-01
9.454266403725111179e-01
1.583991307407912608e-01
-2.830260372244828293e-01
-9.815253288116834174e-01
-1.185631934261255349e-01
-7.938460503863065121e-01
-2.055685703490661709e-02
-3.186384206486085890e-01
9.165021309851721920e-01
7.079375929000566448e-01
-4.523556648260249613e-01
-6.666269422117070409e-01
-4.591295953822847054e-01
-4.201697402334811926e-01
-3.859710733989405451e-01
-8.546455264466732427e-01
-8.298165328250510786e-01
9.086513883502920219e-01
6.850565107405257592e-01
5.338144349344799977e-01
9.381724853816542087e-01
-7.819329390132354618e-01
6.735291825223033157e-01
1.503518158535730453e-01
3.016117493066248212e-01
2.877010514298534716e-01
2.346082126697164316e-01
4.059473627017928798e-02
1.992771861693112267e-01
-6.853167539818418863e-01
3.247360648111896619e-01
2.340078918993133694e-01
-9.170945188614365584e-02
-5.393642629503732078e-01
8.048873616254170749e-01
-7.304518911055171149e-01
1.777561090609369732e-01
-3.214952592429833889e-01
-6.993751231005094215e-01
9.516078619570971231e-01
-4.769984036803878169e-01
1.187948996045053995e-01
-7.210501940931173248e-01
7.628195351749833542e-02
7.416056257212373382e-01
7.626611997268679666e-01
-9.484001882498893643e-02
6.546262389311805485e-01
-3.179418431361686892e-01
2.226376703302523907e-02
-9.964223602952901881e-01
