
0 73.581952 24.993619 22.011812
1 73.581952 39.897667 17.870869
2 75.160961 46.607881 20.382188
3 73.581952 52.208325 17.316815
4 74.098168 63.685973 14.825797
5 77.117664 68.999796 8.817789
6 77.117664 66.467149 19.090717
7 77.117664 72.008336 7.764999
8 79.459887 71.988981 5.952698
9 82.423903 70.733391 10.660384
10 82.538809 71.849114 9.69507
11 82.538809 71.235649 12.306071
12 82.538809 74.12934 6.421773
13 82.790098 76.668815 5.042983
14 82.909292 74.403742 9.859981
15 82.909292 76.245312 9.134957
16 82.909292 73.545563 16.168334
17 82.909292 73.741983 15.853968
18 82.939062 77.473212 7.227177
19 82.939062 77.376857 8.833944