-1.407811532600395932e-01
7.856009566414794421e-01
-3.505104224600028573e-01
-7.060367899248141121e-01
-5.731732621903098401e-01
9.694544296387830329e-03
1.930186777112516960e-01
1.183274427244174198e-02
-8.930998700635650600e-01
4.318467172048039426e-01
7.959886026430340600e-01
9.885912370884526457e-01
-6.933818334975692110e-01
-9.218155860510532928e-01
6.646784297534491515e-02
9.541566873042321983e-01
-4.129347197375623502e-01
3.249317747713751370e-01
8.088206727577060828e-01
9.452015496625287838e-01
4.604338356216008954e-02
-5.390057769635707707e-01
-4.550952722057151068e-01
2.018633318070581772e-01
-7.742614570376882277e-02
-6.666891602443121290e-01
7.314021353753525911e-01
8.932526032806955563e-01
3.264989482992821657e-01
3.893863719523216194e-01
-4.449154962860601970e-01
-6.005181310508513892e-01
-6.079513445898740986e-01
7.846587802008255785e-01
9.925979365514039365e-01
-1.630638610424381962e-01
6.974710917086803796e-01
6.300881288638382483e-01
-9.810893210591824509e-01
-6.570906774578038068e-01
5.415688500964046526e-01
-5.355145610808986767e-02
1.257455334220212162e-01
-5.796697835364101881e-01
3.976311222599981932e-02
6.201219308807222053e-01
-8.652788272742779618e-01
6.383596594064142593e-01
4.285631526406878944e-01
9.278195272984239850e-01
-7.504715102370109747e-01
-4.088611082383546425e-01
7.004681006850019820e-01
1.522420481873343334e-02
3.289362943369829040e-01
9.907246286574142857e-01
-3.105740767008617897e-01
9.807823973686078389e-01
7.919637965082555464e-01
6.156132268910772254e-01
-5.648780811910412147e-01
-8.089146289063875450e-02
2.894643757943973217e-01
6.926217825021443453e-01
5.368244019677110845e-01
-8.582735986445861887e-01
4.255917830463888940e-01
6.835809811940203318e-01
-8.830977443801841797e-01
-4.563138905623169705e-01
-5.221724374484582043e-02
1.116167352774941612e-01
3.241069445677406957e-01
2.803817906769947577e-01
-1.621328006810396349e-01
-3.798685019632264126e-01
8.225551044973333781e-01
7.331161908912775527e-01
-4.658640461223253482e-01
-6.729881734613587518e-01
5.965921988093252359e-01
9.098723391279017747e-01
-8.935252100191273250e-01
7.690843816253729592e-01
-3.590982331641319192e-01
-8.286006716805516259e-01
3.694860695314030608e-01
-4.987662847038207836e-01
1.402787955085518234e-01
8.747535008050253413e-01
2.260952097755697388e-01
8.098230460142039622e-01
8.086392254669634294e-01
2.528009645021471741e-01
-3.667328825600473241e-01
-7.182460500861065356e-02
-9.230377171840979944e-01
2.147694614702531091e-01
4.698117434886819321e-01
9.434554980415166270e-02
-7.164021205492934197e-01
-7.266905955747471335e-01
5.724161223467183479e-01
2.801666498587571663e-01
9.896449884158831090e-01
8.889369012721566321e-01
9.792731038924109566e-01
-9.632018204005927675e-01
-2.216489173860876072e-01
-9.600774539666017127e-01
-4.916255468680441609e-02
-2.115596850423762110e-01
-9.479703716117915402e-01
9.211246786262803354e-01
6.839431027612794534e-01
-1.762396399720973506e-01
-7.356224761665002276e-01
5.935860932898719966e-01
6.401619201151511618e-01
9.863772162980659619e-01
-1.648572879185323803e-01
-8.827648412051127824e-01
5.427800081832683254e-01
8.877520983088693640e-01
1.111156173429621585e-01
9.190966330879808410e-01
-6.078423449334273698e-01
-6.819482389122655253e-01
-9.996277741972781072e-01
-6.901335420105025875e-02
5.278939736705632324e-01
9.057333260683115839e-01
1.138200391095482988e-01
-1.315604010361652865e-01
-1.241123388756930623e-01
8.451702345291978169e-01
-7.302828738706796941e-01
3.873686014163946201e-01
-2.883637206972300415e-01
6.593264464292354354e-01
-3.852976994022188073e-01
-4.010191390631772101e-01
4.958162195946227424e-01
-9.820976944588128976e-01
-7.547466930431170340e-01
-2.192875577745236892e-01
-2.224810728253130421e-01
-3.972250232201421927e-01
2.541938701519261823e-01
4.949651773131866772e-01
7.390844998741539218e-01
8.094107021704752825e-01
-4.790828658500780879e-01
9.193451619176229439e-01
6.092976008421424616e-02
8.386732977393414057e-01
2.436562441339213958e-01
-2.949312145466416180e-01
4.610301469021855780e-01
-4.618918073797033674e-01
-9.363967930206467116e-01
-9.135128265083538590e-01
9.834060476061190492e-02
-1.946717365673571454e-01
-9.244899423103325464e-01
7.755091223992085503e-01
5.214711720690279328e-02
-4.640472126089916216e-01
-1.914533207997917152e-01
3.985596454089748164e-01
-3.054489869776559896e-01
-7.225127843740253297e-02
3.064370750044203007e-01
-6.954194437903862269e-01
-4.813312852058677649e-01
-3.182710181128596272e-01
-2.783692681445797401e-01
2.938635078585998262e-01
-9.388461308652598092e-01
8.946959848378204239e-01
-6.602353159302187802e-01
-9.600592388068969196e-01
-3.875439899776287334e-01
-6.768283967414971958e-01
2.668214704626323819e-01
2.157036271590386800e-01
2.325715203281371046e-01
-7.526824668501099769e-01
-7.433453248471162400e-01
-5.773593128417140452e-01
7.210550944513380855e-01
-4.170415288242779184e-01
-6.005231601118679041e-01
-6.319829619612831184e-01
-5.970923858406753659e-01
-6.358093804846476349e-01
-9.940761596749188023e-01
7.023482010118935470e-01
7.133812271918846815e-01
-1.308653618003254859e-01
-6.135210179825816290e-01
-8.792316732187230865e-01
6.297189829790685867e-01
7.555881633799317321e-01
-9.216962475036716285e-02
2.763377378729887646e-01
5.831800902890476035e-01
6.080728813863611748e-01
6.486681089159760383e-01
7.571351310908993604e-01
-3.039121414627243833e-01
5.949092937918742940e-01
-8.402530442768321173e-01
-8.962176709687805776e-01
-6.665982451531193842e-01
-3.859199444962335690e-02
7.834283360867784207e-01
-3.734458837720868729e-01
5.070436487827461036e-01
-2.090347697531442783e-01
9.742334652459572197e-01
-2.167892997672304922e-01
7.766436515285719544e-01
-7.188118449406362132e-01
8.165050177170178891e-01
-2.453630572748548566e-01
3.031132472977162706e-01
-2.514080434279954979e-01
-8.655088915102049363e-01
-5.534506681420219287e-01
-9.547675245340991879e-01
6.365632803715626231e-02
1.162764926625781126e-01
6.473011252551847949e-01
2.349287956604007022e-02
4.189836179361925428e-01
7.342448632169713552e-01
-2.163701578739263276e-02
7.268157743690750738e-01
2.497387020809567204e-01
-5.962441399176821033e-01
-8.645004596123908591e-01
5.512368608498527944e-01
-1.298852020813954233e-01
2.821178803078328023e-01
5.244327645043365127e-01
-5.391970706741129327e-01
-3.082081238833682679e-01
8.576815132877537717e-01
-2.536861596690087595e-02
1.343569417045233916e-01
9.779953562490906194e-02
-9.048966021672966153e-01
9.031558432133606207e-01
-8.741726090331591870e-02
9.676369120280445824e-01
9.003038898336981344e-01
-4.082798439547448144e-01
6.332840578904499473e-01
-7.316707027569460120e-01
2.871719813909843211e-01
2.353041229547185864e-01
-4.764976077362375051e-01
9.456608523433578384e-01
-2.977825884582643301e-01
