-7.818784363377517810e-01
6.998034139529216713e-01
2.807388460091349014e-01
-3.956619690914431331e-01
-1.283876978820481796e-01
9.459935699426218481e-01
9.646937655137006740e-01
-8.734686980360006903e-01
-9.343164418218343759e-01
-5.705908986743133404e-01
-5.524347110636251834e-01
7.067653550496582060e-01
8.650853084476639587e-02
-2.762597937822595107e-01
7.263674398430233214e-01
7.318386955827533846e-01
5.748397874939812358e-01
7.656632230058866284e-01
-5.891732775362965580e-01
4.457616462439639715e-01
8.156960108565667333e-01
-3.512695122441569229e-01
3.697280861144507380e-01
2.300338734281057729e-01
1.437007876597333755e-01
9.417940298062517090e-01
-2.112039742473506010e-01
-6.506560083767265468e-01
-2.939873910121573175e-01
1.778569388799178252e-01
8.772220760736746392e-01
