
0 91.933573 43.03269 42.280035
1 91.933573 76.783054 26.223458
2 91.933573 84.70593 22.245479
3 91.933573 89.889077 13.604502
4 91.933573 90.829004 7.373914
5 91.933573 91.85116 0.134453
6 91.933573 91.804299 0.554597
7 91.933573 89.921665 13.669144
8 91.933573 91.846048 0.132844
9 91.933573 91.900802 0.087411
0 91.858736 32.420162 38.081847
1 91.933573 61.808309 33.672537
2 91.933573 77.392564 27.746259
3 91.933573 86.925197 19.366741
4 91.933573 87.017122 18.906368
5 91.933573 90.103872 8.739107
6 91.933573 86.757002 20.275077
7 91.933573 91.8767 0.116508
8 91.933573 90.107411 12.313139
9 91.933573 87.426857 18.073949
10 91.933573 91.846351 0.125275
11 91.933573 91.864977 0.114425
12 91.933573 88.52627 16.443636
13 91.933573 89.591564 11.23899
14 91.933573 91.533145 2.33771
0 90.168891 50.557413 33.928823
1 90.168891 77.029123 23.468547
0 91.933573 28.704567 41.263604
1 91.933573 58.364154 38.267896
2 92.766278 85.600947 12.985235
3 92.766278 86.873644 19.382167
4 92.766278 87.545366 19.199102
5 92.766278 82.938014 25.061039
6 92.766278 88.018471 16.939934
7 92.940414 92.124449 0.91044
8 92.940414 89.64956 11.823317
9 92.940414 92.568711 0.763377
10 92.940414 91.84025 5.086131
11 92.940414 89.502092 12.262784
12 92.940414 91.541101 4.925068
13 92.940414 91.189054 8.296676
14 92.940414 89.491137 12.711153