-4.311298979503537243e-01
3.606877074935561645e-01
6.734505808229043211e-01
7.836905785668997204e-01
-6.067175089045939718e-01
9.552018943725149036e-02
-4.986823623046126031e-01
1.210284486949184668e-01
6.806447009805431936e-01
-2.521838819068578097e-01
6.844225097011344960e-01
-6.257611329217069862e-01
6.514574709962364096e-01
3.119772150430828450e-01
2.283718669555685477e-01
-6.593607418045857038e-01
-5.340741892697951076e-01
9.270081837075396791e-01
-7.867665617201717865e-01
9.760447200888497932e-01
-6.022917890616317216e-01
-4.544067296748943718e-02
4.781598457551650139e-01
5.715479547503365954e-01
4.118182696606567106e-01
-1.391111343267696920e-01
-7.903081052855556177e-01
-4.310783438335656914e-01
-1.995424916979515739e-01
9.066755115617564087e-02
-9.476787587867787632e-01
7.810488184217563301e-01
4.707677593627879187e-01
-3.698027898386455625e-01
-6.599784902240057871e-01
-5.635521994721843786e-01
5.885223944232893523e-01
-8.455634579328552558e-01
5.739090164685207718e-01
9.822567008843139380e-01
-2.635472735069219752e-01
-7.111069029305101541e-01
2.021469307112040426e-01
-4.873756731713729806e-01
-3.402697537602876743e-01
1.596409109014553795e-01
9.746618881951556457e-01
1.139542860740270225e-01
-9.881875069291279345e-02
-8.767569539710076132e-01
6.725076113291403868e-01
3.283853227636643890e-01
8.977849929940160401e-01
6.429186780438360671e-01
-9.096540208188859111e-01
-4.962239116105493508e-03
-3.770266464639280279e-01
-4.662156276658135923e-01
9.871093778935735585e-01
9.246564831826700193e-01
-8.820947604715925205e-01
6.581376519970683070e-01
-7.869194381939506044e-01
5.098014856842025821e-03
5.641002175188454260e-01
1.003364396159207583e-01
-7.286873044748811701e-01
-9.501126038569913668e-01
-1.503505670272728967e-01
-3.338245559014496600e-02
-6.461360522958570218e-01
-1.960601226725386947e-01
2.265370880311268209e-02
5.284693398771136419e-01
-7.564737798738552232e-01
-7.829394630827017920e-01
6.753370548033643672e-02
-4.845561217423322020e-01
3.129982045530055323e-01
7.278480997733429714e-01
2.018482077125851593e-01
-9.584238722900659813e-01
3.635654404971622178e-02
-7.365731162499429274e-01
1.493671418932256412e-01
-1.985180718633838826e-01
-2.980962157960198589e-02
-1.249957922360001028e-01
-9.298387441571891454e-01
-7.254763830930550661e-01
-5.251172581318552801e-02
2.918007753700067042e-01
-1.260013558889248042e-01
-9.134479872648313403e-01
-4.834054745303584255e-02
6.635104535426945560e-01
2.465932114085527260e-01
6.992365162312168536e-01
9.977818619405163236e-01
-9.356751337196318463e-01
-6.036562022875748834e-01
-2.348521614198251228e-01
-6.943247020580576301e-01
-4.157471001976233982e-01
-6.522514729753461360e-01
6.495209075032137847e-02
-6.554424827907021633e-01
5.739222975405122718e-01
-3.468987302574051412e-01
-5.042237122372255076e-01
4.007273911667945665e-01
7.888945089011039080e-01
5.712517747420764458e-02
-7.626802211889966987e-01
-5.583963503663111894e-01
8.562561271489499415e-01
5.983168246642645016e-02
-6.945036044447712165e-01
2.694601200330415391e-01
-8.869107931005781875e-01
-7.794236317869673858e-01
7.275921307532795534e-01
-5.354300757499108609e-01
2.904414283936882502e-01
-4.478151254020705796e-01
-6.414603199763657670e-01
-3.295381050679191404e-01
9.600344777866200996e-01
-7.499003485487023557e-01
1.221574595993140111e-01
-2.303676322340986182e-02
-7.204026615205705308e-01
-2.557585796354389096e-02
-9.563142356928300281e-01
-1.111776212610693371e-02
7.051459747203985273e-01
-2.942904613439920603e-01
-3.048814008712641410e-01
4.236044491443540227e-01
-7.392142899018587787e-01
-9.138895117315020133e-01
-7.250185776043911456e-01
-2.169232325480279222e-01
2.053277272350193527e-01
3.963007500191957355e-01
-2.889079829181997461e-01
-8.754403892290003597e-01
-1.242493379831886013e-01
4.585640267214019516e-01
8.296876094425342796e-01
5.657239855004125850e-01
-3.624309226741084800e-02
7.926513038033984326e-01
-6.995151194956745755e-01
7.690545490601847778e-01
1.930571735887764984e-01
1.405399981850132818e-01
-2.667395519159216910e-01
-7.967659297693048259e-01
-9.201718949907085054e-01
-2.682012349995184231e-01
4.571388795385067372e-01
-3.997202515885962537e-01
-1.278968914804912149e-01
-4.148966044908892759e-01
5.646717933061895511e-01
-4.351293919875227623e-01
-9.868337094230379414e-01
-2.808251887557897675e-01
-3.016687776838389290e-02
-4.736027398499891294e-01
-7.111601978840826899e-01
9.251021871727687085e-01
-9.388336653693116762e-01
1.544824575092906827e-01
4.230563676454226485e-01
-9.876310168922370902e-01
-8.169888525511119770e-01
-4.094433601704519088e-01
3.988532332625462917e-01
-2.917347807730164000e-02
-6.980607982711271031e-01
5.409200406993643906e-01
8.643599942979514061e-01
-2.611226895360052591e-01
-1.235935156263219259e-01
9.368224351849807618e-01
7.292850780332407190e-01
7.711287665725796714e-01
9.868133995962118377e-01
-9.977495553335435918e-01
-4.949183704110855508e-01
-3.394419571036173533e-01
-9.390813984585513197e-01
3.027732698291019098e-02
6.091506797691343955e-01
8.857051750143341007e-01
9.959783237140591439e-01
-8.938879458459443317e-01
-5.954830330941762728e-01
3.213423355748763477e-01
-2.299728043682758294e-01
-3.024390367199583096e-01
-7.062511755223497278e-01
3.215555112991024256e-01
4.922449785724853921e-01
-3.102630250835589631e-01
-7.062271563656892237e-01
-9.244623467783148474e-01
1.345010913314375056e-01
-9.431724830922694203e-01
-9.028370463416486302e-01
5.388611352991290460e-01
5.202781411965062830e-01
2.302493737213209268e-01
8.106272337290731933e-02
-6.278474973651668734e-01
-7.406325704848548686e-01
4.594363937927921082e-01
-7.924242481202963262e-01
-6.183838535584660345e-01
-6.715194426349375689e-01
-1.681125160006144981e-01
4.282082091215442254e-01
1.467753349632456850e-01
-8.954779448302254696e-01
-5.085847531043867775e-01
8.955518596509517426e-01
9.701575128231954004e-01
3.070129982171811989e-01
-5.821255847904058811e-01
6.185150823969642886e-04
-9.030145401868332478e-01
-5.443193217144028928e-01
-5.344938272293577874e-01
-2.733681357132038414e-01
1.798626456588521272e-01
3.888231720465928909e-01
9.159589045004823404e-02
-6.493061035391638480e-01
-3.316825498433484398e-02
-2.601813965592059130e-01
4.653050789231403250e-01
-7.376554965746890957e-01
-5.879291701707993756e-01
7.798869658736928834e-02
5.280269163212349959e-01
6.300872964236070572e-02
9.863224566441841645e-03
5.712544475596286198e-01
6.162936487109533790e-01
4.195673189392805646e-01
3.806053140505269994e-01
3.276492914069462081e-02
-3.252117864407382264e-01
-1.191891454909832504e-02
-8.338057600522674750e-01
-3.529199709524915018e-01
3.285674551365644902e-01
9.727146589479143124e-01
7.527374634712880042e-01
-6.234422909315073813e-01
-3.934301904454751142e-01
5.674275826080237284e-01
-2.099264113337233617e-01
