
0 92.133573 24.915046 36.883223
1 92.133573 52.063722 36.294801
2 92.133573 71.707626 28.827332
3 92.572379 78.354615 25.825804
4 92.932142 87.700915 14.044649
5 93.127729 84.263713 20.156977
6 92.932142 83.138949 24.070644
7 92.932142 87.532392 18.063905
8 93.33194 87.352296 18.722766
9 93.33194 85.495842 19.598555
10 93.327729 84.764294 19.74087
11 93.327729 88.399253 15.942918
12 93.37505 90.074707 13.194132
13 93.37505 89.21047 15.672016
14 93.37505 89.253876 15.144171
15 93.37505 88.830893 15.639485
16 93.37505 85.751197 19.229712
17 93.37505 86.887694 20.45585
18 93.37505 88.396633 16.517508
19 93.37505 87.507721 19.808907
20 93.37505 88.490206 16.652148
21 93.37505 90.906343 11.774485
22 93.37505 91.56643 6.089625
23 93.37505 90.013307 14.115729
24 93.37505 89.004627 17.9771