
0 61.521244 35.348251 14.8118
1 61.992355 37.355522 15.484674
2 61.992355 41.113869 13.498767
3 61.992355 41.554977 15.392377
4 61.992355 44.175564 15.896883
5 62.10148 47.169688 17.299285
6 61.992355 46.182065 17.125957
7 62.163931 49.03845 16.190437
8 62.243931 52.3213 11.511582
9 62.521266 53.96818 10.395582
10 62.286417 51.128777 15.452256
11 62.437945 50.276027 13.576595
12 62.964787 53.454795 10.263144
13 62.738853 53.377006 9.142283
14 63.018509 54.411418 9.125575
15 62.738853 52.046588 12.329452
16 66.30803 54.391075 12.63558
17 62.292911 54.796231 9.659787
18 62.292911 56.166383 10.664293
19 62.468364 59.164305 9.139943