6.497162330393313479e-01
-4.517182848852254740e-01
9.436424942856111997e-01
-9.236131980629815885e-01
-6.703278724530794541e-01
-9.468781579354990097e-01
-3.894359214125953095e-02
8.819600656007218209e-01
-5.854465975158913427e-01
-9.885429689018450095e-01
-4.051152387753893525e-01
9.395694680142270272e-01
5.491652656423948731e-01
-6.969186422148574422e-01
1.516168219794662431e-01
-9.882472671349873394e-02
7.825369572133022977e-01
7.336924664500805715e-01
8.875009836476555058e-01
-1.922620368773577670e-01
3.182099441695058761e-01
-4.352983184762988511e-01
-7.100355402962523765e-01
8.405003279754557077e-01
6.259749429847163427e-01
-2.137234685191269357e-01
-5.620066290145602217e-01
-8.369244773024997475e-01
1.557929965323101573e-01
-1.272380480890911159e-02
-6.086494356917349080e-02
