-8.122280974612534621e-01
-1.954760681766942731e-02
-2.896836005542207104e-01
-6.232521033742859373e-01
-6.315732183200506444e-01
-9.095923175903157798e-01
5.556505249070382568e-01
-5.547163800626879748e-01
-9.338754515500347075e-02
3.057410485511116160e-01
-8.085352914064420915e-01
2.004435386180505319e-01
8.323666393155546572e-01
-5.438759368650123438e-01
8.633677818653804348e-01
-5.013168207437499468e-01
3.430140354207611431e-02
4.934630809691065156e-01
5.741099207328488330e-01
2.882706157076617703e-01
-2.406766986021657839e-01
-3.936369261800620745e-01
-5.700127246247106427e-01
-2.642783535240604831e-01
6.847701211983854286e-01
-5.964190767451316155e-02
1.757686017245174703e-02
4.429782324567408391e-01
8.502372770613710884e-01
1.338943278693758288e-01
-1.207364590299868645e-01
5.051516140236820274e-01
2.616140784388680807e-01
-4.736940926758741455e-01
8.879070043484331709e-01
-8.032384264606589053e-01
-2.539580050697436420e-01
-1.075200761177366182e-01
-1.402628345381047303e-01
-6.630633346480379053e-01
7.923209576552974198e-01
-3.160470285825049963e-01
8.430329901889743738e-01
-4.082898495010216511e-01
6.324887214262233659e-01
2.880018817635732198e-02
-5.511891966003505949e-01
5.017650393797910002e-01
9.054956128510196489e-01
-7.746949288032853875e-01
-3.162575381177969991e-01
-2.724064590045125467e-01
4.284278562642800381e-01
1.907385758139492626e-01
-1.108563613810753523e-01
-2.568215449673076911e-01
-7.468527657341488268e-01
-8.509019418271841495e-01
-2.045441180548857041e-02
9.812283632359963814e-01
8.013491160475345598e-01
-4.656595250547557185e-01
-2.538335479878184309e-01
3.770118037621628115e-01
3.339464522216177844e-01
-3.951845354278156197e-01
4.846659700697464324e-01
5.554964612385344669e-01
1.402774645902338246e-01
6.732386057378960675e-01
8.489784827120292476e-01
2.270517495349044790e-01
1.023228868703580652e-01
8.894241869394636790e-01
8.244046261187691904e-01
5.096494965288151935e-01
-5.244593284668261912e-01
7.130812115264604234e-01
-7.325390498703945319e-01
-7.258879934149058410e-01
5.505682630031283331e-01
1.431549227695654292e-01
8.691625944192427067e-01
1.521419435713113888e-01
5.530803330162632481e-01
8.737303964126752476e-03
-7.647735993763873363e-01
-9.022306889595737012e-01
9.786830063413163305e-01
1.020830278855375806e-01
2.027633997930760046e-01
-5.661466710750824305e-01
8.701606000968584720e-01
-2.941907320924115332e-01
-7.438375513485941948e-01
-9.819777252636032738e-01
-2.387711244009742551e-01
5.788598745317929950e-01
-9.275999134605359409e-01
3.486824334130060876e-01
-1.354332637417654528e-01
8.372284513975229991e-01
4.696381664416615642e-02
-3.612952744283666195e-01
8.871742339888872841e-01
4.857595055316887844e-01
7.611598080048675996e-01
3.051314423765547623e-01
-3.751954193894879719e-01
4.553918222821360384e-01
-2.632556542748822892e-01
9.159020875000680739e-01
4.222231412510981663e-01
-5.935749371152829745e-01
-3.353994949146326121e-01
-2.865909767318906010e-01
4.864495909458490530e-01
6.280252436597397736e-01
4.241371949902039695e-02
-6.758932795286125561e-01
9.428835569087610224e-01
-3.819357824416325098e-01
8.009013013084607113e-01
7.361911645393701686e-01
-4.866723797457137568e-01
-5.695440453678883852e-01
1.122800874796159309e-01
-7.105951633558809100e-01
-5.283844217656434861e-01
4.010165117210360286e-01
-7.780666595253176165e-01
8.043432860657719896e-01
-5.221342725651547667e-01
2.661404537909073387e-01
1.005238126191285719e-01
-2.053861385118143090e-01
6.514371873705020466e-01
5.565429212233112821e-01
-2.231368843905836563e-01
-1.749273249098903804e-02
-8.519523951842655762e-01
1.001079370406587898e-01
-9.449152927153232628e-01
2.505902556765260414e-02
-1.312771655244151514e-01
6.180904704652303572e-01
-8.613262770349126018e-01
-2.049667291071228803e-01
-8.848552905558602077e-01
-8.017531727820581544e-02
-9.886726834287060672e-01
-3.644516653551499452e-01
-8.004013281443356220e-02
1.645682231651086624e-01
-2.990683464942733849e-01
6.199510281526030564e-01
9.823458341434609942e-02
5.575664141974472354e-01
-1.291981982589152089e-02
9.116307155589471467e-01
9.766538469960430735e-01
-5.328162336115616071e-01
-5.562530526706144229e-01
1.055441630663793706e-01
-7.009188974435409669e-01
3.582481801292130008e-01
5.662938343192569501e-01
2.034740219680857276e-01
-7.278713616649938878e-01
-7.999016488063912522e-01
-7.137576439341208889e-01
5.497025310019374444e-01
-6.122547241027289644e-01
-3.353587136240061550e-01
3.386466460612771456e-01
-2.131587645707175849e-01
-7.878030193413345650e-01
1.030202926254870643e-01
2.502520909376058089e-01
7.756791913301630537e-02
-1.307055375088905791e-03
-5.721707167718099729e-01
9.459635100455201506e-01
8.343173359973636849e-01
8.390686650243939226e-01
2.638561019153771170e-01
-7.101314122948121366e-04
8.000737271153202101e-01
7.114728451052918512e-01
-1.257439877491135505e-01
3.550343249915761668e-01
7.950160389489704382e-01
-7.447571566767718920e-02
9.315549489235923630e-01
2.987025984902464959e-01
7.328291183747557280e-01
8.720019388294788509e-01
8.267719968374753758e-01
-6.935228499963232984e-01
-4.442419350045598847e-01
7.094286971961305532e-01
-2.088224236588034355e-01
4.615654790953274134e-01
9.761241198963106491e-01
-4.755291284451881317e-01
-9.301376640797220929e-03
-6.366332898108120197e-01
1.574858870723629956e-01
-5.843124472034915140e-01
7.465083656151905167e-02
-8.456412277483620343e-01
-4.636544287214883209e-01
1.720105522658370578e-01
6.942781912760571661e-01
3.156377262739069600e-01
5.108267667992154593e-01
-8.937425079432950170e-01
-1.876089312466082681e-01
-9.278862604947610837e-01
-3.448730102012527166e-01
-3.459903264995236594e-01
3.190743161607054734e-01
-4.197606669566622539e-01
3.486038172139733771e-01
-1.903553082453215417e-01
8.101463287060206575e-02
3.060495287353235394e-01
7.447128436728487344e-01
6.696255503576273860e-01
-1.326808718403538201e-02
7.044858316190591996e-01
4.995153932072273761e-01
5.898694489314411094e-01
-7.255613630836781347e-01
8.053569832737974554e-01
-6.437719750157200327e-01
-3.511599400608185206e-01
2.454327993246603334e-01
3.149005600374006342e-01
-2.100911629351045473e-01
-1.556296563866901295e-01
-8.823210858224106445e-02
7.002566054314818267e-01
-9.169681582621640459e-01
4.814307098727375056e-01
-8.853903118648533965e-01
6.931740387812055371e-01
4.280873706236865139e-01
-3.405379242174684240e-01
-5.591916086112627138e-01
-9.391301360337112047e-01
-7.328497429127780460e-01
5.399959826801687957e-01
8.324627221302243196e-01
2.028093115070370711e-01
1.353866011163729066e-01
2.488069878212633146e-01
2.554051769793228566e-01
8.513826106101340940e-01
-6.685996111918062201e-01
-9.066081070961851118e-02
3.615350819971150376e-01
3.237744873208341367e-01
-7.259010639243208551e-01
-9.202775102202520596e-01
