3.060583888637393724e-01
3.226256667791784771e-01
-5.103576773765348129e-01
1.993429951614766882e-01
3.823854392136840641e-01
-6.040602422243432912e-01
8.680509988307758551e-01
9.693757448629547468e-01
-3.155347531749108647e-01
-3.886465279127373496e-01
-4.608896963059010421e-01
2.792394853780102437e-01
-8.319973081513769575e-01
3.540352305476863748e-01
-3.625015904524566679e-01
5.618164682266535426e-01
2.535295594303679234e-01
-8.973891599855376988e-02
-2.683142983000821324e-01
-2.211120785602815886e-03
-3.171342651409752023e-01
8.448983243890768602e-01
3.689085273852452662e-01
1.178037215298466389e-01
9.318190125077498998e-01
4.675677146074908030e-01
-3.122069678055210407e-01
1.793879294126463630e-01
-6.552235606402179169e-01
-6.429109165445237029e-01
4.078612166386508253e-01
-3.802523648868130213e-01
9.031956091846444767e-01
-9.520594273608276037e-01
-3.436055131264659224e-03
2.486949105194136145e-01
6.584684547925578890e-02
7.533078355985867169e-01
-9.623929216718192237e-01
5.286437321635855113e-01
-6.706792223236011097e-01
-2.146495046481882163e-01
-7.842388055525999491e-01
-2.046705426421324692e-01
-3.830792210280151711e-01
1.511028457755796417e-01
-6.574424098666193927e-01
-6.190387723178663038e-01
-5.383444955000538101e-01
-4.472645148229106304e-01
-6.775639935809589787e-01
2.499977210423904861e-01
4.467230916138982266e-01
5.152891250340225771e-01
3.096168965089332037e-01
-4.988788905013721298e-01
-2.032972529637147030e-01
-9.246961019606321219e-01
-3.212470117029071481e-01
6.963622223176422210e-01
4.162573248505392343e-01
-1.063900251756122461e-01
3.078477772129022405e-01
8.172843260265010290e-01
2.401817613604910751e-01
2.422294830846127844e-01
-6.427775637971073763e-01
-1.181814147605526610e-01
4.071229681006132139e-01
3.860355348789641372e-01
-8.416488843841503087e-01
3.448221221913747581e-01
4.986146723462709929e-01
8.837287960753443805e-01
5.435703561036111520e-01
5.934504659363817325e-01
7.670763600915520009e-02
7.054425187767088268e-02
-6.572170583800081012e-01
8.942259317689893461e-01
-4.138490652191451069e-01
3.092672098500051092e-01
-7.386058147912133443e-02
-1.157807656249989492e-01
5.551470657667176845e-01
9.940858189312384852e-02
2.978266255924340022e-01
-4.633381510152481120e-01
7.276378323290930705e-01
-7.947228747782064673e-02
3.876765400909132353e-02
-1.093906862261340152e-01
-5.047733690842064469e-01
3.319549774251910890e-01
5.825224843930012497e-01
-3.250230110109115778e-01
1.887739119992424275e-01
-4.702014480572356270e-01
1.802521713576463736e-01
4.143774185167767854e-01
9.320775143237278737e-01
-4.910158689533608012e-01
-6.391230109230150447e-02
-6.165038300190284204e-01
6.501831707373673108e-01
7.136324369504793985e-01
-7.301132025363621381e-01
2.812899725907478388e-01
1.428087316859867340e-01
-6.307878682189735908e-01
6.200239697949163631e-01
9.574668544847053653e-01
1.620044851090862714e-01
3.293931433263537212e-01
-7.855805753375233458e-01
-4.665944376937325444e-02
7.048166131591089290e-01
1.898392468545380130e-01
-1.960358542872220333e-01
-1.132414535460117833e-01
8.309814637729784348e-01
-8.502375153300416599e-01
6.900022345922356415e-01
7.300914865627461392e-01
-5.318871184866134083e-01
4.618200868370907486e-01
9.228312735383203957e-02
2.103885192421415251e-01
-5.684365006236200557e-01
7.245553711265466656e-01
6.398785276598095706e-03
2.407741458721579519e-03
5.874156209722123378e-01
-8.554977156382310710e-01
9.311468230410575586e-01
-6.542792730345916574e-01
7.697861240589509713e-01
-7.465325769592867644e-02
-4.600579862255043118e-01
-4.714318699119124378e-01
6.900316515056528210e-01
-6.802295734017800299e-01
-9.520166774515659291e-02
7.406504074696946827e-01
2.295680530175114864e-01
8.018333770751100431e-01
6.584063010484639822e-01
-8.106676160579775470e-01
6.488649795135756904e-01
-4.273427321241110022e-01
-9.839126105770545916e-01
-9.271855251717371349e-01
-5.527561816005561734e-01
-5.732767747336897646e-01
-4.700568610928481661e-01
4.776206483114309176e-01
4.548472130962810667e-01
-9.644785503801909243e-01
8.151405391130757128e-01
-1.863295337770281002e-01
1.906620608025009211e-01
-3.396661258344326750e-01
-8.728385997092573678e-01
8.971685796525934453e-01
6.809746451634557385e-01
-1.494520627029920501e-01
4.515054122759132316e-01
-6.950117553524870484e-01
9.619753142453142392e-01
-5.052918259289551628e-03
-9.210753660256332243e-01
-5.453651787388791305e-02
5.497947485790168898e-01
-9.740194799803405523e-01
3.820704148235893882e-01
-7.468531581908366412e-01
6.057192533368849219e-01
1.669252180340623504e-01
9.994936863292627205e-01
3.616174433754999473e-01
6.376575305861367227e-01
-5.136183578237973890e-01
2.261864041508345746e-01
-3.962321857271720038e-01
-7.296863445498111833e-01
2.296164243239793290e-01
-5.596695341419679615e-01
3.261231764722056781e-01
1.019676059557470538e-01
-5.896783720431018061e-01
2.687966324155517395e-01
-4.950779164109353481e-02
6.257650895054065465e-01
-7.633365960184050891e-01
6.977995025517840233e-01
2.374209375693008273e-01
-7.560613056077849503e-01
8.635370584964821017e-01
6.155157195181435448e-01
9.478083157729224606e-01
-5.290163947665094124e-01
8.677145249439581765e-01
4.293117646718025426e-02
-3.788362721109836961e-01
-3.946239930613770763e-01
-3.604470069084924067e-01
-8.547289366056001203e-01
-4.922734901441194744e-01
9.294738811581526594e-01
1.673850321680148134e-02
7.711373476389029591e-01
-5.316119580777425302e-01
9.106620873053046239e-01
-1.901157614946165086e-01
7.589951073661340697e-01
-2.909081971808951117e-01
-8.285112562803989000e-01
8.882934836682216950e-01
-1.472507395548465770e-01
-8.784996271799543344e-01
5.774799868041691209e-01
8.869476160065472570e-01
8.619841075658674079e-01
1.884745801318343794e-01
9.667154890152884761e-02
-9.965186227988058754e-01
3.968992042201795467e-01
-9.504704089370492603e-01
5.215857946860860128e-01
5.829495421960690926e-01
-1.142690150081773215e-01
5.914068170137156688e-01
6.153647531090737921e-01
5.394533333567184119e-01
-8.645739571942867574e-01
-2.176753905926709365e-01
4.401885458390508710e-01
8.957785307098027339e-01
7.320383268803938304e-01
7.198874486009385620e-01
-3.361363208417140758e-01
-4.261062515668911921e-02
-8.171475091810049829e-01
5.797776328543349234e-01
7.888797645534388892e-01
-3.034380891848180717e-01
6.221093294377708638e-01
-4.286694774681332198e-02
3.477794438020271883e-01
-8.105405066400739322e-01
-2.140510008097480377e-01
7.206817148658744010e-01
-5.113009908065999642e-01
6.718234319061742177e-01
2.429286640041281586e-01
4.969675558445316721e-01
-8.617899125782251257e-01
6.608511694608616427e-01
3.765882815719996390e-01
-9.428709067862897086e-01
6.764126436817186061e-02
-1.644340957751497800e-01
2.317900931818377419e-01
6.622854363847356929e-01
6.155945563043472291e-01
