
0 65.658921 21.056986 23.807002
1 76.017426 32.200214 23.284927
2 76.017426 46.625912 17.231473
3 76.017426 53.424364 16.337499
4 80.235668 55.378365 12.631094
5 89.090845 59.735469 17.328248
6 89.090845 60.424374 17.902466
7 89.090845 58.383171 24.394576
8 89.090845 62.831731 24.237496
9 89.090845 66.552202 28.010724
10 89.090845 74.473932 18.678464
11 89.090845 75.271639 16.954667
12 89.38622 75.089564 26.13527
13 89.467883 80.033512 17.085259
14 89.467883 76.820348 21.540728
15 89.467883 77.868003 20.867996
16 89.467883 81.58719 10.879085
17 89.467883 81.176641 15.711461
18 89.467883 80.74862 18.328819
19 89.467883 80.591206 11.102997