
0 66.95828 18.217102 19.391547
1 66.95828 30.499428 17.176239
2 66.95828 37.738039 17.6985
3 66.95828 44.440553 19.052517
4 66.95828 47.824828 19.7865
5 66.95828 54.384801 14.444061
6 66.990898 58.733918 12.190962
7 66.990898 57.091011 16.325849
8 66.990898 55.838192 17.425086
9 66.990898 58.652115 14.61831
10 67.026147 55.230884 17.79182
11 67.203524 58.888608 13.49402
12 67.319824 53.396467 17.831363
13 67.319824 56.88526 15.247635
14 67.319824 60.949164 9.603214
0 68.020466 23.061596 25.301527
1 70.9326 37.955339 23.094752
2 70.9326 46.958345 20.951383
3 84.661922 52.551985 21.327363
4 91.293902 50.691057 25.359748
5 90.743592 57.834887 21.576318
6 90.743592 61.476536 23.130772
7 90.91069 64.63134 22.578462
8 90.91069 70.401045 18.164464
9 91.293902 75.018366 18.098769