7.524201673599262286e-01
-2.021873241877969463e-02
1.640778747616917776e-01
-3.289387103466532292e-01
2.021824367322486715e-01
-9.722015617995856118e-01
6.322165106537098733e-01
8.809793694562828570e-02
6.067208133515955559e-01
-5.603253547914639476e-01
9.436926582697886534e-01
2.971734999804822586e-01
1.371273241428894174e-01
4.118779901134184129e-02
7.839167425402360223e-01
-2.768403148488154386e-01
-6.621709368301160747e-01
8.808321543218504690e-01
2.623433961611139065e-01
-1.694422375057058616e-02
-7.518007662129666535e-01
9.444888932252748504e-01
7.764720041832935404e-01
-5.479709746423357952e-01
5.786491317723507777e-01
-4.664464004873321024e-01
3.815674552225494232e-01
7.572707772568165741e-01
-7.576040639055361403e-01
-8.550121471673066686e-02
-6.485127007898499052e-01
3.433703798730975976e-01
-6.695222483279763548e-01
-4.194249536233016773e-01
4.075612750445396504e-01
2.670198381248913844e-01
-4.635544530884645464e-01
-3.634319223051256653e-01
-6.173443857124083500e-02
-2.400713956035904761e-01
-2.525877136348178009e-01
2.298343870520753729e-01
-2.150615389963532742e-01
-1.388804483897603248e-01
-4.945969917575987473e-02
-4.930757262377911676e-01
9.656863330201412854e-01
8.185132035168645181e-01
-9.275534297347809431e-01
6.898685935000774538e-01
-1.304994380700392753e-01
5.887633937133009976e-01
9.983075943440817834e-01
-6.664645067846739490e-01
-1.282738892936723385e-01
-4.972974728310459724e-01
-9.467048690730828220e-01
4.097141054966264573e-01
5.640174449021746472e-01
1.152990817156607228e-01
-9.958993166833474131e-01
-7.189886980256132709e-01
3.272126514042665857e-01
6.424436945634146578e-01
-1.246627700094744551e-01
-2.206393284709129432e-01
8.380552922525028592e-01
-9.556323172588507830e-01
6.418412178790371403e-01
1.191823585825235732e-01
9.043415964490109094e-01
-5.643821330722045282e-01
3.479804261881824790e-01
4.892583374110177630e-01
5.318009315465037634e-01
9.901358960627992811e-01
-7.139399455349819679e-01
4.281932824775251945e-01
-2.041932833676287640e-01
-9.142717101384352230e-01
-8.298648258198670913e-01
-7.256422936711923732e-01
9.819227258050442497e-01
2.029521846566730847e-01
-1.139987412320930815e-02
9.783686115402920880e-01
6.920589640022543065e-01
-8.921196908417741156e-01
-8.710390063952764272e-01
9.463192511586226985e-03
5.925833610946875663e-01
7.093413820942464643e-01
8.099427027697703174e-01
-8.512619872924815922e-01
3.406571814824701505e-01
-2.111846036731592768e-01
-1.506999841554765851e-01
-8.156554828742048624e-01
7.987644913152567305e-01
-9.143697892710294095e-01
3.049875338152581161e-01
-9.928699801775142664e-01
-7.905429617136234821e-01
-4.779405511650680616e-02
-8.588779252095835037e-01
-4.332362678275660794e-01
-9.751970767173363530e-01
5.924841914893277384e-01
-1.259520586018991750e-02
-1.790209581757182811e-01
3.883990983241119022e-01
1.448854446858636180e-01
-7.008440640197948213e-01
-1.097223863791694232e-01
6.842046490390762958e-01
-6.284469068237865663e-01
5.377716605485671764e-01
2.167601471791087420e-01
-4.002453476494678419e-01
8.481014322004027939e-01
5.346715106441510823e-01
-9.486748342185193916e-01
-4.565831060219920357e-01
9.066479946663175138e-01
-8.864692095651518500e-01
-9.642908811388546386e-01
-4.636988912190973533e-01
-6.159903120220870942e-01
8.483056867967895265e-01
-4.656427190057610410e-02
-1.530613091747923260e-01
7.827473287947002145e-01
-7.004374876090977420e-01
-6.001255489335977078e-01
-6.272750359679519772e-01
5.983739940324113160e-01
-9.367724001755604046e-01
4.543649121731530016e-01
-2.923217556086954438e-01
-4.149499970207748412e-02
-5.439002034707276501e-01
-7.302621384162226725e-01
-6.078792322022348316e-01
-7.206776252824420581e-02
4.972966856152369886e-01
8.353451467073180758e-02
9.949688451361808905e-01
1.967217621339061306e-01
3.209142831478204450e-01
-2.772790015778796580e-01
6.964233253812257551e-01
5.290463056467809011e-02
-9.075258341631728953e-01
1.806776706615988992e-01
7.031328880193379316e-01
-2.248268540008693250e-01
1.479415210123002922e-02
-4.267826716072498083e-01
-1.871078635002598745e-01
6.571936546922143574e-01
-6.866437455751288610e-01
-7.278257386062290113e-01
2.149215436484579467e-01
8.977546044569391093e-01
-4.994575379568089168e-02
1.420232008010458014e-01
-2.127237281037741568e-02
-5.305134108798390535e-01
-4.269174921309231152e-01
9.346108781262303378e-01
7.982204968901744913e-01
3.330219885679830405e-02
-3.545262496705376964e-01
5.559771338486843018e-01
4.582135837807514989e-01
-4.114192635840185908e-02
-6.775056570547326462e-01
-4.876216704253311107e-01
-1.425356049067660891e-02
4.929133072546301175e-01
-6.841647800853678518e-01
-3.904194616335436852e-01
-6.887632960667666726e-01
-6.767101005587903284e-01
-6.493647525372450158e-01
-6.995790629980453978e-01
6.040352408930595995e-01
-3.655567599046314342e-01
-5.010106548063348875e-01
5.461308563325650844e-01
-8.299118159809362183e-01
6.318190450774432421e-01
-1.480916541039687395e-01
-7.021147967109764298e-01
8.221120731519258040e-01
1.255752280342599114e-01
-8.880309459384154724e-01
-9.820818852720631931e-01
7.802841785220073767e-01
9.556678867629919694e-02
7.036594989639397557e-01
-8.624484717594094185e-01
-7.126363591574669254e-01
2.324767845306414671e-01
-1.847844027876310857e-01
2.086503222848274941e-01
4.176291920051218298e-01
-1.036789292615725167e-01
-2.132779277120209205e-01
-1.243793390501553020e-01
-4.909101797698094405e-01
4.734509324409947872e-01
-9.987257172177148590e-01
-1.348051174151105869e-01
7.402289952991401023e-01
-4.865676733710064816e-01
-9.634680137361770758e-01
-1.162304953301993571e-01
-6.285019288979929453e-01
4.005472655133579529e-01
-7.436687649214439588e-01
-5.807762583136970580e-01
7.784583798933986110e-01
4.983399176636542638e-01
7.216950631643432867e-01
-4.039927117727881711e-01
5.239861509639653914e-01
6.046840052094610840e-01
-2.506913963094097308e-01
-6.584300514829803941e-01
-1.238157450698140760e-01
7.636483202213102395e-01
1.369963345081519623e-01
1.489400021666176244e-02
4.520382363895041333e-01
9.681693624168066226e-01
-1.358950692602238774e-01
-9.332571576613246656e-01
5.366177762957147213e-01
7.687132121142283836e-01
3.206457569044787181e-01
1.036076354692501145e-01
-5.452396812999804609e-03
3.513194633283616142e-01
3.857293690942538156e-01
-9.665552332062992136e-01
-1.042807791441979770e-01
7.309340936361536922e-01
1.936859830802641902e-01
9.433614005936026281e-01
1.810386432858737127e-01
-6.713125175954077761e-01
5.715350643894205884e-01
8.683213645038088124e-01
-8.020552083189853576e-01
1.247167910065178908e-01
3.654009272974907407e-01
-6.004039532457581263e-01
-6.468745087726686105e-01
-2.739017652572530714e-01
2.883461205657815718e-01
2.893776475094111955e-01
-8.445084351427534219e-01
9.319259315140711042e-01
-5.781304178297130836e-01
