5.024401346639388866e-01
9.579163637392118513e-01
4.067254444035197647e-01
-4.687441731992167959e-01
-4.947615606355675322e-01
-2.700765435061804887e-01
-7.215983922330113653e-01
3.326406169135702751e-01
4.135012014384211732e-01
-7.081519981489743376e-01
7.140248745533337438e-01
-1.603329959144450534e-02
-8.253870862861143465e-01
4.757668287846434918e-01
-1.998310975088140040e-01
-9.957800998146666416e-01
4.651224772280637687e-02
-3.610324704779073191e-01
1.624682611688235134e-01
4.850143625599803165e-01
-4.051759871662348189e-01
-6.584046830218550639e-01
7.669237858262289986e-01
9.366744164627869296e-01
-7.219497165215100765e-01
-3.209039040570327295e-01
-4.087544300795109553e-01
-8.437422551922340030e-01
3.508158741154576710e-02
-1.418168382932920579e-01
-3.781899537964623637e-01
-2.461479862062554425e-01
6.702701397719563747e-01
1.959285782053954428e-01
7.693086927101231431e-01
-9.072220104078536629e-01
3.264584939420749343e-01
-9.700596401089149889e-01
3.039692707375316605e-01
-8.243988687991476993e-02
4.552894270277676458e-01
-4.261860933040673149e-01
-7.314786656837135581e-02
-5.918534733266618275e-01
5.183030874113720987e-01
4.248133048777040788e-01
6.018497617270657241e-01
6.798383445764621946e-02
1.515036654915922210e-01
-4.120378303259275565e-01
4.692574242181426492e-01
-7.961530609885383303e-01
-3.174228492874555663e-01
-7.240918649724723544e-01
-7.906989275449480825e-01
-1.781602007452542935e-01
-4.871912052652287439e-01
-9.950502364556554902e-01
1.715654140436910779e-01
5.241918464937311839e-02
3.810015886751181302e-01
-1.699319128680898405e-01
-4.891150765621035124e-01
6.878379028764720626e-01
1.031461837813196780e-01
4.654704717797748525e-01
2.324461661762922127e-02
-4.232940899434811666e-01
-9.183092458191803864e-01
7.537082380813360238e-01
2.968555372022936290e-01
9.426227911495417278e-01
-4.476599440603770130e-01
5.131564059788651377e-02
-2.612024476223839820e-02
-1.555737482089198931e-01
7.751814170742510335e-02
-4.466510261927674197e-01
-9.757951064887948611e-02
-1.681906908615609098e-01
-5.971701755012031043e-01
-1.246532392414874124e-01
1.350402120439204712e-01
6.527335869751094144e-01
-1.468001955947022541e-01
-6.302512960685839882e-01
-9.691828280044278987e-01
-3.771570457761526107e-01
1.989135363309619819e-01
2.219827162910148477e-01
-3.131687805449072659e-01
-8.903920430487777260e-02
4.506610139022044770e-01
-6.475966381484332679e-02
3.062992486091291600e-01
8.133238813301881809e-01
-9.351531187059438643e-01
-4.030658475100585836e-01
3.284528527361452177e-02
-2.242865208231248353e-01
-7.824679807977434898e-01
6.475184596760419353e-02
-4.294844674601245860e-01
2.269741022503748429e-01
8.013212253770574112e-01
-9.552254600474681112e-01
-7.185101208324844446e-01
-4.408646006709326937e-01
-1.056787127385903080e-01
-8.856245195343157572e-01
6.260761259139258073e-01
4.423877657998991353e-01
-8.798812962813797878e-01
9.008520297997724136e-01
6.503134468361235765e-01
-8.627716976042829611e-01
-3.838062113546572007e-01
5.655253868215532886e-01
1.973897090693828016e-01
8.791401267619189941e-01
-9.633890452480575739e-02
-1.415936410455609362e-02
-2.211785630480120890e-01
-9.759192207378608597e-01
-9.320020225801648461e-01
-7.741154093916913226e-01
2.468512461855345563e-01
4.818783992929369653e-01
-2.780298092737145677e-01
-7.945964668352423210e-02
-7.714722548053112305e-01
3.556047652693063998e-01
-5.483178515137043796e-02
5.835176429933337516e-01
-1.772438892717480563e-01
5.710429219332280315e-01
5.279197186939770248e-01
-5.340866614966737203e-01
3.946323503492898954e-01
-8.031968667694666664e-01
-4.636126390829420352e-01
7.379016703410206102e-01
-2.794700507578509185e-01
2.708253775686750853e-01
-5.545330092558486967e-02
-9.506942507390370167e-03
-1.386696738481021374e-01
-6.718373515362547899e-01
-4.489809347281108476e-01
8.368332639719364696e-01
5.061703474771055422e-01
2.043832800125595650e-01
8.183659968261509654e-01
-8.855944150329211340e-01
-4.120505754810250831e-01
5.168626146092947238e-01
4.635133507084134852e-01
-7.338088481830078447e-01
-7.412359717904553058e-01
-6.618485283936645924e-01
-3.217223057833138444e-01
5.344286835670895019e-01
-8.301951538808614028e-01
6.123923737327523487e-01
-8.302418717372497259e-01
-3.321823358940392268e-01
-7.540805073267142777e-01
-7.574164737233095579e-01
-5.468318954112578734e-01
4.498848874329099967e-01
-3.790670161036233665e-01
-7.678158897929598936e-01
5.285298241511735551e-01
4.192978378979252962e-01
-4.999524513599882258e-01
6.041149962971794629e-01
-3.968707187107576306e-01
1.601355056802005183e-01
1.277538678739162936e-01
-2.273085608833238513e-01
6.705816669119375462e-01
1.645884579594185659e-01
1.753605246736482659e-01
4.471173160947403691e-01
-8.206167689709236157e-01
-4.978814058262666098e-01
-3.415021645376095094e-01
-3.119028388201139368e-01
4.099429913085095301e-01
-1.061447740870746781e-01
-3.091688266632133253e-01
3.937727594977233903e-01
-2.581171945749543006e-01
2.598424819975100331e-01
8.533100182998014649e-01
-3.128725918438182152e-01
7.583450863903282713e-01
-9.684769034397731069e-01
2.997842288029402003e-01
-1.653374144097421450e-01
9.433945738537736769e-01
-3.372496041304029468e-02
-8.986418958770618914e-01
3.570449429685840226e-01
6.434275604003310001e-01
-7.159041204121823210e-01
-1.686172094386471088e-01
-4.584611689079460817e-01
-2.819756975773410890e-01
-3.473645590347209655e-01
-3.526373224740371182e-01
2.152445009477510496e-02
7.945379282800890675e-01
3.187994217564211752e-01
2.058713314737419253e-01
1.745808747022430385e-01
-4.875040068713367702e-01
6.514685705317990738e-01
-8.021261256672487239e-01
-4.087685220929653251e-01
-3.607646716773407203e-01
5.966706947093887159e-01
-9.556165225999069257e-02
8.948317266971292927e-01
9.096512859316319144e-01
5.293416487435576023e-02
7.822427058535974531e-02
9.233568019551905426e-01
2.904611113028376934e-02
-7.236478944674920033e-01
-2.367707042634576986e-01
3.378675308987983961e-01
4.671117320194553280e-01
7.519282066254819874e-01
-3.572095418876022332e-01
-4.760941313027935440e-01
-1.568566871780987526e-01
8.876040499078214907e-01
-5.144690155852915669e-01
6.949358775036467151e-01
-7.737591002880117586e-01
1.723781552116172566e-01
-9.069380017305661568e-01
-7.524945262303086579e-01
-1.019519232670766939e-01
-2.732430753688546154e-01
-8.928181863738502422e-01
-9.250119521644439846e-01
8.440536468976318485e-01
2.884524235154060090e-01
-8.154846973027851664e-01
3.959043948367564347e-01
2.785582990173844919e-01
8.553908893952133496e-01
-5.838320521029529697e-01
-2.870357110992149963e-02
-9.623788658616541092e-01
7.890728689955532893e-01
6.358125995352092996e-01
-2.031763861991109366e-02
-2.963107776223836698e-01
-2.717141389200157242e-01
8.466576418290074901e-01
5.205272937512628317e-01
7.940907007924009609e-01
