
0 65.269092 15.877094 19.825802
1 65.269092 30.479091 19.5294
2 69.772465 39.039704 19.431891
3 69.772465 49.213276 15.265293
4 69.772465 54.648539 14.527711
5 75.656685 55.448495 19.125291
6 77.779807 56.624632 15.951758
7 77.779807 56.779405 19.672237
8 77.779807 61.11664 15.354812
9 78.370404 61.471689 18.207911
10 81.787075 65.303251 14.421843
11 81.787075 63.349865 20.209072
12 81.787075 68.699707 15.932018
13 81.787075 73.341196 6.473268
14 81.787075 71.321554 9.884944
15 82.187388 72.927031 7.533661
16 82.187388 69.283462 18.006104
17 82.187388 73.839014 8.31061
18 85.067451 74.046686 7.214816
19 82.224823 72.839539 11.218262