-5.501688595657063807e-01
4.475434693207946957e-01
-3.025470703528940764e-01
6.918467726919654837e-01
8.932808342507656540e-01
9.539619500996092682e-01
3.071446467931715496e-02
-8.337375768903076967e-01
3.065626912036198970e-01
7.722270895798355461e-02
4.873254419839587737e-01
5.293441760018746667e-01
-2.922598136543492764e-01
-9.953692017473370068e-01
7.709820745094209116e-01
-1.685850496784806474e-01
-2.298014593196240352e-01
-1.058160949958624197e-01
9.383519434462050945e-01
-6.041473261505594383e-01
8.567307701103086259e-01
-5.958077904212026876e-01
-3.814834284611763326e-01
7.729254287618663177e-01
2.618576308892577309e-01
-7.761676942404569512e-01
-6.582217205170595165e-01
8.661160813092649846e-01
-9.345467118021599795e-01
4.116882530502252724e-01
-3.775338179100860003e-01
2.844474702798243104e-01
9.563934975812025119e-01
-5.964215785343580656e-01
5.147775810383778960e-01
-4.830338113624490504e-01
-9.537002752294969632e-01
-9.617150391628768169e-01
-1.824567675069310724e-01
-4.745434039093554546e-01
-6.747500377445549979e-01
7.075319979122087766e-01
2.836181480408588307e-01
4.152516940949102509e-01
-4.326795642886323012e-01
-1.719234166143719378e-01
-8.254170261062909741e-01
8.223153195223684708e-01
6.038178821178830091e-01
-1.596078216972183217e-01
-9.815412275517698681e-02
-5.271577526791038082e-01
-7.646522410691176663e-01
-7.215149809328069708e-01
3.584613797290825410e-02
-7.539965183302701490e-01
5.348397815631336094e-01
-7.071892836405797578e-01
6.854372619333073402e-01
-5.333235210334674736e-01
2.351288562950917260e-01
-8.323153684872821589e-01
8.746109170751528161e-01
4.048302993411307948e-01
7.654970579620565818e-01
7.457339768035802230e-01
-1.859823822315334052e-01
-3.861148251942916332e-01
-8.306019453141333386e-01
5.728788077462898531e-01
-4.693442917614252252e-01
-2.130696874937794139e-01
9.225807338859079998e-01
9.915311705384914909e-01
2.022199535940505388e-01
4.460359065040924165e-01
5.877931476372870723e-01
6.629669102842270512e-01
-4.286397818853320274e-01
-5.569408523254368859e-01
-5.333136365067026041e-01
-8.205862190622341679e-01
-3.166851739751246342e-01
-9.160858893391348179e-01
-8.312101571614449735e-01
-8.089933296197471257e-01
2.119545798830679839e-01
3.978342208091911747e-01
-9.796670047692950245e-01
2.890760818469950699e-01
-7.311818896947874791e-03
3.598853287328607209e-01
-7.491409513091000782e-01
9.798860378843050611e-01
7.865470174091691025e-01
5.834086236334432574e-01
-8.507368197491043116e-01
5.842035735027795162e-01
-7.076513534471904343e-01
5.027702381210243932e-01
9.578588666764598081e-02
-6.700306707888170621e-02
7.389839202681136587e-01
-8.604575896887096675e-01
5.222098597060449432e-01
3.592056496204520943e-01
9.400132956071383106e-02
6.249357501738557197e-01
-8.218321001566708528e-01
-6.437106404869197274e-01
4.703484433882498816e-01
-6.081220133536997530e-01
1.757458392424000593e-01
5.192805095749379873e-01
3.392955907027579432e-01
-2.364184116059182550e-01
-8.359823876009668808e-01
-4.695872723239769009e-02
3.455432240339464389e-01
5.069615538663185816e-01
6.985715559872085478e-02
-3.032279677887508296e-01
-7.314962262269542048e-01
-3.736840365142402032e-01
-4.119559553438303379e-01
2.156905006957690052e-01
-3.290488075777413535e-01
9.630635007603460807e-02
8.483335332350128155e-03
1.500349900151005667e-01
5.179915378022159622e-01
-3.247042374435864520e-01
2.387739215339035326e-01
2.149936454603649238e-01
8.574099722266432799e-01
-4.406690548391711815e-02
1.541308794438942531e-01
6.938150729828247432e-01
2.587370611322017400e-01
9.697770175713826823e-02
9.777880838809895891e-01
5.491282590891799487e-02
-8.770960754700602990e-01
-7.480134858901845707e-01
8.036768273794865358e-01
-8.053403544720536544e-01
7.931573673469702879e-01
5.866076915549789383e-01
-4.819094060628574816e-01
3.667620397741169214e-01
7.515483214175120441e-01
4.540795712790222094e-01
-3.572803489069815708e-01
-1.191931038267362020e-01
-7.231703022046938045e-01
-7.752694205597541188e-01
-1.217802487608987683e-01
-5.777435678659270657e-01
-7.231105580003776012e-01
-2.853114154387752510e-01
4.939920624827782714e-01
-8.112575283862575315e-01
4.452733360452514333e-01
6.677105355588288660e-01
4.329243952906662862e-01
8.746746337372319768e-01
6.367768070552861648e-01
7.306558643642757644e-01
-4.325288310883368403e-02
-5.854562743153317594e-01
5.734593382708292886e-01
8.441830434830421837e-01
4.530102243013880425e-01
5.932651593311768501e-01
-1.394240707899991882e-01
-7.918261192262598946e-02
6.876313360452501744e-01
-6.888396691545908279e-01
-9.676734293275046639e-02
8.508333403393633088e-01
7.439984742113163740e-01
-4.531114697223417309e-01
8.034285115925421383e-01
8.320565381306870290e-01
9.618716090524921380e-01
6.852082449841034872e-01
7.050904729919214020e-01
-9.306204141424738729e-01
-2.571278239747720740e-01
7.652276694523110212e-01
9.790426248485870619e-01
8.604637065175320121e-01
-2.743793791995128295e-01
-7.617869792660778572e-01
1.056804001977691421e-01
-4.107740275439759614e-01
6.534051057134560025e-02
9.811085871515472512e-01
-8.726796493793780307e-01
8.581325895691542804e-01
9.084921692488734379e-02
7.893909145991486742e-01
3.742277412126400193e-01
-3.621259065778812403e-01
7.325455725711855770e-01
6.545301711407232048e-01
-7.179803389959837912e-01
3.631812586855112102e-01
2.570149115656148453e-01
-1.619788039084981701e-01
-2.878946936607182927e-01
6.915870685998943834e-01
1.968306677867941445e-01
-7.500746782131146873e-01
7.851220570781312080e-01
-6.107375502583025639e-01
-4.501289110764328250e-01
-5.476307489492171499e-01
-5.646617495028998235e-01
1.080896398633603983e-01
-4.812881115784350960e-01
2.633250070035704216e-01
3.358839012150769410e-01
-5.823869347143035835e-01
8.228782603929467587e-01
4.399028379845915104e-02
8.241504169854221296e-01
3.430312754022248889e-01
9.465451784053686701e-01
9.406442946121904569e-01
7.617975913769887697e-01
8.144910608470741220e-01
9.356916947397295736e-01
4.833088435334078614e-01
3.931569976599877947e-01
8.511947866515656713e-01
-2.798536351886462548e-01
2.214989783937812984e-01
9.239025462005547862e-01
1.475776894270484085e-01
-1.219007211738558638e-01
7.370246848809562934e-01
-5.932635721989623079e-01
7.665424403712051138e-01
-2.915520072816699670e-01
9.603453578796148360e-01
7.098205167133271321e-01
2.305515868007756985e-02
7.273656632629472707e-01
7.125881952178207968e-01
-6.418179066575200320e-01
4.744224774387351129e-01
8.715712999721993981e-01
-2.859941109884769350e-01
-5.418827741298781753e-02
1.774016098801043384e-01
5.327052470383730753e-01
-7.831812171138274881e-01
1.086178511038999872e-01
-9.475183498564043738e-01
-7.619193913827251308e-01
2.953839743465571654e-01
4.977188723296146478e-01
2.654450589764132395e-01
7.731823641135824321e-01
