
0 80.756349 14.315982 24.269369
1 80.756349 30.601902 25.606688
2 81.243435 46.706873 24.768892
3 81.243435 60.081866 18.594711
4 87.866124 65.861503 19.952456
5 87.866124 69.61503 17.941996
6 89.172464 71.941394 22.426011
7 90.104962 78.990788 18.514999
8 90.104962 80.957227 16.768968
9 90.104962 83.196358 10.552569
10 90.104962 83.904546 9.537997
11 90.104962 80.879446 16.594921
12 90.104962 78.661216 20.372965
13 90.104962 79.316029 19.480361
14 90.555685 80.931969 19.426043
15 90.524962 85.207243 10.12957
16 90.524962 83.703368 15.828677
17 90.524962 85.336997 11.851981
18 90.524962 84.927266 10.033587
19 90.468061 85.959169 12.436011