1.869245742291184342e+00
1.080243498661998203e+00
-2.891974819886353187e-01
6.306609709488221471e-02
-1.417675517463498625e-01
6.080956431827402309e-01
-1.449375593083991887e-01
-9.297006478521703254e-01
-3.651698641450068505e-01
5.290391638816733799e-01
4.183972882142661387e-01
-6.357071091927859463e-01
8.219262356862768737e-01
7.523579705610800028e-02
-4.676532252819394775e-01
7.790017305883601972e-01
-6.096292596137048436e-01
-5.439404000219210111e-01
3.987323839579558493e-01
-1.231118295383021088e+00
5.008233478004344708e-01
-2.506140838046145847e-01
4.283525938700043501e-01
-2.812499268969299027e-01
6.914566362176168823e-01
-3.066675792627594488e-01
-7.243946143030458584e-01
1.316004611340799269e+00
-2.127003250392669464e-01
1.645444919336038203e-01
-1.401959796454176066e-01
3.229975615825603774e-01
-2.356054683456032528e-01
-1.875203803316555229e-01
-3.606116961451891895e-02
-2.230415390714020896e-01
2.301792007206820423e-01
-5.756119681814484412e-01
2.405221955500396191e-01
-7.857850666713521726e-01
-2.536914879838353398e-01
4.405329189538084722e-01
7.686930082829873667e-02
4.966962236088714455e-01
-4.313829711041138326e-01
-5.818074605386486242e-01
-1.176531246949277687e+00
-7.417975636220920377e-01
-1.466785906955041519e-01
-1.263134947618882009e+00
-1.918662835859371030e-01
-4.701688909347215284e-01
-6.073959550111960315e-01
8.861384019718393512e-01
7.848786097880380286e-01
-7.155793879828439286e-01
1.424279816591504710e+00
6.059495704663193649e-01
-7.480008444136936330e-01
3.269765212150197442e-01
-4.640630254415467615e-01
-6.440671330827112406e-01
2.191080758332274725e-01
1.959696062895506241e-01
-1.553558546067446700e-01
2.719051867870898587e-01
-3.870144490511827073e-01
-1.303041079504713817e+00
-3.760053067060327714e-01
-6.766223420463592930e-01
-6.966910735158434731e-01
7.506747301678573514e-01
8.443758445420512793e-02
4.781653945291163277e-01
-2.603086536101296145e-01
2.790040815857058876e-01
-3.921271392475925710e-01
3.753077312817664629e-02
-2.591790052253676313e-01
-2.949436896633685912e-01
1.295841079945615038e+00
4.464275894218805441e-01
-5.581733727608676476e-01
4.361381442391991103e-01
-2.085341602727060817e+00
-2.312437740194286384e-01
-2.348768146701923909e-01
-4.958370110584047752e-01
-4.930356673240228194e-01
-2.548459414482154295e-01
4.567424055755395784e-01
-8.577977509853658145e-01
5.577538889474930039e-01
2.864493436073549670e-01
1.124051983370717572e-01
6.720876046456117914e-01
-2.799888514353207070e-01
-2.174153428028234858e-01
9.739452843467046872e-01
-1.032311756064064667e+00
3.692334244491676798e-02
-1.092954418700499142e+00
1.738336345313885589e+00
-5.133150574594931292e-01
2.949501170306321751e-01
-5.610590686513223790e-01
4.917483755771289156e-01
-6.751150161448347120e-01
6.216603074604035162e-02
-7.880006743948635428e-01
-1.138257013432676157e+00
4.005939048088494880e-01
-4.574697901424720214e-01
1.139070419800310763e+00
-6.035319937306492522e-01
1.792705320404477110e-01
7.002195554453264359e-01
-7.643289881150540088e-01
5.263831687539086701e-01
-1.112032788173387132e+00
1.362817086951772616e+00
-6.918498199335694210e-01
-1.141726759790731904e+00
6.984757248826620746e-01
4.704896023902416791e-01
-9.173063472521212347e-01
6.595465185437183742e-01
-7.938575669159806392e-01
-6.985547047603462012e-01
-7.407099938660652860e-01
-3.438006949754728869e-01
-4.050043251143669032e-01
-4.124899066887812715e-01
1.128895410097226382e+00
5.904754125689564148e-01
-3.379799048822262897e-01
1.181619126559614985e+00
6.109822305420509192e-01
2.229925134765540218e-01
2.258634131678454449e-01
-2.931346047898644169e-01
5.165071589884165926e-01
-3.788640701093048957e-02
3.834454166889495474e-01
8.178130813722951364e-01
-4.235979131687220844e-01
-1.454026606788204057e-01
1.170741474708433927e+00
-1.260127651115820480e-01
4.442841763271218047e-01
7.805150852503393022e-01
-1.520200748272488855e-01
3.218635983734889905e-01
-4.506131208980409530e-01
1.693327909529537267e-01
7.711262615280727317e-01
2.489490623193402197e-01
-3.713797292240482717e-01
-6.525847784239979799e-01
9.103896566702749382e-01
1.967192864300149613e-01
-2.134294309651862398e-01
4.587241163348516060e-01
-8.674689700668980485e-01
4.802933048570100505e-01
-5.419662299045038267e-01
6.152513951755775867e-01
-1.481374201074668440e+00
-1.987426185216294161e-02
-1.046535641819521079e+00
-1.081236422069898229e+00
-9.863470850834933634e-02
3.235427752724366890e-01
9.169994876279943807e-02
-4.099041073817050185e-01
3.754834253036388181e-01
-3.234664415091563217e-01
1.711338655286995802e-01
-3.771865677247576709e-01
-4.687248887466726743e-01
1.234595933868810474e-01
1.658313157515135805e-01
3.550032177813486900e-01
-2.265454844899985609e-01
-5.293161100288276133e-01
8.672914229973953670e-01
8.405115526264209658e-01
-2.182221285580765724e-01
1.932131148062695425e-01
-3.339321835870180666e-02
-3.865937899060524208e-01
-1.115883747776003299e+00
-7.560884409627075531e-01
2.575837916886078993e-01
1.096281636365035617e+00
1.669865510989712309e-01
4.561388122747922491e-03
2.945037813074768973e-02
8.689428587038321439e-01
1.670525077936778846e+00
-2.592114976140595939e-01
-5.501295323270628812e-02
6.490154798803040581e-01
-4.092441945419039717e-01
7.407013219860283382e-01
1.136634808624924220e-01
8.373286667940997852e-01
1.040149515606316744e-01
1.937477209076803875e-01
-1.507561119272423089e-01
-5.756250758611324292e-01
1.772280404837326406e-01
-9.655004816957862834e-02
1.708685856575964390e-02
-4.796238781178752131e-01
-4.510562590596937094e-01
-8.243266184153809073e-01
1.564429198955386291e-01
7.314796386150983487e-01
1.391904067220328445e+00
3.296933031451716456e-01
-6.738285422874619179e-01
2.191675042485036751e-01
-2.398496302376434408e-01
3.820163024438973931e-01
-5.219450103038234534e-01
1.185705437165702092e+00
6.183303757077502905e-01
9.688371756759907028e-01
1.000670941160361371e+00
3.145160754790096158e-01
-4.316315803051998801e-01
8.589117922594469157e-01
-9.023990106077706130e-01
2.804603150564490832e-01
2.485155797777500661e-02
3.106950990816270131e-01
6.346919593086440825e-01
1.193185039237624860e-02
-4.281987503183930510e-01
1.083125625332787417e-01
1.362024647363088425e-01
5.827272601497099913e-01
1.207669898656944074e+00
-1.532191327230316924e+00
-1.474115699085196129e-01
-8.171473068747937551e-01
4.486503506696358778e-01
8.438790403720145550e-01
-3.097784818867844181e-01
2.060625084015008796e-02
4.738826382193129239e-01
-1.921817379239165180e-01
4.281850673842533261e-01
9.432788002052396870e-01
-1.454829266123916387e+00
9.420846676509158080e-01
1.317466072510752984e+00
-6.386378380944170985e-01
5.911881511390880695e-01
9.323768875415824331e-01
3.537626712306005117e-01
-3.909785593083941468e-01
-4.979565618669115068e-01
3.355031522053967263e-01
