
0 62.248364 15.897231 20.378106
1 62.248364 33.755717 20.95821
2 70.442502 45.001809 20.613498
3 73.831695 55.322528 15.735612
4 73.831695 57.327016 14.384417
5 77.011296 54.585989 20.724516
6 77.11144 56.836936 18.26232
7 83.383433 58.859822 21.193986
8 77.11144 63.826531 15.930116
9 82.505606 69.293139 9.507288
10 82.505606 72.287894 6.288416
11 82.505606 73.050024 7.080196
12 82.505606 72.480558 10.222664
13 85.407987 74.970525 8.217791
14 85.407987 74.739127 13.736525
15 85.407987 77.847603 6.823618
16 85.407987 77.261965 9.179728
17 85.40896 78.892331 6.136162
18 85.407987 78.371354 7.177167
19 85.407987 78.99613 8.346527