-8.117442260591958281e-01
-7.245667922260061733e-01
-5.917558741556185886e-01
2.129136132553224314e-01
-9.323594394263823304e-02
2.881310741407161480e-02
5.549753735267097809e-01
-8.842868362686420181e-01
-2.347938519612837727e-01
-9.333518934828390901e-01
-3.333114350003671955e-01
6.515218639527420308e-02
9.133033378119144174e-01
-2.259968141107344675e-01
-2.616970987904654322e-02
-4.087284959761261494e-01
-6.132106620444854883e-01
-1.922083466835871057e-01
5.519858682543552497e-01
4.182853583326675562e-01
9.406077343657277545e-01
5.655869691703758750e-01
-7.239738971118403477e-02
5.329930991481430791e-01
-5.699174791135290796e-01
2.323706049135632057e-01
-3.852950694024570577e-01
-6.518320658177139126e-01
2.053277702501945523e-01
-2.281211814058212717e-01
7.291312377111864862e-01
6.413344524992175000e-01
9.955584687102949637e-01
-4.902004026000763570e-01
5.008550739417356734e-01
-5.636641041690833021e-01
-3.649210229049095755e-01
-9.168057691831561495e-01
2.777309063978232739e-01
-4.056690321142983890e-01
-1.353527483248451180e-01
-5.347144862590793579e-01
8.092042895056024143e-01
6.579294434078917231e-01
-4.110765913567182572e-01
8.554273346511753751e-02
3.667642786159328594e-01
8.551866455110890275e-01
6.074384820093918780e-01
-4.620270784456128599e-01
-8.065978112456557714e-01
8.524783173999581631e-01
-7.510360769668162906e-01
-8.254794257478348385e-01
3.713321287710460439e-01
9.289201310073773588e-01
-3.435866223428367672e-01
9.735184658708664340e-01
-6.309947102630402149e-01
3.619216003523466618e-01
6.507120593197068814e-01
2.309138692546710558e-01
4.049370907213318826e-01
-7.207667473023728899e-01
9.056191791013967762e-01
6.268359538892811500e-01
-7.742563394805344057e-01
-3.370488511043145952e-01
2.776214379013715039e-01
-6.496175583408392296e-01
4.923962008579190197e-01
8.665847163882218762e-01
8.897877373995597416e-01
1.409960488775556797e-01
-2.135469665495834946e-01
-9.580935850583260915e-02
2.632221344726226597e-01
-7.854582146353099592e-01
6.318207679244147723e-01
-8.512927504575236171e-01
4.995060061859579736e-01
2.555489674817565948e-01
-6.836765153730746114e-01
-1.105376098484063263e-01
2.009722504928492803e-01
-7.099666377366404824e-01
-2.607265606376223399e-01
-9.297052416296149868e-01
3.351478990243352829e-01
-3.096690911849258043e-01
4.703704745186607639e-01
-1.799574025450283443e-01
-3.854551430613306628e-02
6.778146343794819728e-01
-9.519190661797090058e-01
-4.357335336554599703e-01
4.962902374479867262e-01
-4.663246026553051760e-01
7.736488972592270308e-01
8.805751829682504361e-01
-8.929249256934852497e-01
-4.203918548947032097e-01
2.378378619522167892e-01
3.188173747874252228e-01
-2.063340696402176100e-01
-1.285481647618722523e-01
-9.714212790432172895e-01
-6.581073610520893347e-02
8.752886626849045726e-01
-1.850314809343762690e-01
2.505615452449920788e-01
-8.949103151837833892e-01
4.293158449463838622e-01
4.952231840334335722e-01
3.748016327190590857e-01
7.504407709129881088e-01
4.510391256480930089e-01
-9.759665339310208410e-01
6.256376920589823420e-01
-3.620000086076182733e-01
4.370774440277500617e-01
-2.409716596603326266e-01
-3.620037146373522585e-01
6.495091211343311244e-01
4.436712163877265525e-01
5.691693845359044879e-01
-8.594864571106608508e-01
6.628668018718268939e-01
7.662602922593748644e-01
-2.872923981961124085e-01
-7.271290477933396446e-01
8.923986329966226982e-02
-1.654163114868740792e-01
-9.464658165464592265e-01
1.217176277024787368e-01
6.607435863612369786e-01
2.264632200627823000e-01
-7.800802505793011932e-01
8.770237266793803332e-01
-1.379211800775081986e-01
9.080449659127640682e-01
5.966617331447250372e-01
5.247088371611652313e-01
-7.464235843190880626e-01
3.513116394068145354e-01
2.605768937895960313e-01
9.726451580890818072e-01
3.372811315221344586e-01
-2.940299944782105435e-01
-5.759899526801528502e-01
-3.831115759563497036e-01
4.725387522634494353e-01
3.596309549031901920e-01
7.954615683161243567e-01
-3.499748374949589458e-01
-9.758934915014483291e-01
-8.513431167451157577e-01
5.856273300281724659e-01
-7.670843266536511162e-01
-4.655359414267845608e-02
4.648585599627685916e-02
4.298808767023238886e-01
-8.707231876744006005e-01
-8.441581815308518699e-02
-6.142987910708486154e-02
4.452731095723241328e-01
-7.237901504037878020e-01
-7.721527936067182907e-01
-7.372343748305423272e-01
-3.524872705045329901e-01
-3.766180424804475013e-01
-7.221441302006244012e-01
-3.736157372106589936e-01
8.369687476321610031e-01
7.446273983520128592e-01
5.449431192742408836e-01
-4.008839429717860892e-01
9.706165680879759172e-01
-3.394234724377747092e-01
8.006577921691246935e-01
6.759412131938380419e-01
-3.762913006863659593e-01
9.393421399057428900e-01
-1.137082795024417781e-01
2.912728822609715884e-01
2.116564436795329573e-01
6.271532429595825242e-01
9.974654667042304190e-02
5.989402755594490646e-01
7.479096590011369283e-01
1.117931150409134933e-01
-3.451253883828930835e-01
2.586204626610411061e-01
-3.389121339175080738e-01
-9.111761118769494683e-01
7.688917583762466812e-01
8.064155335873997021e-01
-7.745319808102395509e-01
6.302975852360370723e-01
-2.578695030730560056e-02
9.966308619524115731e-01
-8.851762084981840140e-01
4.751937282883167413e-02
3.046041408397055505e-01
2.507971813543021788e-01
-3.292372487323949048e-01
8.089687052747660534e-01
-8.697846216001396957e-01
3.731321176377215831e-01
-5.407900480224321349e-01
5.825548285558843631e-01
-6.161008144215678328e-01
1.555767399545009422e-01
9.607364679867054225e-01
2.739666472261972352e-01
-9.653671936644778739e-01
-3.929977623778158069e-01
-4.992488522041844679e-01
7.853696962144178784e-01
-6.140647063833408748e-01
-4.785686339935677491e-01
-5.536465542725483857e-01
-5.030681350521404305e-02
6.571202370527506886e-02
7.804794494671734029e-01
-3.712316494693073121e-01
-6.574834759345482560e-01
4.996588126279868369e-01
7.659907577066908946e-01
6.655801259200386788e-01
-5.051220030009346829e-01
1.797015235055308136e-01
2.022536357540749563e-01
-4.660438594500670995e-01
3.492219586698912526e-01
4.750275105364054617e-01
-6.711374314829621213e-02
1.212810639487673647e-01
-5.349257314641713279e-01
8.745048914340645130e-01
7.303517843150650890e-01
-4.833667083980786039e-01
-8.920667820251244606e-01
-4.165591789795248800e-01
7.332761306394510736e-01
-6.265621110844734609e-01
-3.411734829137147429e-03
-9.174714962842522858e-02
9.834932546237733497e-01
-8.522926542563036278e-02
-6.743433812349413081e-01
3.566365313072816789e-01
-7.407437034906028117e-01
-5.914570910248924118e-01
-7.913926358073661849e-01
-2.067362709089850537e-01
-1.336958274626880439e-01
5.731221703601656614e-01
-2.724052835682913010e-01
6.669460343223985177e-01
5.700286076018341586e-01
-6.967662337486444368e-01
-6.400986215232913334e-01
-2.284957025125837760e-01
4.939814433675975280e-01
