-3.592711959663072996e-01
-9.736719751232669751e-01
-8.674777716620281076e-01
-6.428418825361474909e-01
5.031801691685051647e-01
-5.586388097438710343e-01
-8.829207732741066739e-01
-1.875962403655770938e-01
9.419180899554562281e-01
7.665672798696745449e-01
8.532638994089769557e-01
2.444991539974097350e-01
-8.667391770960211073e-01
-2.007982632745166640e-01
9.912879162363248398e-01
2.782839203227072122e-01
7.059514264923936189e-01
2.276284654764320070e-01
-8.196543066631860608e-01
9.899482567245587727e-01
-2.158178565974575580e-01
-5.026625104868456262e-01
-8.068982299438776096e-01
9.156540466776339482e-01
9.118034574815281346e-01
4.740750707983212298e-01
6.364881749738091621e-01
-5.838997239143772777e-01
-2.387717721835733720e-01
1.438482071650737382e-02
-1.969278046183884356e-01
-3.493489557475772944e-01
8.553329098992754620e-01
8.952649046989904491e-01
1.989436495576997199e-01
-7.514809697524384990e-01
9.007044066029901153e-01
-5.831528495292910286e-01
-9.315876027114988744e-02
9.119771138026504520e-01
-1.656981301945150697e-01
1.873361441014440576e-01
-2.815432459076065985e-01
-1.317229622173170522e-01
2.104000017694831470e-01
5.780400655761632756e-01
8.248006840768919989e-01
9.045917858410075230e-01
-2.611121926488257916e-01
3.162369093103563067e-01
1.523508484231643756e-01
2.955099456616030462e-01
4.381457157097112809e-01
-3.598416040734251364e-01
5.645329100963523139e-01
-7.760175051289432968e-01
-3.882646827155318281e-01
5.832485123644635117e-01
-8.315236651339343865e-01
-5.200101307614215518e-01
-8.593929027134936671e-01
2.661851074509087312e-01
-8.996903308596546633e-01
-3.375266414601529874e-01
7.488507810080280436e-02
9.209436030705686616e-01
2.662798444319411928e-01
-3.246469651648817845e-01
6.827322345349995381e-02
2.691551020957729801e-01
1.310937028078345001e-01
-3.663660592129223126e-01
3.642759872180678649e-02
-6.699401314967305954e-01
1.961431292124382608e-02
2.661066193768912846e-01
5.416216533931685895e-01
-9.962770931595255064e-01
7.588039686914478388e-01
1.046985073035182623e-01
8.179843962733941432e-01
9.978639236631314802e-01
8.955518612877908513e-01
2.340655356920460228e-01
4.063813349461731228e-02
-4.361834883093480553e-01
1.723552781362922559e-01
9.627220938636698033e-01
7.044381370960393074e-01
7.258840509031616595e-01
-1.563879882703607116e-01
9.969383343125080010e-01
-5.967888382543422576e-01
1.612539944002566727e-03
6.455059036049699550e-01
4.265915519309213533e-01
4.711351017675846631e-01
-5.275781154557437347e-01
-5.262208938850203577e-01
6.139814349010179750e-01
7.005165751259052609e-01
6.584373223559489841e-01
-8.994762860764482504e-02
2.348428287024610928e-01
2.082368545562645057e-01
-2.764490516617152949e-01
-5.351257027093665464e-01
1.772554328412445646e-01
-4.308366015278775052e-01
-7.812846898185068500e-01
-4.276531510693519778e-01
8.449154768441977659e-01
-1.834273018327361449e-01
5.374954927450659170e-04
7.350635555700346657e-02
1.387279409840225242e-02
-9.239187366232577414e-01
1.455522243897773293e-01
6.270848325387123889e-01
-4.876126116510073327e-01
-7.786643798080199463e-01
6.091911687155022737e-01
-7.976162217477982264e-01
-1.682909874036959685e-01
-5.302137051243847043e-01
2.043827224599952253e-01
-4.835962002891136535e-01
7.237321636636140365e-01
2.527519984809623033e-02
6.093667423684481221e-01
-3.683246962302382244e-01
6.323711426153675319e-01
-9.616938636706173771e-01
-8.003879520501331335e-01
-9.230695117180325315e-01
7.340935112597546386e-01
2.488006580562860393e-01
9.545019246324517592e-01
2.543630005146397810e-01
8.522053375949423248e-02
3.777169523796208850e-02
1.860647481024466643e-01
-9.367959391928974977e-01
2.929090076378759733e-03
6.944388478562315559e-01
2.358924159211208682e-01
-8.585988236045625221e-01
3.145826547769745574e-01
-9.981021556445741627e-01
-8.838724420253301073e-01
-8.589572895136663444e-01
-2.036552141284990736e-01
6.400679313825219374e-02
8.583733758719067630e-01
7.547284999878656198e-01
4.008995313522671911e-01
7.277002596775759002e-01
-2.965813037984055267e-01
8.197296963072371323e-01
9.142289785952317782e-01
3.769122164662639385e-01
2.878801965970549936e-01
-4.595097700295089904e-01
-8.230499302737399603e-01
-2.749349615663110313e-02
-8.308556135668792031e-01
-9.618021267426288823e-01
-4.557535981083957743e-01
2.548677480165228992e-01
6.204436742856616060e-01
7.368165252336398297e-01
-6.616138808680771533e-01
6.252564495524912669e-01
-2.747853936679287568e-01
-8.137976587618316326e-01
6.174456685094653619e-01
9.443735153016081796e-01
-2.651154023718571562e-01
-7.474385944453250108e-01
-2.326666626089326506e-01
2.618748146065943416e-01
7.387884108282485318e-01
4.277180510628755261e-01
-6.973880254249851252e-01
-5.143690659595105963e-01
5.377930159712169811e-01
6.913163087581737365e-01
-4.103948390037686078e-01
-6.679220828616461159e-01
-5.146292007810040481e-01
-4.401034957570078010e-01
-4.943502503766938894e-01
-4.913030940306968297e-01
-2.466241066212602195e-01
-6.292999855315661861e-02
8.359047976208791031e-01
9.794731125578093334e-02
-4.549929863238442174e-01
-4.517703774596428801e-01
4.927483527948255393e-01
-9.819702322881249668e-01
-8.020517039202057497e-01
3.719338943070704673e-02
-5.511531676960754744e-01
-2.905689186930655588e-01
-1.421996820927706739e-01
6.919737799077734230e-01
-2.449187857926875544e-01
-2.836636171328674738e-01
4.697909917586222672e-01
-6.339449543520849772e-01
-7.209279917285087436e-01
9.495252470813422274e-01
-2.493031500157369962e-01
-5.611061511576853622e-01
-6.868247668853395549e-01
-1.005948415138313567e-01
-4.531315987733475215e-01
-4.443825602859940993e-01
7.356178939771589320e-01
-2.276265910323680419e-01
-3.586230817774127555e-01
-1.202170354504323857e-01
7.646968521291070964e-01
-9.175212006440600643e-01
7.850569691843320985e-01
9.461297687186078775e-01
-4.967145580143239592e-01
3.856447186185936182e-01
-5.941632785364645564e-01
-5.524429130567374280e-01
-2.258504893290045334e-01
-1.406227933659127682e-01
-9.980119573016519308e-01
9.952487919090029500e-01
-6.577363506583555619e-02
-6.119560253801603622e-02
-1.421607688109460810e-01
-7.260396515758538172e-02
2.460513409288800357e-01
2.155142480675884542e-01
-5.143026814749098730e-01
-1.551453439941385959e-02
-6.775529104727160412e-01
-9.887915288942550340e-01
-5.716800425262187346e-01
8.042718626030893603e-01
-3.785933550805860026e-01
7.484386316145423823e-01
-1.830959894454085024e-01
-6.366382233697169823e-01
-7.156086853372456424e-01
-7.386376941964645226e-04
3.375428681510832529e-01
5.212545385799487452e-01
6.222178791834303002e-01
-3.254388792094808913e-01
7.831630036207968271e-01
4.041713838352285482e-01
-1.190903869250825586e-01
3.417031454551877623e-02
6.439698473937043310e-01
-4.776383560144481510e-01
2.627958468121489588e-01
-9.912196864161970655e-01
