
0 85.791504 8.164926 15.499416
1 86.333109 17.144354 19.11542
2 86.333109 26.545883 22.946699
3 86.333109 35.447146 27.168182
4 87.553064 43.992475 30.704546
5 87.553064 58.527961 32.54746
6 87.553064 63.170485 31.821212
7 87.553064 68.825845 27.722009
8 87.553064 69.881678 27.288761
9 87.553064 73.002384 27.803065
10 87.553064 67.189275 30.928514
11 87.553064 72.045821 27.900985
12 87.553064 73.804561 26.390034
13 87.553064 73.26908 26.806573
14 87.553064 76.773075 23.956457
15 87.553064 73.100633 27.102566
16 87.553064 77.249515 23.145856
17 87.553064 78.023773 22.447683
18 87.553064 70.226427 28.662831
19 87.553064 73.216548 26.474464
20 87.553064 76.045925 24.465502
21 87.553064 79.634877 20.586889
22 87.553064 73.969771 25.515516
23 87.553064 76.211725 23.704728
24 87.553064 78.921342 22.423667