5.551790792816200248e-01
2.195913550939949666e-01
-3.159271087176522830e-01
6.715737658459268733e-01
2.960939136997635668e-01
-7.868106833653094601e-01
1.723106473021300822e-01
3.948185276899729423e-02
-6.735832547174127605e-01
5.960141056705998697e-01
-8.629003363647813618e-01
4.469341551321726058e-02
5.741544219207848077e-01
-5.873851632698046110e-01
5.554760761918791090e-01
-8.779066497392342683e-01
4.031461917635059677e-02
5.945252237469902390e-01
4.361626018539277450e-01
8.103036005699215671e-02
1.514351451083171263e-01
8.649677503622641428e-01
-4.101060931383593289e-01
-1.988819506861962960e-01
-9.566027475677330028e-01
2.006704533204561880e-01
-4.251007650978879671e-01
9.400223150624145152e-01
9.174403693897181800e-01
7.977182547906607191e-01
-7.464953723138714192e-01
-3.004494315171131191e-01
4.780947925761842576e-01
-5.301899463643249266e-01
8.588684370746908492e-01
-4.702367687725583778e-04
-4.695539782426929598e-01
7.356918357912423101e-01
-2.746478583883442681e-01
-6.811444720695623012e-01
-4.128035557305063108e-01
2.923616664534800513e-02
-9.803252586235877697e-01
-2.802520637178915752e-01
3.004530767893167642e-01
4.996260763609994271e-01
-4.284229418814944346e-01
1.712406988994752410e-01
2.255739453659626470e-01
-8.024711970844955466e-02
-5.270043848908223527e-01
6.876797149064954873e-01
9.318657612262375434e-01
5.672585622772359226e-01
2.179651088766261235e-01
2.517800001265435572e-01
-3.025957591153927151e-01
-8.097389701771273707e-01
-8.712006743888556226e-01
9.904069248634961298e-01
-5.372997487770680980e-01
-1.039704473836666754e-01
3.395811406326887383e-01
-8.382682545078232739e-01
4.249747897130058405e-01
-4.495822508041373844e-01
8.487036320748124751e-01
6.519165015307792910e-01
-8.245268734014794543e-01
4.160958736357887044e-01
-9.618714630094167273e-01
6.658045698046783922e-01
-4.046184490919120247e-01
-7.144122057022772587e-02
-9.398652497339752276e-01
7.748012015458760615e-01
1.121180121402911567e-01
-1.433401432164393974e-02
-9.586016694842203201e-02
-2.438092512352321162e-01
-8.013476843534994565e-01
-8.285633083641941177e-02
1.620237433281486172e-01
-3.023654149333583341e-01
-7.716599153426135782e-01
-3.327166108163732705e-01
7.241611687090887539e-01
-4.356377923443650602e-01
9.526139101704151901e-01
3.068693836961644550e-01
3.066634311429119464e-01
6.991028235614056285e-01
-2.652902497658597980e-01
9.357905216579069929e-01
-9.944812668324736205e-01
-7.696898214084526568e-01
-2.215840983050647583e-01
2.792806131989966634e-01
4.301881807784129208e-01
7.195044524254456952e-01
1.298126034715101351e-01
-3.870353774689518911e-01
6.132317036531247378e-01
-7.232725271432882685e-02
-3.820467332133725691e-02
-7.525942447709870198e-01
1.773745791548675399e-01
-5.838006152458912190e-01
4.159070173969925399e-02
-8.256868238217482947e-01
-4.185999254073280440e-02
-5.054496384357225480e-01
-7.673185004501319462e-01
3.837988556935933993e-02
-2.541512250409101448e-01
-6.292419828765487555e-01
3.719435108951976154e-01
-1.353467517630360106e-01
-8.248760865664865882e-01
9.121250683487613919e-01
-6.854703873995282581e-01
-1.673401183602323261e-01
-9.629981527299684707e-01
9.849697975481523926e-01
-4.817293126743202869e-01
-2.613894072215858788e-01
-1.103249605754526019e-01
-9.968373069834477462e-01
3.508210205446899987e-01
-6.816025598909980499e-01
6.410057354404368191e-01
-6.895183447003658816e-01
-8.860285472874878110e-01
-7.308785139185203228e-02
-7.874123465359883500e-01
-4.349523740204919164e-03
4.474491448531681126e-01
5.461445794971986345e-01
4.586791615734633343e-01
3.880388150779749967e-01
-3.506896792246210204e-01
-8.466883728812384380e-01
-4.745684814969755028e-01
1.770465508852803183e-01
-1.380920350610157499e-01
3.701842622412434558e-01
-7.187290882090391353e-01
4.543633244062244003e-01
2.420781333217090214e-01
-1.789961848101020436e-01
-8.928155388148868443e-01
7.335690221451163229e-01
1.472275956535766817e-01
-2.477317350574970156e-01
-5.702303898518510383e-01
4.923445307009211014e-01
6.878910862714431307e-01
-6.853302482325753786e-01
4.850697234447951534e-01
-2.975525818871405104e-01
1.363720140456401442e-01
2.956896332202718636e-01
-5.828635729618947270e-01
9.209053704544210017e-01
-1.465846201888507672e-01
-6.868598596905333142e-01
-8.144444983769729696e-01
7.120661359144977443e-01
6.955714755828950047e-01
-4.427715826968836588e-01
4.167072850519351057e-01
6.548743339682674414e-01
-7.421713404552843230e-01
6.794276945876709384e-01
-5.235029423549606431e-01
-4.848434049849847938e-01
7.251665571749419392e-01
-6.567730234920849952e-01
4.319358241553161726e-01
9.484646818447972638e-01
2.279036356822430331e-01
-1.002845730117369882e-01
8.197297348008176776e-01
-6.382417512681479721e-01
1.675471236637309236e-01
-4.094386259143776297e-01
-4.791503543967079448e-01
-6.876883448318988901e-01
-2.152602184048979517e-02
2.516121023144839430e-01
5.829690698082374833e-01
-7.407785707234710859e-01
-7.445948698242721431e-01
-8.430631401146193582e-04
-1.191182353581969888e-01
-2.507361756045138890e-01
-8.461913508864733480e-01
6.047341457663204523e-01
6.112468384460705284e-01
8.310462784293015659e-02
-7.775490796461272947e-01
-1.615821196472970733e-01
7.531147334841752361e-01
9.598551293703074805e-01
1.126420818310225336e-01
-9.213878665648631561e-01
-3.487600559434553826e-01
1.142336310294835844e-01
-6.328356555845626730e-02
1.997221843503380612e-01
-9.268361551973895995e-01
7.989289968549726506e-01
7.625693542774734102e-01
8.094397251055360787e-01
7.831835830187181546e-01
-5.141619344784398304e-01
2.739569625529345576e-01
4.688365657976967249e-02
-6.933517023311948080e-01
7.292952380897066433e-02
-7.083723145869336157e-01
-9.691679665708299307e-01
9.795563510917038030e-01
1.247965958185550672e-01
3.806901316454263107e-01
-3.440277757908636325e-01
-4.913327594289620404e-01
7.645754185413553561e-01
6.827392057596581854e-01
2.559627477223558323e-01
-5.500725975715639038e-01
3.440561682831593249e-01
2.210321739415959108e-01
-8.619644592196731292e-01
-6.614770120888000537e-01
-9.172236761901477742e-01
-1.195139565236142953e-01
-6.944134340950847140e-01
6.506378346147054792e-01
9.525801822625765691e-01
-5.188388883611294577e-01
-9.709214961396646082e-01
-3.050587336699550622e-01
4.271575813282575407e-01
2.032764167774521180e-01
6.085435348822954005e-01
-2.102344822900470422e-01
-7.698218501096398825e-02
-3.406371215374588424e-01
-4.407105887718918424e-01
5.491152829461947160e-01
5.229818109784709623e-01
-4.070299979403657620e-01
-2.201137126446062187e-01
-4.610451441723872890e-01
5.920948803797174698e-01
-2.901088783892287193e-01
3.296137704840473859e-02
3.768098672311801511e-01
3.155568465423765900e-01
1.921004463480402435e-01
-9.164449846976108205e-02
-3.240393558191672074e-01
7.921850879962504255e-01
-2.927893088016106926e-01
