-5.583088607443924545e-01
-6.439568923739709128e-01
2.924248640303344082e-01
3.822806573811885489e-01
-7.315589372592730122e-01
9.568713939292712300e-01
1.344676347139361905e-01
8.714804022728075417e-01
8.839972357190259977e-01
3.409734058893814090e-01
8.623043953083600055e-01
4.393216587100492454e-01
-9.367927120107948369e-01
-4.648368684474486479e-01
9.298348133603511201e-01
7.175960525590163730e-01
9.496912948395033194e-01
3.095801837709517557e-01
-4.034623137387729486e-01
-1.050505059376007910e-01
-3.353528619183472337e-01
-8.810146332069070940e-01
-8.911315375412660611e-01
2.545043278921577112e-01
7.123757539999657773e-01
-7.503311521314457444e-01
8.879709278945475681e-01
-3.560769595055999215e-01
4.772904668445852039e-01
-5.019131075816885001e-01
-2.621483057838185360e-01
