-7.121893279711737357e-01
9.281329955994606085e-01
-4.849660248339857649e-01
-9.824453841389695352e-01
9.254141321505680029e-01
3.221352102302721399e-01
-3.091113114755552616e-01
-3.536881954894539604e-01
-8.450623007960622601e-01
5.286923425846239422e-01
-7.130522157428320629e-01
-3.034189078508522375e-01
-2.505881971338383973e-01
1.326747622072739219e-01
6.151449004152758082e-01
5.164164481048134636e-01
4.968215954560981640e-01
-9.450096425886276297e-01
-6.439958730550265908e-01
9.518413127046163602e-01
1.570366829215601445e-01
1.673033274431345863e-01
-1.262552156058955877e-01
-2.456346507850470928e-01
-5.896941791058838422e-01
1.593813851472352106e-01
4.696678887785807888e-01
-9.723615037973765141e-02
-5.820192430845256837e-01
8.465458599476840540e-01
-2.845946855255720997e-01
-8.200806708304011483e-01
9.901342231562388907e-01
-7.734587695377648231e-02
-5.333800203784688776e-01
9.668240268318561981e-01
1.659399047533656191e-01
-2.800710494312836918e-01
-8.830708184161841778e-01
2.854924889071202010e-01
-7.877353553341528425e-01
5.584550277625512926e-01
-8.390855013642894988e-02
6.565678294102315071e-01
-4.697560080754858980e-01
4.292864627065193783e-01
-7.649935999109411799e-01
5.767591711599617810e-01
9.179043729590330436e-02
2.966669979092495524e-02
-3.410878861818693597e-01
7.810349531903959530e-01
3.445240615420055441e-01
-1.300783504602300855e-01
4.702422514020037081e-01
2.669801827756055346e-01
1.271496711984299033e-01
7.443465777362590075e-01
3.993762493205577080e-01
-5.847920654297444898e-02
-3.855164163032158697e-01
1.081315871952621688e-01
-9.295845092171861612e-01
-6.294169619303202623e-02
-3.206713733055628346e-01
-9.186535571004512679e-01
-6.502971493099012346e-01
-4.302546574576353589e-01
-6.900134537120834466e-01
4.290683684660308028e-01
7.639140712430416702e-01
-3.506855537820836588e-01
-1.325370578848448222e-01
-1.246685396520201827e-01
1.176888879675934696e-01
4.670951215018037672e-01
1.196106826597926887e-01
1.915562286428396099e-01
7.968037312037414832e-01
3.271895065520673551e-01
-8.361645322778876732e-01
-1.564949623888618468e-01
-3.018464916686709465e-01
-3.766083699614122260e-01
8.390352913771721433e-01
-7.081508819107920072e-01
3.705864016917699288e-01
4.647451421152426487e-01
-7.384545709119636481e-01
-3.928054057967631518e-01
3.633552582383869911e-02
-7.877186566095779607e-01
-7.175478978123563945e-01
-8.110424070274735442e-01
5.476830954475846447e-01
-4.581753007895139618e-02
8.406599281251381228e-01
4.181648680300780185e-01
-3.709632218090135325e-01
2.766397984693247381e-02
-4.090084929664499214e-01
9.668460269278666974e-01
7.612209952281268066e-01
-3.183430899909902578e-01
-1.400102503707343349e-01
7.762712620664302676e-03
-8.037366460442003646e-01
-3.772560480438298391e-01
-9.406159734060230981e-01
-3.297123560065424730e-01
5.838444810580267763e-01
-5.717992898017152381e-01
-8.623210397876446276e-01
-7.029031561649368154e-01
1.163635895911481200e-01
-2.667208598290904398e-01
8.210701750953075528e-01
6.826786855578168556e-01
-3.430828017080085335e-01
-1.873381511270382216e-01
6.638601095746388125e-02
-9.299179482688859633e-01
-7.803875485722513439e-01
-2.276577960161385583e-01
8.334753477333265437e-01
3.533317172954246743e-01
3.030525667623433783e-01
3.915909999523505824e-01
8.365956987221789820e-01
-3.223613667212776868e-02
-9.826130703545290501e-01
-4.072329176703894937e-01
-6.379713936590114542e-02
-3.917729800937801432e-01
-8.656272309512942353e-01
6.047700337092656309e-01
-2.184163043772591184e-01
2.390504037360394740e-01
-9.114491972434901612e-02
2.823008889821654321e-01
-8.229156626377105432e-01
7.940031240680098801e-01
-5.840073406024151037e-01
-4.327462249610281031e-01
5.572249969136167103e-02
-7.594910193519817110e-01
-9.120115688453140912e-01
8.834971563392859384e-01
7.738799543570327177e-01
-1.796132725547561204e-01
5.051450824382772709e-01
6.172010469551767464e-01
-3.028430469483422982e-03
7.674056709628878092e-01
-8.553554459658596620e-01
-7.528545328161717620e-02
-1.074879845121423649e-02
-1.717169921958516809e-02
-7.031725437718150395e-02
2.084052338127211357e-01
-7.235941240840386701e-01
5.923660290708112619e-01
8.614151428696472657e-01
-1.221228286433784227e-02
7.130050726374128622e-01
2.686634749198821837e-01
-4.159289256410174662e-01
4.484931924920665391e-01
-4.746928358624733502e-01
5.050433995266525589e-01
-1.748911414684688470e-01
1.058463476111748403e-01
9.348560354548967055e-01
-7.184725441847783500e-01
8.914860425932833454e-01
6.242369403290493057e-01
2.711968322769209294e-02
3.573034351045973889e-01
-9.530469861575927570e-01
3.679062021211745304e-01
-5.420605920934808974e-01
3.748180343189306818e-01
9.731088314636888725e-01
4.914746483381862152e-01
7.828909006564970241e-01
7.733268459192321753e-01
-7.028417214924331802e-02
-8.480228177789823629e-01
-6.416197546201896085e-01
6.694409528291282996e-01
7.180443771187914326e-01
-1.551746141864922546e-01
6.686746591530918771e-01
9.057129753031243347e-01
-1.516469872011905196e-01
-8.942275215091137763e-01
-3.247911335767719176e-01
-2.325487388820797197e-01
-5.004003509983221409e-01
8.615155502556501865e-01
8.131232140115047802e-01
8.932979992587062323e-01
8.972934558828153939e-01
-9.332636014323274498e-01
9.766713043346550993e-01
4.072840190180109232e-01
7.740815101952320809e-01
-8.709224929892391831e-01
7.279328318358249117e-01
-3.080053249388801095e-01
-9.889044073292414527e-01
-2.438907574035533710e-01
9.037721814631576311e-01
6.548774836002246857e-03
-6.409083449295864821e-01
-6.437671074035351548e-01
8.494711370007788087e-01
1.594850190997270101e-01
7.403330818000277702e-01
-6.263276224651088686e-01
4.356095467070157934e-01
-6.719804176623507264e-01
7.602468251217695538e-01
2.781357463841169775e-01
-7.025195647761584006e-02
3.498090989475981516e-01
4.495697596832601839e-01
3.275549968807811574e-01
2.869020007589975219e-01
3.452780384660436575e-01
-3.163304365630812409e-01
-6.867754990657823910e-01
-9.474816999436019849e-01
-1.687526692807617135e-01
-9.141015286060665268e-01
-3.281043049453729044e-01
-5.381526009320467541e-01
-2.041291383373127211e-01
8.807964322106458521e-01
-8.151139083183214229e-01
-3.468237573879873192e-01
2.617297559007323304e-01
-6.773016792220916127e-01
-5.027890825379466300e-02
-3.315915195172971508e-01
7.864520775486965043e-01
6.606372105958031593e-01
8.140886728193685862e-01
-7.116239756551210327e-01
5.961312792553024043e-01
-7.587904402662524195e-01
-5.904875935536402221e-01
2.967953130169354026e-02
6.992199552012940966e-01
5.547296366294940384e-01
-9.444191279521594318e-01
-5.747063759782664594e-01
9.292547063777509830e-01
2.607020931348253967e-01
-9.798667267291576444e-01
-6.211083255636598022e-01
7.299095542901843370e-01
-1.296160261343848319e-01
-5.719069857658207745e-01
-4.615002747108629677e-01
