3.853588856600338453e-01
2.371255131538190231e-01
-2.821889944236484205e-01
-6.522432225752563539e-01
2.870640735599245819e-01
6.597126265225115027e-01
1.757045047830734230e-01
-9.817794594484965387e-01
9.928835548217151974e-01
4.702483928402023672e-02
-6.714830282020112229e-02
-8.282779577079897315e-01
-6.950644847246076896e-01
8.730805124925984373e-01
2.836471946675540590e-01
5.951429090934006183e-01
-5.426388524040930417e-01
-9.631514624112940126e-01
-6.512444943052291269e-01
-3.298533313486744500e-01
-5.569523711126358467e-01
-8.271463195923500766e-01
3.055376507609626202e-01
-5.838360946144132146e-01
-2.473288382150418130e-01
-8.726423869201369588e-01
-2.017327330489779857e-01
-2.762164168704397404e-01
2.205208653484631576e-01
-6.942034402213970168e-01
4.297030767512628469e-01
7.561114840412990201e-01
8.287899092543686841e-01
-6.570452624959912669e-01
-5.458474528928118907e-01
-2.875946358433010275e-01
-4.122987493255192426e-02
-7.128701824470504711e-01
4.508851229437915720e-02
-2.524749366366769721e-01
1.312754995443161654e-01
4.911057546469825841e-01
9.848031319961809693e-01
-7.709321789718592832e-01
-4.080056566661682815e-02
-8.865608553223522925e-01
-6.581600958538249557e-01
2.839415977971140315e-01
-3.097016287458702610e-01
-1.317419817738547660e-01
-8.763277771447191000e-01
-9.847340793912056078e-01
5.616952313975542843e-01
9.121916227860087378e-01
-4.237527656045916302e-01
-5.901763096066856562e-01
1.606536322521951998e-01
5.647802821409726448e-01
-6.247352269142611991e-01
1.979759538714633837e-01
2.746960596416179179e-01
-2.402924164206041713e-01
1.346694212210439723e-01
4.048459579188377067e-01
5.013802262493327611e-02
-5.908138745986319940e-01
2.895892671253590400e-01
-3.544763204924472610e-02
-2.531797559903314898e-02
9.406755460895237508e-01
-7.606984580681872554e-01
-9.071888797344027644e-01
6.910457087931076714e-01
6.086386098475586870e-01
1.614611715477152210e-01
8.879895913549185060e-01
6.211261746415608354e-01
-2.270763844492729167e-01
-2.252703758107732490e-02
-5.501079416954499646e-01
1.771558394243877288e-01
-8.520093705247018256e-01
7.883515911136076415e-01
4.124905231111739567e-01
-9.450028230709293098e-01
9.980595589733494144e-01
-4.109743936191678770e-02
3.056447291548578526e-01
8.380866392760188965e-01
7.812155315930944255e-01
-6.052327095884855179e-01
2.761976305262017206e-01
4.366842097973320236e-01
-6.445573330520499855e-01
8.028398064545290147e-01
6.550954018072321361e-01
-5.086708696463577706e-01
1.386010925467970889e-01
-4.257504153361031385e-01
3.946907942253961021e-01
-8.046981996591731079e-01
-9.175357814766758047e-01
-2.121167572108024757e-01
7.185535281829080745e-03
3.867725310438143715e-01
-5.246710293027301297e-01
5.464043926528172612e-02
8.730128414706064266e-01
2.353751742187120133e-01
-5.804610196693029689e-01
7.011057958147004499e-02
9.417018970321697768e-01
-6.996458416475350717e-01
-5.463569227752327340e-01
7.795676789120098427e-02
8.449795908958097623e-01
1.458009097245769325e-01
9.996379835444391126e-02
-4.798180732758861033e-01
-1.324555630715982257e-01
-4.289321113234145777e-01
1.760404116765990068e-01
-9.719167141271738419e-01
5.433179584214866686e-01
7.725398749211103144e-01
-1.170897614175649970e-01
7.927934064788133561e-02
4.213037679004241198e-01
-1.886508863306652906e-01
-2.883205676920064242e-01
-3.376929841521751907e-01
-4.797452694837587295e-01
6.915647371188438086e-01
-8.001042581084367722e-01
1.539048669391116508e-01
-1.006342072032679891e-01
6.071601431384507919e-01
1.414812805533494089e-01
5.863109815504241595e-01
2.158237977904420291e-02
4.386433617871394741e-01
7.924740288455154325e-01
-9.895144392026160585e-01
-2.268035475039664739e-02
4.590872497280149567e-01
-8.949259392811192981e-01
-2.132939251447083517e-01
6.743397939009700970e-01
-8.534899777077933347e-01
-1.572725040532543250e-01
7.819177462164252912e-01
7.412866795840016287e-01
3.795763617515186539e-01
-6.150184525574751149e-01
-2.323271202875372143e-01
-8.380814778205736282e-02
8.108717254319550705e-01
-2.583058743788904099e-01
-4.832351581501908022e-01
-2.484915112419527894e-02
-2.232000409025203247e-02
5.780795392251545373e-01
-6.480238659550234814e-01
9.033099077586790315e-01
-7.152938248082674200e-02
-7.580675480991350135e-02
5.213635796587348104e-01
-5.921130275180372937e-01
4.663511851896569027e-01
1.691071922145153117e-01
6.693920677059599367e-01
7.371424180088166356e-01
2.591551189796452714e-01
9.088080963767961595e-01
-8.665752269734490199e-01
-3.897994907518818053e-01
4.069184685754581032e-01
-1.497848783029489539e-01
5.282522742699771179e-01
-9.373468791056798199e-01
-1.963934517220775611e-01
1.241504817059622123e-01
5.520587382093404827e-01
-1.051708501333890045e-01
-8.272777685114331980e-01
-2.451784852226597256e-01
3.904459247017935120e-01
-5.171363699199666986e-01
9.250746820553792382e-01
-9.743559028372061892e-01
-3.448256290626989795e-01
7.377370101633404786e-01
7.274125254814123309e-02
1.756191415099128683e-01
-8.286691696994286094e-01
-1.232755318986935578e-01
-2.842720453650640078e-01
-8.199084659700579536e-01
-3.094435704411830912e-01
3.113641217215501467e-01
-7.691508302902134719e-01
8.054213621394927802e-01
5.837727928704847802e-01
-8.216705247534037415e-01
-7.186576899066821067e-01
1.050286919173926137e-02
4.828764831351228803e-01
-1.680325829635092028e-01
8.847352997487123449e-01
8.255257696089945973e-01
2.484678510958826525e-01
1.878777569957705840e-01
1.964885575515153970e-01
6.985389782671735937e-02
-2.210666118638919819e-01
5.085175917292965586e-01
-2.737584786807134574e-01
4.307737970950893391e-01
-5.039390360856876860e-02
-1.603304670252647668e-02
4.625434722411621014e-01
4.350108520796049927e-01
-9.097165168487100217e-01
5.603217023307962563e-01
5.832235831980572272e-01
-6.022724628546851644e-01
-3.500210149802249759e-01
-8.483460888402123423e-01
7.118727195975784738e-01
8.257639747784062401e-02
-1.587897264141497899e-01
-9.986224556955376475e-01
5.688527857665026666e-02
-4.077156403282347075e-01
-3.339532256454758041e-02
8.387015345338453276e-01
1.114589370389589273e-01
8.726513119819325759e-01
8.204341464545286122e-01
-2.539128945225388456e-02
5.509752557216758273e-01
-8.267474980411524399e-01
5.865694103014340577e-02
5.980742482090950496e-01
8.295708701232085147e-02
-2.672159443387187583e-01
-1.331276043440032808e-02
-2.507850050768876127e-01
-5.694865708275949068e-01
4.700037398394101285e-01
-8.325193651012330331e-01
-8.617320274397664015e-01
3.856534843152505942e-01
-2.468480104767125649e-01
-7.208995688214916431e-01
-7.032328587825740218e-01
9.684362706552394062e-01
-4.940210807696905349e-01
4.008805695359300980e-01
9.946804837186014048e-01
3.121838277604200851e-01
-2.419805422752412394e-01
4.196891064387386905e-02
1.221895176970111407e-02
-6.134738616008794665e-01
