9.610098079535422944e-01
7.096452070043950400e-01
-4.196171593867914495e-01
7.181536125004097659e-01
5.014542877790888475e-01
8.646697750428329332e-01
3.735447791197201717e-01
-5.646388943232403257e-01
6.480766538691704604e-01
1.696375491975823380e-01
-1.191570212112285088e-01
1.143254994023159554e-01
-9.630937210431202988e-01
-7.530877551728367703e-01
-7.097672072561662659e-01
5.341163458538129571e-01
-8.708987439829751764e-01
4.516378271443493020e-01
-1.623643778287786610e-02
3.882341110698619424e-01
-5.442749195753686653e-01
-8.084975010613781876e-03
-9.085856091658788269e-01
-7.449791040979480972e-01
2.293060449211217211e-01
-7.723297237882207344e-01
-1.957256764729327081e-01
-5.159672158275392384e-01
4.869643586912264510e-02
-9.854942221757920784e-01
-9.650042862864440796e-01
5.028426649202613063e-01
-7.141710898416160358e-01
8.390823460263550082e-01
2.553872305191293712e-01
-6.258718349201368714e-01
-3.842956321880113268e-01
3.602711227701160812e-01
-3.652784696126674113e-01
-8.323046881809110786e-01
4.696112769961606759e-01
3.118693039756508245e-01
-8.800436814290688581e-01
-8.054882781127079561e-01
-3.148355380556322469e-01
7.202106178574241291e-01
3.957087839866064716e-01
2.074931605073382368e-01
7.947582747639638789e-01
-2.248315683586679103e-01
-1.013157682221816902e-01
-4.967303596577139491e-01
3.326245944483674499e-01
6.344351483555847881e-01
-1.342848375992513610e-01
3.600846326903890393e-01
6.251808051425651325e-01
-3.089404216922246871e-01
3.525315101595070111e-01
9.465120079671476283e-01
-8.659107228537066270e-01
5.897571628520086318e-01
-2.902335150884827186e-01
-9.431871379101863795e-02
-6.089376223240674513e-01
-8.499272809630653569e-02
-6.718015599222038059e-01
7.214121186843545086e-01
-3.275278810894073356e-01
-1.426121189479379048e-02
-1.036703542770704978e-01
-5.490702905015643065e-01
6.711629935770233590e-01
-7.531486603015775660e-01
6.135565247976282333e-01
5.449350158320029891e-01
-9.560119331994920699e-02
7.801194823261403677e-02
-2.081450169492513602e-01
1.936873476393858873e-01
-6.002439290426484497e-01
9.449289930073936361e-01
-1.019004281629747322e-01
-7.531492969929318715e-01
-8.537606733648046564e-01
5.402295849623746093e-01
-1.964697224477220949e-01
3.746970739621320323e-01
8.802347631158657926e-02
6.119665591891751966e-01
6.288301131113138709e-01
-2.883726612068344686e-01
-4.429045914116760407e-01
2.242109078076257589e-01
-4.811260210086316658e-01
-7.314842602099789204e-01
3.386817840365028420e-01
1.554700022031381135e-01
4.408880291877570468e-01
-4.758839951826874248e-01
2.597814543584695546e-01
8.965749819856447811e-01
-1.370214456537319769e-01
8.809607559777947738e-01
4.448310039961338447e-01
5.919728053292259151e-01
-6.267728246253376767e-01
5.599984575156038424e-01
-3.852464597606872765e-01
6.129222905689080125e-01
9.627051718112031864e-01
-5.874253074880644299e-01
1.312483956906527194e-01
8.905567824499946994e-01
6.148149552790154182e-01
1.065809397248387302e-01
-5.817088996487924657e-01
3.138758499321632200e-01
-4.370924349857241431e-01
9.713529467915746896e-01
-4.925036080749900513e-02
-9.473209793938226486e-01
-9.711631902094453039e-03
-6.763531502690329766e-01
-3.562438583120055569e-01
-4.058259134391948297e-01
4.666974855031897906e-01
-9.840747292802174417e-01
5.325781158597902021e-01
9.327773273463835224e-02
-3.681526323498762743e-02
-1.325686365218743390e-01
-8.776867337762439547e-01
1.063689523400872528e-01
-4.853656078266126439e-01
9.463358334792637550e-02
1.137151461910494987e-01
5.699594200229014529e-01
-6.684030541417538274e-01
3.937050010421641044e-01
-5.433779865099579443e-01
-6.374425904624323458e-01
-2.930866199173274289e-01
8.624170870186509408e-01
1.650725596793691796e-01
8.558318464749139487e-01
2.578216501035839325e-01
-2.886116775318698924e-01
-2.978798322699405254e-02
-7.381374380811760449e-01
-6.678131415681798355e-01
-6.749566166892617680e-01
3.737078397638986527e-01
-5.465298096094335367e-01
7.641084035541811925e-01
1.671516909238457416e-01
3.788268430788588326e-02
-2.251517874825683663e-01
-9.451757025354419195e-01
-8.511984252183446564e-01
-7.694153671661090321e-01
-3.531041058150377054e-01
-9.597344485316505747e-01
7.013807336020310146e-01
4.447501778811537854e-01
4.443362635156697937e-01
2.126069127526812874e-01
-5.169051908199375767e-01
-8.415443209882949027e-01
-8.614945760102448169e-01
-4.724523572477461464e-01
9.925027382747833027e-01
2.991026989710963147e-01
-3.788987273758273044e-01
-6.461775192305678761e-01
-3.945983192250848148e-01
1.495738837191620263e-01
1.315696689902612349e-02
-1.362375801437638589e-01
-5.439733961793160599e-01
2.993389938754025259e-01
9.264496215098430021e-01
-6.374408264493314213e-01
-5.464009974782024770e-03
-1.552809156641057342e-01
-8.468407669931989901e-01
-2.571343036326239062e-01
9.552114378952230034e-01
-5.978326013238877135e-01
4.798637288538727397e-01
-4.383062740478493868e-01
9.195800759172434446e-01
2.683034592928665862e-01
-7.640098114844415811e-01
2.841240137778555663e-02
5.272548177644917899e-01
5.343531580129272651e-01
6.110402038352780174e-02
-8.108519052685532191e-01
4.761803316866908276e-01
5.304992255216172126e-01
-4.695480707705652623e-01
3.058440376990700926e-01
-6.264249781622446278e-01
7.965017243180414486e-01
-9.811481914972228768e-01
4.676593616558699651e-02
8.052598753101221085e-01
8.522064429716520451e-01
-1.654417653590405379e-01
-2.438775878503163241e-03
8.088852186717601089e-01
8.227388760921996447e-01
-6.112255578893348584e-01
9.621959143138318904e-01
5.360660051764274403e-01
5.109304812058623746e-02
5.723316224219572312e-01
6.435540669874737496e-01
-9.512876296896832784e-02
5.105229069988448387e-02
-1.498381263610635283e-01
1.422804914386619490e-01
-2.981918683013649041e-01
-9.399092984763690595e-02
8.439355126196730339e-01
-5.898411413109929669e-01
-9.971252648093691384e-01
8.458031903330840429e-01
-7.196913852263013833e-01
-4.661969371056176037e-01
-8.836562776804774977e-01
4.410131077615764283e-02
2.013454390919648951e-01
2.046130725892236768e-01
2.293332992783576607e-01
-9.656147720227066245e-01
-1.762222673022355579e-01
6.627004217411593956e-01
-6.635268712587276685e-01
5.821253190711317416e-02
9.170937566196593060e-01
3.122170424915766684e-01
-1.944825206333971046e-01
5.740882546834653599e-01
4.920078121426807449e-02
-7.078695322629873221e-01
-2.848230948696985898e-01
5.383646560240942236e-01
-3.919074359876892899e-01
-9.969243651276928908e-01
9.508176005018780241e-01
-7.239471033438305003e-01
8.991681567499301142e-01
6.692680330993594495e-01
-4.073299458806167728e-02
-5.728363010222314866e-01
4.442761737404505862e-01
5.945471900123775466e-01
7.495761966201761606e-01
6.624422551700182016e-01
5.304025968518133460e-01
-7.476713252098874385e-01
8.236653160979490185e-01
-5.094973642604381237e-01
