
0 74.294277 38.112412 22.026626
1 76.99349 45.699577 22.680944
2 76.99349 50.978748 22.630167
3 76.999693 56.980967 19.09077
4 77.230566 49.646997 27.058733
5 81.503017 57.415546 24.501517
6 76.626747 58.790811 19.516974
7 76.626747 59.551485 15.841984
8 76.402652 59.825137 15.50942
9 73.843308 56.814889 19.153111
10 73.843308 59.246408 16.015619
11 76.419045 58.406817 15.821173
12 74.10176 47.735054 28.043942
13 76.757022 60.267135 18.173545
14 76.757022 64.242116 12.749952
15 79.665679 65.132006 13.089632
16 79.665679 66.371961 9.778613
17 79.665679 63.888085 14.787409
18 76.344832 66.733594 7.176677
19 76.629413 63.419273 14.635388