1.860333916453293934e-01
9.226912198778594032e-01
1.584792428817929366e-01
-4.904203739163564002e-01
6.699859020963438994e-01
-9.184586493027033782e-01
3.095694344483868043e-01
-2.895673453337803682e-01
4.457824762003084196e-01
-9.509012692976446246e-01
1.805519054522481959e-01
7.696064978218246644e-01
4.522116135609230980e-01
8.774560707097751600e-01
8.905403309554356106e-01
2.940233865612291719e-01
-5.830338825679874937e-01
-9.772565258313898884e-01
8.544798276460863207e-02
4.703512216819589753e-01
8.276503040711871151e-01
6.403707734375021499e-01
6.148017011594126835e-01
7.234462153039635801e-01
-5.714945834907245725e-01
7.531939325461332047e-01
-3.035754407775548280e-01
-4.215072635516146082e-01
-4.515280263959742246e-01
-5.085249263950475385e-01
9.590108231623319934e-01
9.205119517262141393e-01
2.760581077704615804e-01
-9.070688601080891811e-01
3.275766391050916049e-01
-9.014914968522085292e-01
7.215449535339373277e-01
4.415867296382356422e-01
-4.515492122263127239e-01
-4.415745803640902523e-01
9.083055595621489786e-01
4.210372987933030942e-03
-9.176643144544383013e-01
8.163661813092870645e-02
-1.039529884815255656e-01
4.514950744238950264e-01
5.167696514797015528e-01
5.313913453726220038e-01
5.942331482213984994e-01
-1.912685663564153149e-01
-8.103467042668244247e-01
9.347986904449430146e-01
3.604748668690931357e-01
-5.888344526208093566e-01
-7.063824125889901495e-01
-1.457495976572473761e-01
-1.438165071860164623e-01
-1.085268902758873555e-01
-9.601357211315721951e-01
2.182787180267951044e-01
-3.846803519412580474e-01
-8.166446780334992717e-01
1.389390695540049236e-01
-1.063679626192854943e-01
-5.719468912198819588e-01
6.549087877985249051e-01
2.262530661849255775e-01
4.113585701651409909e-01
5.411642349550163100e-01
-8.009450600143022125e-01
-1.594431596424841224e-01
8.202706286974337235e-01
8.933508311148747882e-01
9.725779705004888864e-01
6.743474104562616755e-01
1.006904208688610414e-01
8.918337548908885637e-01
1.146280550156428824e-01
-6.711233989655776000e-01
8.037327023082896371e-01
-7.791391168984063142e-01
-5.719917659185140835e-01
5.024768321386197112e-01
-1.815244883215210159e-01
-9.689684176747068722e-01
8.139862493240834773e-01
-3.140975493459763346e-01
7.303100333527869914e-01
8.196593693015494786e-01
-3.998161708637715250e-01
6.118899098254024782e-01
-5.143455725447720894e-02
8.506847444337515274e-01
-9.948088251507756219e-01
9.654816474679257521e-01
-3.207853228560983982e-01
4.167024043485567653e-02
4.774590903394559938e-01
5.469649335891588748e-01
2.146267627530000777e-01
-8.256416411656186671e-01
6.844462120863634702e-01
-2.761915726935322279e-01
1.496958000114387843e-01
-2.381708321389706118e-01
5.036181789058695735e-01
-9.267551945728771390e-01
-4.818937671501746234e-01
-5.562044959137533162e-01
3.482194451564668558e-01
7.086842478010033641e-01
9.215804717624556108e-01
6.712492879613141117e-01
9.247458835045903047e-01
1.671800170542403485e-02
-1.467682213795058477e-01
-8.161205325993703408e-01
-1.906058428566057561e-01
1.704182913239378205e-01
2.318289421049739563e-01
8.534367391069275222e-02
-7.985088311182966248e-01
2.661114884088888743e-01
7.133529838028667136e-01
-8.659884696023258943e-01
-9.479585585294270089e-02
-7.693707061071972664e-01
-5.306075885337124820e-01
-6.413749480445387618e-01
-4.904213240030601551e-01
-4.660311072274547772e-01
1.863313590089676897e-01
-2.062943174506526312e-02
-8.629880342171813989e-01
6.593321649157524167e-01
-5.406260047918440836e-01
8.951158624257304908e-02
1.518198494027704903e-01
-5.792351818860110857e-01
7.412255031884105172e-01
-5.068604991555831774e-01
-1.639260066718704056e-01
-8.306735343404705318e-01
-1.627845185785019577e-01
-5.914703645798502496e-01
6.585585439124261864e-01
-6.260391956020698867e-01
9.327401358060294356e-01
-9.320035201442105066e-01
-5.931111780838405068e-02
-6.689102293864614968e-01
2.547125202456368420e-02
-8.128270743476913029e-01
-5.612658229423674872e-01
-6.934069823856758852e-01
-7.692832159553533167e-01
6.041929047632403904e-01
1.212888257867301700e-01
3.592265039185207343e-01
-4.792026182145803226e-02
7.853047036599745123e-01
4.148470588036645701e-02
1.084045705191405418e-02
-4.926999333413086823e-01
9.394331971792029279e-01
-6.896192616303487011e-01
9.673233623509009949e-01
8.039701379575505680e-01
4.878358766900674492e-01
9.640229172920120604e-01
1.591629364449629325e-01
-7.137673301087661404e-01
-1.597966712601583961e-01
6.101044622822149321e-02
9.263010271744362978e-01
-7.191199332574593761e-01
2.457213828583437731e-02
8.081216963288762045e-01
-2.476563206667616868e-01
2.494222709752298428e-01
6.508083489100917607e-01
4.539009794677473231e-02
8.463403942867062657e-01
2.101396862106517105e-01
8.018061173474562153e-01
-8.586544485356544243e-01
-4.581716054203979205e-01
-1.423739565938033635e-01
-2.959516993173920696e-01
5.395069901515259225e-01
-8.656110695873233674e-01
3.052681533473795561e-01
-7.399641121034177260e-01
-3.502837691426932132e-01
1.732020260567996850e-01
-9.023714294663123248e-01
-5.648695647768309236e-02
6.378604035086921087e-02
2.331008666718266120e-01
-6.835118354142433184e-01
3.895995126117866025e-01
-7.299569811702817379e-01
7.376150599495097104e-01
-4.737761866941532229e-01
-2.996331030263776896e-02
-7.844167922671172466e-01
4.020099950733078131e-01
-9.991913526935825018e-01
8.195429666198259522e-01
-6.049577205881018216e-01
-5.164996042100409301e-01
-3.867366600172785773e-01
-6.392586960975932264e-02
1.673523872977373816e-01
-4.710921450722063142e-01
-1.629256065113100505e-01
6.097061057057899802e-01
3.135964089722738102e-01
-6.632421671479926673e-02
9.816719070484856147e-01
7.662956451851623552e-01
-3.453716101733450561e-01
1.860909464325926077e-01
8.912526068029589243e-01
-1.249145970617766555e-01
-3.506232828155544379e-01
-2.538314763767826054e-01
5.714772631110220935e-01
-4.391441177935373474e-02
5.775883291106798101e-01
5.051063856596802459e-01
-3.191928918171968999e-01
-8.911388192946605447e-01
-9.213945763032951319e-01
5.817371425730730738e-01
-4.942934873858810807e-01
-2.629843864824494837e-01
-7.236868266303653208e-01
6.233509975178850304e-01
2.037145989183550832e-01
-8.671602955773316523e-01
-1.402171495673321111e-02
-3.838404455909785185e-01
1.749204329566211857e-01
2.909034648400552481e-01
-6.089398481991126211e-01
9.411902831792651192e-01
-5.521632446409774353e-02
7.772678987183807564e-01
-4.485847733696350925e-01
-8.278088164254424619e-01
4.566599073612254145e-01
8.192162946353107600e-01
-8.783588350229249997e-01
4.831777256342846272e-01
-3.039161042793590006e-01
-7.060883920096889810e-01
9.020354255628166840e-01
-3.602146506790659952e-01
6.082152084520298096e-01
-3.621916176995905179e-01
2.004880642377495636e-01
-2.154572668846364003e-01
-2.265777389782224205e-01
8.839286793717919810e-01
