
0 67.866019 45.387925 21.260677
1 62.292911 47.21982 21.729668
2 62.292911 51.609077 16.953091
3 62.212911 53.31577 16.762681
4 62.18834 51.410726 21.474952
5 62.394196 55.89228 14.387539
6 62.517945 54.244935 11.739175
7 62.517945 49.28674 15.001486
8 62.517945 45.564623 18.891539
9 62.517945 51.607016 16.176673
10 62.517945 53.231226 16.762395
11 62.517945 55.70096 13.069842
12 62.517945 56.846354 13.74065
13 75.351318 58.566799 8.827485
14 75.351318 56.03061 16.336315
15 75.351318 53.271484 17.919888
16 75.351318 58.829621 8.501425
17 75.351318 58.913335 10.388705
18 75.351318 59.991934 9.878309
19 75.351318 59.375523 11.188987