-1.680072447545886138e-01
-9.459430733658820145e-01
-1.233674680786909228e-01
3.372602098615189448e-01
4.360660113673489047e-01
2.811739157215749074e-01
6.388361585743427273e-01
5.508852185821151437e-01
6.063036661430789565e-01
6.962266965740580016e-01
-7.834890980463178334e-01
-4.956174600637730521e-02
-5.204875341663361965e-02
4.059617284320335973e-01
7.219593373342905185e-01
9.997272861523351928e-01
-4.042816588847415460e-01
-3.696446233098298340e-01
3.086938140753507920e-01
-3.831005360566908102e-02
-7.158548868766079210e-01
-5.208147051296549979e-01
6.952110299246101466e-01
-4.282470931940323133e-01
5.080386080483958455e-01
2.401808913592036188e-01
9.106667184711010332e-01
2.211247579850057488e-01
9.695296216839779380e-01
5.047103403908868025e-01
-6.332785170236356898e-01
1.529293727917435675e-02
6.742380311382165647e-01
-4.957359522517335026e-01
-3.103120981657858657e-02
6.815728817713995191e-01
6.161426150811899483e-02
-4.059421425349789558e-01
-4.141172393953307385e-02
-9.502127911262725490e-01
-5.468970780845450186e-01
3.817730409998609797e-01
8.378170036069221283e-01
-6.403079394528712331e-01
8.084677665080213238e-01
-6.668686158377035156e-01
2.136007761674567629e-01
7.345279165309599456e-01
-5.890162716693534417e-01
-3.834767942179748701e-01
-1.836837369322283919e-01
-5.536821663858790821e-01
-7.315450120429749514e-01
-1.663071177439974235e-01
-6.176744066716075565e-01
-2.390559882912606238e-01
-5.934520434753762785e-01
-3.181128707304450298e-01
-5.887889890510633606e-02
2.218429591382016230e-01
6.392028893338583817e-01
5.267392373313697362e-01
-4.377713313679576501e-02
-7.844421828254384277e-01
-7.801696567200562260e-01
-3.512576389372479291e-02
-7.264377961416912388e-01
4.345699633936765949e-01
1.815393129432258945e-01
-5.715992922020753930e-01
-9.749163211195774892e-01
8.021645150108613898e-01
-5.461725219481365912e-01
-8.914746681631360303e-01
6.964410649512062790e-01
-9.347960121755627405e-02
-7.253290131217724479e-01
1.051890113336986232e-01
1.228548173648806863e-01
8.792308101962587052e-01
-8.916965530692699815e-02
3.487095028357849458e-01
-6.835009858801699423e-02
8.569999476095331303e-01
-6.212070245721164063e-01
-4.033310094090061249e-01
-9.281928683332976160e-01
7.874081341812249057e-01
-4.284149189706440986e-01
-5.359032392019946744e-01
4.762768467595386301e-01
6.059684601609653942e-01
-5.926300893556235572e-01
-5.287817400580450133e-01
-9.711501488681961725e-01
-4.650140871069414761e-01
-7.425710193520667080e-01
-3.429807610005177754e-01
-2.993536104140777088e-01
6.952247347482165551e-02
6.178237892518212426e-02
8.080188821908791397e-01
5.603302342211369247e-01
9.124109630780334879e-01
-3.299481867835287741e-01
-9.911235824940614059e-01
9.532300074471604656e-01
-5.854343528356367177e-01
8.027233197736005632e-01
7.386828407784833406e-01
2.572809645460782946e-01
-6.869368515276825793e-01
1.623956209549948237e-01
6.603882254274113794e-01
-2.360507947926298034e-01
1.769601313976427726e-01
7.796812850838352738e-02
2.196597458591542651e-01
7.674544967614493896e-01
-4.640218889645522093e-01
-3.423631302750502758e-01
5.078724387906379256e-01
-6.852637958081477798e-01
-7.738863810630471907e-01
-5.824973096818908402e-02
5.985898749702873722e-01
4.546625535838191290e-01
-2.365834534343600470e-01
6.411817406946962450e-01
7.413972892477047605e-01
-9.313505857415904643e-01
2.680276303256252657e-01
6.109671109463299388e-01
4.725581631509374603e-01
-6.966096121163223298e-01
-2.900352180881320407e-01
-8.421600190099094441e-01
-9.384147668755429272e-01
9.009071426437527119e-01
-4.025134387170119510e-01
-8.916560977646410535e-01
-9.398752615463035198e-02
-1.807568586487118267e-02
1.357829711284250784e-01
4.516530583169098279e-02
8.504869681116751234e-01
5.111055607020313918e-01
-8.506276250000155414e-01
-4.866279232370149810e-01
5.884362721108240546e-01
4.338013227066381816e-01
4.504325577463508257e-01
-1.581072736468553952e-01
-7.671124843855376962e-01
1.207370262492390989e-01
9.512448909981772172e-01
-9.048181945202511400e-01
8.487495960377722248e-01
7.092214607626223799e-01
9.724630021181912554e-01
-6.333704184326118813e-01
6.031473510037197450e-01
-5.051080206025162500e-01
-9.720487700462865366e-01
2.464971565229798767e-01
8.727459194761655326e-01
4.226358854270086951e-01
9.468150132576729217e-01
-4.044921237936252023e-01
-4.580031223620673053e-01
-6.163167402141709328e-01
9.426196186222111084e-01
-4.292672318887904570e-01
8.454421332486152796e-01
4.755719021196966878e-01
9.287411243235288438e-01
2.944491925832821710e-01
3.417896024325384197e-02
3.565405632475420195e-01
7.234366783862287154e-01
7.599845115942349683e-01
-6.421557782890729982e-01
2.745382458753515831e-01
-8.877199543959763961e-01
3.197377690693632424e-01
9.496122262232027378e-01
-1.538369022195085201e-01
-7.684420448231747969e-01
-8.216381819109654927e-01
-5.598396625844610508e-01
5.085889629410540458e-01
6.280641160212863117e-01
-9.446818002282197924e-02
-5.802973638320032546e-01
-1.913897996590887551e-01
-8.769079437879665484e-01
-5.417152372119107273e-01
3.367029319199263959e-01
-9.539563843781002639e-01
1.599877807099170379e-01
-4.847066946865705717e-01
-2.361029293704626220e-01
-7.960598371216498492e-02
-2.437722925046652556e-01
-1.395204735396990969e-01
4.481613198379521545e-01
1.703935756028700510e-01
-7.477529096592945290e-01
-4.618767931624061518e-01
1.009456048784651561e-01
8.170793984804640697e-01
-7.617405270615256185e-01
-3.576399241891554670e-01
1.375471521277158438e-01
2.785857957806878726e-01
7.885762248916861061e-01
6.183125996438862959e-01
-5.102020025766140776e-01
2.333502647978571432e-01
-7.786520518753972109e-01
-5.889755023996545713e-01
6.788484200348521291e-01
5.889328715703356920e-01
9.269119579381162044e-01
6.789192831696417851e-01
2.529056513248206794e-01
7.690026687962547847e-01
1.086985743394168757e-01
-6.396325546350951630e-01
-3.037543393349821930e-01
9.283556586804400101e-01
-4.951643906999281253e-01
-8.542670479691871765e-01
-8.275989546734667801e-01
5.311454174551633045e-02
-4.525475274613863785e-01
3.849216781555124811e-01
4.856306574677777821e-01
5.961280158460002809e-02
3.577901611595279974e-02
-2.546575855071260275e-01
6.544350829845575479e-01
-2.079896306360968783e-01
-2.944126499914985207e-01
1.205561627606290820e-01
9.903233835608555857e-01
-9.449775426760389507e-01
-2.002168062545011118e-01
6.686615569935401293e-01
-4.221975596610452186e-01
6.558505539126757711e-01
2.366911718519961738e-01
1.290602880343758585e-01
-1.508727664760967091e-01
-3.520598876134235500e-01
-2.446540032616753013e-01
4.407123329362823139e-01
-5.240454860107517376e-01
7.411231722179283388e-01
7.832817596021075524e-01
-9.846057358684829897e-01
9.683051819483476930e-01
5.108673242067565123e-01
8.996364213658056830e-01
-7.953222628444001074e-01
