
0 70.835818 19.93579 23.579526
1 70.835818 38.479528 23.166125
2 70.835818 49.704013 22.279698
3 70.835818 54.05237 23.78029
4 70.835818 56.089744 23.212898
5 75.878621 57.162545 24.484033
6 75.878621 58.765141 23.523835
7 75.909003 60.956006 22.429081
8 75.909003 64.97537 17.128713
9 75.909003 60.359383 23.407458
10 75.909003 64.003294 18.958741
11 75.909003 66.382615 18.230151
12 78.502823 70.108869 12.570625
13 79.678847 70.79121 11.258361
14 79.060088 70.743996 11.019945
15 85.251378 71.366908 8.0858
16 85.251378 69.53025 14.802209
17 85.251378 71.958794 11.816765
18 85.334613 73.024083 13.421008
19 85.334613 75.525294 15.000235