6.169134939676730323e-01
-6.914491288409425618e-01
5.435497782206781814e-01
8.622299598968554690e-01
1.185968005833064609e-01
7.423488343678985579e-01
-8.420476440860655831e-01
-4.972270899888271423e-01
5.382198976954251091e-01
7.917659852022993494e-01
1.626493456164610496e-01
-2.853956170514544421e-01
-4.085627713100052905e-01
9.422385357669349482e-02
7.609913679471451697e-01
-5.464820196311237499e-01
-4.955989062747603313e-01
-4.588939712574582330e-01
7.877416736483890958e-01
-7.585262650794817318e-01
-1.404010606993357779e-01
-9.413595006019979117e-01
-4.727196615008015801e-01
1.224380455714377813e-01
-6.802831968495006709e-01
-2.086387303081880251e-01
-2.859445178125108455e-02
-8.050503004279039310e-01
2.422443563217770990e-01
2.467241740142029904e-01
-3.336317835541078303e-01
-7.081020464500498157e-02
-5.051069484706331991e-01
5.799416892635234078e-02
-1.640322900461397282e-01
9.438346748188977120e-01
-4.276345311736466925e-01
-3.625706601060985079e-03
3.278051266318404711e-01
9.094618494482176185e-01
-6.818232688813572473e-01
-9.922990377693949871e-01
5.292266429711285358e-01
3.397565894271485920e-01
1.040083831674418757e-01
9.040017145548515654e-01
3.202349848568981638e-01
-1.075009884838380447e-01
2.103169680534833219e-01
-9.959177388936342190e-01
7.506444010853867699e-01
6.380095948531003813e-01
7.343338107900336809e-01
7.346422738819207154e-01
-3.914145682163165940e-01
-6.948586490750785494e-02
2.077546680294861670e-01
3.850957226861821958e-01
-5.572752379737733186e-02
-6.375101516683865377e-01
-5.709390510545082620e-01
-7.656170443932590608e-01
-1.907609984654186075e-01
-5.436416136066004601e-01
-9.396483990846153933e-01
2.598541773985749703e-01
-3.004671408494754559e-01
4.709924907730964616e-01
7.971574365384137550e-01
-2.064146204533419127e-01
-5.205039180967763190e-01
4.762126455145370141e-01
-2.198490696314334691e-01
-3.505531025486368080e-01
-8.283083286274122159e-01
-7.151149454621248402e-01
5.727624573730840662e-01
-6.773908241747168546e-01
-6.628811514773464975e-01
-9.514168008087220407e-01
-7.485817058138628521e-01
2.818665922258523082e-01
8.563766840394060331e-01
5.945469163111873900e-01
4.407971954493627997e-01
-7.084232250160560351e-01
2.334925495467727874e-01
2.326668397503779406e-01
2.137970074375268315e-01
-1.707880412496771694e-01
1.855143396336533801e-01
-9.771388758509618189e-01
-2.338645781227899345e-01
-3.062979014726163740e-01
-7.835677815446366878e-01
5.239402229196277183e-01
8.139399776241402762e-01
5.857725983631174582e-01
8.136706196990350914e-01
6.705599200714098540e-01
-5.188909293329999617e-01
1.822083693516398650e-01
-1.109186552037406681e-01
8.228947715779459937e-01
-3.448189790829849777e-01
-1.573344834195018471e-01
-2.630341905969377780e-01
-2.688826892948543712e-01
5.674813020461941804e-01
-7.192422439111554322e-01
-3.084387285314418303e-01
-7.483585013705793543e-01
8.143224051438553435e-01
-8.184199621051475582e-01
-3.027873735180457437e-01
9.936488474166456086e-01
7.995985938062035725e-01
-1.062676979093288843e-01
-5.707483881008230675e-01
4.179266758273083582e-01
-4.932270633311801600e-01
-5.909635761013323219e-01
-1.013481201358512607e-02
1.549876605029190113e-01
-5.175957894480220922e-01
2.311142804296979492e-01
-1.005227843204847815e-01
8.919214455339805614e-01
8.209868813582428260e-01
7.215811960312321638e-01
-6.635973397868886181e-01
-7.920498967258373657e-01
7.903980988875367597e-01
1.115257268177625161e-01
-3.831771112902346843e-01
4.498952397783844148e-01
1.250659726511831327e-01
-5.790537335154730680e-01
7.409303995039135948e-01
-5.211833613620422412e-01
8.432111411192433348e-01
-5.872524197843842497e-01
1.196450774407293860e-01
2.806124219299124256e-01
-4.717252721907438939e-02
9.085346394177424845e-01
-7.374097146473690412e-01
-9.058769446967318562e-01
3.906901437494751939e-01
3.351137672076383023e-01
8.737953737376811247e-01
6.935097933320979458e-01
-3.658263569398114701e-01
-2.785210157773763129e-01
2.544606971224736558e-01
-5.961579919066957167e-01
8.924549857380374984e-01
2.078208222657627058e-01
-4.878002881719181172e-01
-4.881870827932646151e-01
-6.653834112972920600e-01
-4.481480559564146038e-01
2.710978523141327479e-01
-8.351461950078264973e-01
5.502851962538271025e-01
-5.739212928982586615e-01
5.794165622588285380e-01
-5.140267881209430456e-01
-6.407590843673112158e-01
-8.977958718028757890e-01
8.230740471210526987e-01
-4.654403601547605351e-01
7.941876844505928457e-01
8.629962259404155844e-03
-5.910082895206796305e-01
6.492276258012388279e-01
1.417641601533017326e-01
4.531206999084906872e-01
4.071731956497057769e-01
2.881168771370894444e-01
-6.730094985663603868e-01
-7.565838555434309942e-01
-7.757297767981619074e-02
-8.563807855209388809e-01
3.457283442672709484e-03
8.562893157792523802e-01
1.611770417968496627e-01
6.401201103137441617e-01
-1.080919154370418855e-01
3.744928478113365156e-01
-3.346025004809138892e-01
6.073439218551772711e-01
2.866107964008901554e-02
-4.413921725775367122e-01
5.050831788590550708e-01
-2.664680934032885862e-01
-7.269869504546646599e-01
9.562251455646153531e-01
9.597466402410106401e-01
-7.247168577088447528e-02
3.033342580934081933e-01
-3.845557756081012801e-01
2.710091801796672417e-01
6.463420782988615887e-01
7.200921598697802573e-01
5.041010991592336232e-01
8.651208402612011739e-01
-3.143272629034028487e-01
6.401423487539090740e-01
9.013286812741978515e-01
-2.522543356304811635e-01
4.087583553504190448e-01
-3.573205981442182377e-01
9.941359937430676030e-01
-3.360781724546635374e-01
6.664522283834803940e-01
9.255152248488398570e-01
-7.074140133295798716e-01
8.020798487039049185e-02
-9.837652623856163459e-02
4.571989884287674943e-01
1.511754783851029238e-01
-7.543065481455446530e-03
-9.738678560871627532e-01
-6.844634024202311817e-01
-7.260079550760225597e-01
-2.632184375614410321e-02
8.894432425412921450e-01
9.322748731473966544e-01
-6.223390096119802983e-01
4.736158460029127326e-02
4.238630889415766489e-01
-9.099741684624964577e-01
-5.935480302618330040e-01
1.701803954150373777e-01
7.653299566003775034e-01
-1.032116430365559445e-01
-1.275585583304434945e-01
-8.704747174139426669e-01
-1.288597560057773705e-01
-3.054685055027226426e-01
-6.070917371326973733e-01
8.865678324029135915e-01
-8.249705140147483018e-01
6.885028571499702821e-01
-6.199959659101770271e-01
5.423214191554026620e-01
7.127043314592624856e-01
6.262291198538454395e-01
8.283585307842151746e-01
-5.459186123836634597e-01
-7.777567819370696522e-01
-8.727919704997149086e-01
-5.625359533559854963e-01
3.137959300468267099e-01
3.372980981688011859e-02
-6.385801066091199019e-01
9.302603331671295273e-01
-6.772752661261365326e-01
2.256902062907208961e-01
-8.923755489370324145e-01
-3.350413500731939109e-01
7.382374962480344749e-01
1.494244534581541384e-01
-7.927075260938885037e-01
