
0 91.886571 29.888101 38.399392
1 91.886571 61.306193 33.655679
2 91.930119 70.972497 27.787299
3 91.933573 81.773049 18.4085
4 92.643172 82.954439 20.985552
5 92.643172 85.017863 20.278224
6 92.643172 82.350525 25.229296
7 92.168788 87.315112 17.041906
8 92.168788 87.681837 15.249741
9 92.168788 86.67734 17.463149
10 92.336168 88.787946 14.35417
11 92.932142 87.99202 15.255645
12 92.966278 82.23978 27.323796
13 93.542505 87.68664 18.535701
14 93.542505 88.22149 15.470462
15 93.542505 86.538736 19.102111
16 93.542505 89.999909 13.210196
17 93.542505 91.156817 8.973179
18 93.542505 91.436945 7.279539
19 93.542505 91.869264 6.876232
20 93.542505 89.796878 14.529613
21 93.542505 90.49507 9.560901
22 93.542505 89.870259 13.576186
23 93.542505 90.979511 13.302139
24 93.542505 87.866337 19.063449