1.412234902563698213e-01
6.494720923540762136e-01
-9.285073079659207362e-01
4.512596532448995834e-01
2.002550812240619926e-01
-9.132162007623390032e-01
5.250485745121835635e-01
5.103882880840107106e-01
4.608531310242982570e-01
-6.096883122050307247e-01
-5.224368846292364310e-01
-2.147660587146382749e-01
3.909621550812627522e-01
5.501113354869364702e-01
-2.067655070385139293e-01
7.434741480995352703e-01
-7.468828372913294267e-02
-9.098072674953068262e-01
6.098044664830435391e-01
9.478802202669662780e-01
-7.559514495055752459e-01
-1.090174937634964536e-01
9.834079944384344074e-01
-2.221486198145536939e-01
5.484348346679051023e-01
-4.544077900865750586e-02
-5.234898937389942386e-01
2.159387840751343379e-01
-7.915560039566302830e-01
3.583898483188230344e-02
-5.337850964771724271e-01
5.171603228316721257e-01
-1.578134106305850715e-01
3.829662426118205509e-01
4.888821640971972027e-01
-5.306519495321175839e-01
-6.900858734509687231e-01
1.437284945438026540e-01
8.704004921486596658e-02
-1.816139682714026371e-01
-1.665778948404401660e-01
5.233503741152834010e-01
-7.725083100568819194e-01
-4.207976338932060134e-01
5.836024290432229034e-01
-5.375852838490080554e-01
7.689790802136808878e-02
2.429933023785357804e-03
1.801149870603995229e-01
7.722171588013937438e-01
-1.234422195022615298e-01
-4.339538274167613618e-01
-9.139794586236038576e-02
-3.250930648488026264e-02
7.605625179939952130e-01
7.477361922323644272e-02
-7.741434805834530586e-01
4.160687500236990299e-01
4.688236975151520713e-01
-8.071734142587887462e-01
-6.323960023785382134e-01
6.962085104538413560e-01
-6.517281564908175007e-01
8.062372760502456437e-01
-6.443215015135745904e-01
5.404207808182779349e-01
5.931208133532044346e-01
-1.663643772906997498e-01
5.544274874951062859e-01
-7.817798328660441332e-01
-9.054628013654542062e-01
-2.175297068476300666e-03
2.430950600333927625e-01
6.252571545247209706e-01
-3.605929135542451647e-02
-2.754897065057426708e-01
4.924725623978774003e-01
-3.762239093955044300e-01
-2.908641708588377561e-02
1.026140334071763416e-01
-6.938672931874105831e-01
8.906710580580725622e-01
-5.714985980146125577e-01
-2.595765999533494739e-01
-6.432524907619256993e-01
4.768542016908243752e-01
7.674316352829797516e-01
2.891110684175388634e-01
4.656946942448856319e-01
1.011509183257777167e-01
-1.302639062464845399e-01
-1.537931941800518842e-01
6.048822389000114708e-01
8.848047000376728644e-01
-7.044460712717337536e-01
-9.223391100953379773e-01
9.467390875952070850e-01
-7.614556057908883346e-02
-5.818403978042008262e-02
-5.690525175731848684e-01
-8.601038784677297322e-01
7.149923459929818925e-02
4.012790926785156920e-01
3.896392068351797189e-01
-5.725268036325084076e-01
2.978175972987335829e-01
-9.751432929287751072e-01
9.106616317922360260e-01
-3.192065932510699255e-01
9.997054033482224433e-01
3.718463072250914880e-01
-1.817958038359990258e-01
-9.391305749933200886e-01
-1.182327830177352102e-01
3.507186876789134544e-01
9.248330148390060401e-02
2.338978567642218120e-01
6.142076796075579548e-01
-2.621369169131511079e-01
6.720627988442742229e-01
-1.457969229793780741e-01
8.998278284645957470e-01
8.599409321360345082e-01
-6.622309713214440396e-01
5.050507663399852465e-01
-7.035153334037445028e-01
7.463788840344736109e-01
2.682549696817519980e-01
-4.615646411183105258e-02
-1.840413835173029256e-01
-9.240629543863292383e-01
-8.621830929544223032e-01
-3.943229204050409109e-01
-4.942079724651402550e-01
8.386657486310029608e-01
7.117472598913030524e-01
-2.257474053399732838e-02
-9.871131761874307742e-02
9.017717558069160422e-01
3.749630423782224220e-01
2.977368952589440898e-01
4.196515346739877472e-01
1.122928727660428283e-01
8.908710261440415668e-01
-7.300776011262484211e-01
5.547069296800175575e-01
-1.033721931083240175e-01
5.859607239305157922e-01
3.249465227476293627e-01
-8.694513552090652464e-01
8.252066669027602330e-02
-2.814799684866369223e-01
-7.593498165645307107e-01
3.116915826421708946e-01
8.981092153261622801e-01
-4.334408816277519616e-01
2.490599223722633759e-01
8.141878655827108346e-01
9.057644238921278568e-01
8.146203854467883865e-01
3.629611489370592192e-01
6.101872870898918944e-01
-6.624629240673560737e-01
-7.574306643520525295e-01
-1.957931417433251831e-01
9.738402206962106789e-01
-1.152951895343345967e-01
6.547889257610384206e-01
3.492866340782945223e-01
-5.623096461227388154e-01
-8.648539732936846303e-01
-7.867700517864122389e-01
3.652354561739690197e-01
6.442585744022655270e-02
-2.866217598988396453e-01
-6.733679854233018958e-01
4.445902062858353432e-01
8.009826635940808792e-01
2.788370383128795371e-01
-9.426590051094645428e-01
-4.841535576609907743e-01
-7.908165598829861587e-01
-8.832907321702954118e-01
-4.493970343802715650e-01
-7.886250942282104770e-01
-5.554240678768245232e-01
-4.184916277863808265e-01
7.443820779211907102e-01
4.961284711034441575e-01
-8.526202990534337278e-01
-6.987170293673099497e-01
5.588719221585056740e-01
2.111147979749692372e-01
-4.192702425685370660e-01
-2.971728275124441154e-01
-2.754835065043139686e-01
-2.565734015154443881e-01
9.901477004174787933e-01
-4.016794441785094261e-01
-2.112250897497243152e-01
1.730126209761844169e-01
2.187799529501752716e-01
-8.129306600051913190e-01
4.185324509580652386e-01
6.890812876761596151e-01
3.434688101572731522e-01
-2.939688227727164094e-01
8.469945658944388889e-01
8.953309813808898454e-01
-8.829469566643384226e-01
9.848837651988524566e-01
-9.882697146949199762e-01
4.031024147187936002e-01
8.972364157060890300e-01
-1.042218281107010203e-01
-1.728204110530295878e-01
-8.756585308447255578e-01
8.687761534772677763e-01
-4.843246402628287317e-01
-6.892014557499186456e-01
-8.082649395724155195e-01
2.280482897947684329e-01
9.663546682613877170e-01
6.874067745995260381e-02
-3.324678304786221616e-03
1.993690269153849393e-01
-7.207727992098189596e-01
1.278397087398164267e-02
-6.828591446401024445e-01
-9.922091831357704450e-01
-4.899193532946324314e-01
1.456868421148902470e-01
2.979914226881934525e-01
-1.971329612071681670e-01
-9.208002044425835919e-01
-4.101287989449533544e-01
-1.994922343813154697e-01
-8.018711268047566953e-01
-4.390830167580370702e-01
-2.403710967434029566e-01
5.152779378640792718e-01
-3.827632634421391788e-01
-4.417317189729146332e-01
-2.470718583190067985e-01
-4.649370325995074715e-01
-8.588131588745890888e-01
9.646422046641922599e-02
-6.878078140527554840e-01
8.411393431365983275e-01
-8.120034742904991276e-01
3.351101959163114152e-01
-9.391877635809591229e-01
6.496239862881700855e-01
-8.194204825108419854e-01
9.029794258335970270e-01
-2.109863061198624656e-02
-4.538328663587056777e-01
5.396374690443366262e-01
3.289444393017091350e-01
-1.280047969209983094e-01
3.915442657158729745e-01
-2.541210810028227129e-03
-5.516260394768830455e-01
-1.545375741004888503e-01
-3.171779199679609640e-01
