
0 82.929304 8.636482 16.081014
1 84.401598 18.375567 17.443017
2 84.08034 23.847331 18.529006
3 86.333109 35.747973 21.458678
4 86.404687 43.224137 26.434031
5 86.584687 55.456326 31.229454
6 86.584687 63.596919 31.292749
7 86.584687 69.317272 29.023588
8 86.584687 63.56951 31.968897
9 86.584687 71.538673 26.77298
10 86.584687 63.208603 29.515075
11 86.584687 68.647783 25.940287
12 86.584687 64.718168 31.136441
13 86.584687 62.658604 31.181796
14 86.584687 67.414357 28.295699
15 86.584687 63.550967 29.045773
16 86.584687 67.892378 25.445506
17 86.584687 64.525819 29.106352
18 86.584687 67.13397 26.219621
19 86.584687 72.90882 23.795218
20 86.584687 69.57072 25.785851
21 86.584687 64.47238 27.21267
22 86.584687 66.633429 25.871071
23 86.584687 66.73467 27.488468
24 86.584687 69.720865 26.790569