8.549146357396923968e-01
-6.770529945620800127e-01
9.253731072308237771e-01
7.215309039480064524e-01
2.754004295570711136e-02
-9.687649475961082057e-01
9.028285416156063281e-01
8.943190779624539122e-01
1.322375309125416454e-01
5.480589030052012145e-01
-8.460385905917422456e-01
-1.797259246604396843e-01
2.677565734866989011e-01
6.916742235871544686e-01
8.367235432866921840e-01
3.794451296124310424e-01
-5.008947464497375268e-01
4.381692433890882477e-01
2.283598175344403458e-02
-9.996258812331471066e-01
2.732096651046636016e-01
7.915317112724082893e-01
4.334093835285068863e-02
7.093135814853230858e-01
5.124013097017392493e-01
4.333725241402806017e-01
5.200624308896195647e-01
5.842823989061196599e-02
5.699223120904524098e-01
-4.453289262854533970e-01
7.496643661740076681e-01
2.622450459952996304e-01
3.485028329985491169e-01
-4.963655279628962358e-01
4.187766424299859125e-01
-5.245311827827592310e-02
1.487242671297075436e-01
2.529858287322181987e-01
3.945032672792319062e-01
5.773819911565143403e-01
9.085160674007077830e-01
-8.508279773723883554e-01
-4.306285327827716891e-01
-2.207082777365436677e-01
-1.987959221886241856e-01
3.018738614530236397e-01
2.815365101904419021e-01
-9.536838980106590036e-01
1.609981271674649772e-01
-1.004157682184074751e-01
-9.149093231086953271e-01
9.077358609762806729e-01
2.292414281969050727e-01
-7.992138713119176785e-01
2.839033915616591131e-01
1.465070128600485244e-01
3.006522575208996351e-01
9.152786027674570946e-01
7.000457593570634796e-01
6.693092344968281093e-01
3.448464666396966471e-01
-5.257592869628435750e-02
-1.437958637848788523e-01
-9.071915895110023165e-01
-3.123989399857460825e-01
-3.666065511502307750e-01
1.270313702104461928e-01
-4.805544671078605390e-01
4.313635892528111526e-02
9.415183948879857212e-05
-1.346764862238949423e-01
-6.930157778202352681e-01
-4.866263616334856046e-01
-5.412528522447683788e-01
8.611325296450940137e-01
-3.462954407888931829e-01
7.681924039804217674e-01
-1.654133612718322599e-01
-7.519008888118141609e-01
1.735359549263157941e-01
6.366387939795006279e-01
4.179094512605852074e-01
-8.808585369537857979e-01
-4.173414360998004558e-01
-1.373341515945400992e-01
5.875184543562064210e-01
-1.166257604040858986e-01
-3.717846110392772907e-01
8.679439448743739849e-01
-2.660871029539657595e-01
1.452131953255346719e-01
-1.093013062658829693e-01
-6.766985468695119188e-01
-3.934838727188316732e-01
8.331112583098221336e-01
-7.374038487141822973e-01
-7.067250719180397933e-01
3.635099854492334082e-01
5.321358712901995691e-01
-6.392296323629076404e-01
-3.061544228359529551e-01
7.479224092486445041e-01
4.799711943674023207e-01
-7.935920598847521212e-01
-5.554314164198630444e-01
-5.980829481125695679e-01
-1.293216651867004074e-01
6.346758776610270658e-01
7.619046388989154650e-01
1.777806690488936692e-01
1.416697884836251031e-01
3.807665713727814705e-03
-5.449016043426742062e-01
-4.492286412698580644e-01
-8.350705228359418530e-01
6.552232137388682709e-01
2.701361834611688550e-01
-8.984631660663056074e-01
8.054130030707575827e-01
9.632075624236540179e-01
-5.925214166601173726e-01
-3.082528891811175953e-01
-1.078033123182373654e-01
-8.525165896522923781e-01
2.179687506777798767e-01
2.974721761598797531e-01
-6.848315987719089115e-02
-5.127166150343889228e-01
-9.811893700819891428e-01
3.342641941749047163e-02
-5.248700439484796920e-01
-6.899726133476706824e-01
9.507823912090507257e-01
3.127331638545829406e-01
-1.449577648192443835e-01
