6.303848586378275609e-01
-8.923048631995982305e-01
-8.739928281821822686e-01
-2.813604709645491919e-01
-4.750635727868239844e-01
-5.943949236105809941e-01
-4.445435800347667943e-01
-1.526566426615239003e-01
-4.609089850853149706e-01
1.701500419450170387e-01
-2.813955653663897660e-01
1.934432563934838090e-01
6.674675856506799843e-01
8.713834782023979209e-01
-4.697862223393500791e-02
-9.029499324125467297e-02
-6.965550759060139541e-01
-5.650979047729172144e-01
-5.148142289738868449e-01
2.619126359339698507e-01
4.784950442372546409e-01
9.710153233316893839e-01
-3.903890811982013709e-02
-4.281973756501793460e-01
-7.114021386940068137e-01
-4.896217207414919059e-01
-7.578998557246887646e-01
8.431936154891259694e-01
1.236041459987717861e-01
8.238017478735542021e-01
-6.221263386740258916e-01
-2.903315605383911535e-01
1.650799799963629244e-01
4.018154370330144776e-01
-1.654060898646014799e-01
1.310456117169418455e-01
-9.720533214171882541e-01
-9.539847705636139708e-01
5.822917418815760637e-01
4.086888089020794812e-01
4.266806923959802766e-01
4.595411935057711617e-01
-8.951086021563217088e-01
1.776805861752179805e-01
-6.995695830449430996e-01
-1.396728071603992039e-01
-2.348121605520230304e-01
-8.626323201342691593e-01
-6.443075993841611560e-01
2.529839581038961782e-02
-1.005218512822190213e-01
-5.355026439566967777e-01
2.496877886545318947e-01
8.836404734022378360e-01
-4.140548706390796418e-01
-2.097978525128127991e-01
-9.684519019787267702e-01
-8.438223513033362710e-01
4.375330354364777019e-01
-2.029227055650455469e-01
8.578091078367335864e-01
4.125119835354846831e-01
-7.315527029174637708e-01
8.802543368684712100e-02
1.861566838008670288e-01
8.108817445370353205e-02
1.416599147845098994e-01
-6.040725913862323715e-01
-9.866300268779923943e-01
-6.462251100797176129e-01
9.900365155828971808e-02
2.026837674838932735e-02
1.409678552510678085e-01
7.675726407903482595e-03
-7.182546593637935128e-01
-8.872472187904902885e-01
9.262683150589956504e-01
-6.942844003704797817e-01
2.911822702693307452e-01
7.408087157225911046e-01
-9.954234252811746675e-01
2.202762420858612735e-01
2.907997117448690716e-02
4.859076500836223556e-01
7.005995991581626114e-02
-4.771391911777140837e-01
8.886583880131755375e-01
-7.917363536731560902e-01
8.873741688880243395e-02
-7.174779236809527561e-01
8.533476328896631991e-01
-2.101130695960180539e-01
8.843087678818961628e-02
6.596177868465660232e-01
8.721338635742972301e-01
-1.206662277301440156e-01
9.627954078194893572e-01
-6.964607808677445444e-01
9.462947280086966284e-01
-6.617782227171293830e-01
-8.132217565676909121e-01
7.605823345440054783e-01
8.583136347966371371e-01
2.797485970936388622e-01
-4.371648824454865689e-02
-1.641606346121757820e-01
7.093015909053748125e-01
4.363028892693077143e-01
7.004368761822807876e-01
-3.872270264330361922e-01
-2.850872480614492499e-01
-6.125961796722811936e-01
2.679850997310020411e-01
4.618885696364314342e-01
-4.129742492038179780e-01
-4.869843670769811173e-01
-2.440823274344823268e-01
5.325097831412608507e-01
-2.522424180377780267e-02
-6.112443737602959448e-01
-4.728052089632204247e-01
-7.276485969195460868e-01
-7.247047166310947031e-01
5.142640622968828179e-01
-6.662214972630384757e-01
-3.742508563695374768e-01
-7.741473287539215598e-01
3.077892057734874509e-01
1.650837085243452851e-01
7.977580932246928214e-01
-6.679820995515142190e-01
2.719737821620091811e-01
-8.994754604809918064e-03
5.997851649110359507e-01
3.144018133243309254e-01
