-3.598373092418576391e-01
4.081107542040343095e-01
7.590340366309344944e-01
-1.765009118002291988e-01
2.173434886554401757e-01
5.958683513826708023e-01
6.847922755357545022e-01
-2.420578683910317164e-01
5.081052852775442830e-01
2.448743330525360307e-04
-5.391357728387398129e-01
-9.227840714016997126e-01
-1.628796178691989116e-01
-5.857607699335098950e-01
-2.791990440701690446e-01
-6.011430702095443834e-02
-8.033428720122821609e-01
-8.594178988160166011e-01
8.985490981188297699e-01
2.739882190279232521e-01
2.161894495403671179e-02
7.651321253853076154e-01
2.689923574717012489e-01
6.119931161878540138e-01
1.641898449919627634e-01
-6.825608751101173155e-01
-8.289184723022340329e-01
-9.319760226918116786e-02
5.325086932349134550e-01
-5.787901255514891208e-01
4.638257857140715146e-02
-1.212011303722977384e-01
-1.562687195751077951e-02
7.670482237237408185e-02
-7.253574937290432345e-01
-7.505697040730252567e-02
4.007888762593627696e-01
-1.165034123029764501e-01
9.034286535707476418e-01
-9.949861564070032749e-01
-1.371641858542171910e-02
1.690347920603592069e-01
9.469409001267616866e-01
-5.225080925958958122e-01
-9.167363516216295860e-01
-5.802841637021489696e-01
-5.064600381765211878e-01
-2.862828366133480795e-01
-5.325088945034397447e-01
7.145752528267022008e-01
-3.367591332900696788e-01
-9.869699260925550721e-01
-1.978433329611997138e-01
7.639333748815764213e-01
-8.186574578655496648e-01
2.296367342887899454e-01
8.565775670353923399e-01
7.787370815760530363e-01
4.761237097780792737e-01
6.758904509624481527e-01
8.529172853935478305e-01
-4.852549513201398490e-01
-2.025878390170277044e-02
-6.919527768756610353e-01
8.001983578756133308e-01
1.289524982505387829e-01
1.650330829364277108e-03
-5.087196361559924718e-01
-8.464613141924368644e-01
-1.446629666953254123e-01
-8.132328973337801248e-01
1.590347518669610327e-01
2.115463174138718649e-01
6.740652155675432855e-01
8.329835625759769435e-01
8.769385942224368069e-01
-2.628044203810704360e-01
-4.867275173850342807e-01
2.278275901615909316e-01
4.099106354528436746e-01
8.955537931321366774e-01
-2.352784423715226225e-02
8.977244921373892517e-01
8.762227967703306586e-01
1.547917819673640949e-01
-3.515921452950041548e-01
-5.970517947321398733e-01
4.789810311695972267e-01
-1.909159724946551950e-01
-9.783619931059852615e-01
2.984693995865128624e-01
6.205162157630748077e-01
-8.930313543685373112e-01
-5.031761187095447063e-01
-5.321471033822167129e-02
-6.789666455708023296e-01
-5.327880213204478910e-01
-4.546710865201901708e-01
1.545040160746067315e-01
-1.130802004335598188e-01
4.276263205377728305e-01
1.723573137118372678e-02
2.884675113986268080e-01
-5.879736713879677446e-01
3.951964932225167093e-01
9.161586218276402960e-01
-5.455979902880714327e-01
3.430615936434189273e-01
-6.875647170271437236e-01
9.808653487122012127e-01
5.957484102906949186e-01
-1.154226987566575602e-02
8.535372278095998411e-02
1.533321944079424348e-02
2.320534861464473853e-01
5.973837442075806692e-01
8.829458652890285197e-01
-7.072590281554731462e-01
-5.652738321759465112e-01
5.791450066028340782e-01
-1.253522907062920577e-01
-9.964922510523279708e-01
-8.672506355648454957e-01
-8.576523823516482015e-01
5.199492820617208633e-01
2.072988834248077339e-01
-4.728379628595558160e-01
3.520659805251991070e-01
-6.410770337696445331e-01
-7.062336764564431935e-01
-5.700201722065638688e-01
9.993208582494503833e-01
-8.016480822452292099e-01
9.670286965994998596e-01
-6.680566211894169992e-01
8.921283802118762374e-02
-3.020677188636249344e-01
-1.421622430574587259e-01
-6.825735527574148254e-01
2.316431360541362228e-01
-7.429384070092526215e-01
-3.082626949377813563e-01
-2.757981515071645795e-01
4.056710450534686263e-01
-3.143045020055654781e-01
-2.662586231585588603e-01
-8.811298144595276494e-01
4.072015433678275453e-01
1.705871196634327625e-01
-6.873015188288817967e-01
1.925229523534834897e-01
-2.458386418383962102e-01
9.504710230615074362e-01
8.249833056080246863e-01
-1.376709143469294627e-01
5.017033171204003938e-01
3.286112451506200127e-01
-7.147450985511780708e-01
-9.868416086228148920e-01
2.046435420723202725e-02
3.263387915554285534e-01
4.704555653601687482e-01
3.012236814058044665e-01
-8.925901383714069937e-01
-7.410887938083923210e-01
-4.434500406659300786e-01
-8.610700408512461657e-02
4.509097031855091586e-04
-6.027304082782216632e-01
3.200288929456620579e-01
-2.463674160349313969e-01
5.099859247757754233e-01
5.438144472106716254e-01
-9.088867503566711026e-01
-6.776849228995518448e-01
-9.427245171529101686e-01
-2.954231737914367883e-01
-3.040214440001935969e-01
9.707674787829456697e-02
1.409652450192340201e-01
5.476842579250953413e-01
7.524221290991364164e-01
8.608962156356609885e-01
-8.734859277349036333e-01
-8.994041718918928119e-01
-9.753186939890698959e-01
-8.161297625779559972e-01
3.472837427624573259e-01
7.472703626971120006e-01
1.984907338546901823e-01
-5.850747917887382243e-01
-5.511330125684996695e-01
5.006254971293861988e-01
-8.426925669209910374e-01
-7.854675818148784128e-01
1.592035816154302452e-03
9.762210199967853441e-01
-2.006892493009375666e-01
-3.708642890066635722e-01
9.762910796768211608e-01
6.486857972265769323e-01
8.194463569131960057e-02
-5.627017409737877784e-01
2.770670767152645375e-01
-2.759944922475949802e-01
-5.248562319902672080e-02
-3.270932416683347554e-01
-2.351246649851412851e-01
-3.473011767050306897e-01
-8.954275849033557222e-01
-9.786676005553398561e-01
-4.779694028446956899e-01
7.206992511991228145e-01
-2.750308272204129434e-01
-3.797954611841192207e-01
2.737732610672316547e-02
-1.174984851945597431e-01
8.568427218524985456e-01
5.374623260268593938e-01
3.477721975365464235e-01
-5.183186195435254273e-01
5.770546702359871105e-01
9.432564502305713638e-01
9.615290299377929895e-01
9.287991878758654618e-01
4.674792707587305252e-01
7.511918646816126977e-01
-7.529553613664021761e-01
-1.851246977638669744e-01
-5.384880925849535593e-01
4.548126784784523036e-01
-5.073212893399388079e-01
-1.347005908679232977e-01
7.891697173238416685e-01
-9.274592345243399816e-01
2.365487898318092697e-01
-1.395114700675599284e-01
6.430389237279743320e-02
-7.668677810230819514e-01
4.747942762857570997e-02
-1.687908071093322526e-01
6.068012598577139372e-01
-3.805577080282251945e-01
-4.929327863396313347e-01
6.574352229030520078e-01
9.393039818531461194e-01
-9.258929609710606634e-01
2.054084502921100785e-01
9.482242507078457727e-01
8.562759570228823947e-01
-4.431858234232497473e-01
-4.598534433895029583e-01
2.536652470651707958e-01
6.438154093777570530e-02
9.797775129326817822e-01
-7.642235042522593780e-01
-1.288834383673100881e-01
4.462905653865334443e-01
-7.344777678947453925e-01
1.423144135424800893e-01
2.677796068757321013e-01
-6.469316488136316323e-01
1.649008235264808331e-01
-6.383383589894227050e-01
-4.586153663325560625e-01
