4.267162747594768213e-01
8.603149353360453055e-01
7.276349469524419078e-01
-7.265791424960406086e-01
-6.148511985847642247e-01
-2.630461217590425171e-01
-8.376123823572692029e-01
4.035545374723903400e-01
9.097977218883745998e-02
5.857932046620015765e-01
-5.534651122178813054e-02
6.536058519174356984e-01
-2.346919694182614258e-01
6.428986078429157480e-01
1.093665934948235829e-01
7.757154793093818945e-01
8.259701606872458246e-01
3.994400959892367986e-01
-6.552812601524529157e-01
5.336127812504143364e-01
2.971114143382367345e-01
-5.699632703029469116e-01
-6.556508589966132394e-01
4.904995079799734370e-02
9.174841600371916872e-01
9.036378166036842519e-01
-2.986677313245378329e-01
-1.877955208892767569e-01
4.595574240641651098e-01
-5.263023316908366223e-01
8.812080836170270715e-01
-4.366846824210219857e-01
7.017464773204986628e-01
3.006923126602618623e-01
1.999025472764366373e-01
3.943163433971856868e-01
-2.903895875923381276e-01
-5.972423879908648203e-01
-1.336075853921834256e-01
4.726716918043860627e-01
9.366112228143856910e-01
8.745860578701880605e-01
-7.347092390845186838e-01
5.412330252684758314e-01
-5.138413512245016967e-01
9.871770439743328129e-01
6.171271834023284164e-01
7.234670817894022221e-01
-6.210587306429107279e-01
2.839043281649413775e-01
-2.480359407720800213e-01
6.991347091200208475e-01
-4.348828506196189547e-01
-7.716694036682942848e-01
-3.727398758381785804e-01
3.034099412831223752e-01
-7.171265744932948660e-01
-6.062535777980984086e-01
2.521277292261629999e-01
-3.675733052935574730e-01
5.139799706460481676e-01
8.320527140486397855e-01
3.702926820437395516e-01
-2.493734683391120033e-01
-4.065626033346869672e-01
4.578912925721976279e-01
9.947434640950931772e-01
6.468301894397709972e-01
3.604368443446821502e-01
6.786090676018969869e-01
3.210062504808586237e-01
3.607163988106338870e-01
-7.818438295865544063e-01
-2.586349481578222864e-01
3.263392675189020764e-01
1.983981205362792544e-01
-2.919320775208211760e-01
-6.494381447379682371e-03
-9.701868427586735066e-02
8.206260456891765198e-01
7.508528345588281194e-01
5.950434343440287321e-01
-6.278921223888047631e-01
-2.524150671537273016e-01
5.287421622854981962e-02
5.724482586292940489e-01
-5.992549452631739104e-01
2.636008281006376741e-01
-6.183459920936640319e-01
6.473028733153585179e-02
9.657322438260247388e-01
-5.876196009289254008e-01
1.054815414815140073e-01
-7.302744596166705904e-01
-6.426429670834503671e-01
-4.935931600826242160e-01
-9.530204552376457805e-01
8.119890321571852088e-01
7.551115593528807679e-01
-5.836004884959844485e-01
-6.053447818330179864e-01
-9.003925650848931816e-01
3.254767497047381664e-01
-4.369829389798678410e-01
1.610488962917782096e-01
8.274058572469902284e-01
-5.123622780778662733e-01
6.448337325619561966e-01
8.281111874773712245e-01
-1.656735493296930262e-01
3.623464153707809388e-01
1.927326345697100152e-01
7.942917118015888622e-01
6.935600405325617057e-01
8.884088694466243386e-01
4.277114245010600335e-01
-4.957793768422491532e-01
5.014975386565174720e-01
6.344381147769251328e-01
-5.005595092509449451e-01
9.123994217422100039e-01
9.952655657941771317e-01
-7.598751658662403763e-01
-9.532478847862952964e-01
-9.247165712196370180e-01
-5.906707052175446115e-01
-6.493873314998046542e-01
8.842698999230882428e-01
2.585534602844159480e-01
7.331493051211861456e-01
5.190767596394005867e-01
-7.122195871239878073e-02
-9.357279217922176429e-02
-6.790138017654536728e-01
-6.764129002826770876e-01
8.496833177285700867e-01
5.310447923492027655e-01
-9.068379061930120777e-02
2.593308198095418682e-01
-3.901099217932715302e-01
-4.744595526179480327e-01
-3.573964215750338180e-01
-3.097491248607209258e-01
3.438116657285725797e-01
6.214957586553317981e-01
-6.433432976919679636e-01
8.754387098903873010e-01
-4.424566750513514446e-01
1.834815939140341801e-01
5.598266527769051315e-01
-1.628499916305607975e-01
-8.130229520993494940e-01
-3.200637998304476373e-01
-1.467564191065955370e-01
9.846954673027741300e-01
5.052541092010565116e-01
9.175435344157949480e-01
-6.840507424875557074e-01
-7.224966935986116834e-01
1.216768476630456508e-01
1.223240578610955698e-01
-8.802118896816768512e-01
1.881564920552938336e-01
-5.244376431440995745e-01
1.420878339136601998e-01
6.367596255698120267e-01
-2.114361107935747164e-01
-2.575461259033515748e-01
9.919644566007839170e-01
-6.871203426027299166e-01
-3.474094755065628704e-01
8.511557358174084431e-01
-6.668932605424002791e-01
-6.909912624194940456e-01
-8.620457852314282743e-01
1.567200909103827478e-01
-7.478679339046103713e-01
6.821847314570641529e-01
-1.827418868148913411e-01
6.235210827852055715e-03
-2.262160557389516491e-01
3.783045688750092950e-01
-9.997531943176038993e-01
-8.260624481077578629e-01
7.700308346372639612e-01
-8.364076541027283263e-01
5.987660397426965986e-01
-8.601733944902349993e-01
9.533745160710838107e-01
-9.454720111889680645e-02
8.559677531608211876e-01
9.525424892761757967e-02
-6.219799255920577252e-02
-7.635239386703260855e-01
-3.814212702111539066e-01
-3.240104469001685583e-01
5.515648956601770792e-01
-2.907127761277956690e-01
2.068737131604514445e-02
2.484585202348743582e-01
9.086211325852178167e-01
-7.665124465752262140e-01
-7.347893619953083100e-01
-5.945451819440357166e-01
9.480078045569588774e-01
-2.472937522321243531e-01
-1.283031238368070870e-01
-6.345144300104996749e-01
-2.287603771364632443e-01
-8.679531358910497207e-01
-1.240463174256678514e-02
3.097275829359662502e-01
-1.534476106326616573e-01
-6.892711409932041899e-01
-7.841178336753085176e-01
-5.364835402774836837e-01
-1.888261760647760301e-01
-8.761932341919089762e-01
9.075754308603107834e-01
-6.860167579914147051e-01
2.200666144723997242e-01
-3.664415732030630313e-01
-1.688086175709282433e-01
3.764058441599611449e-01
-8.787902144987407294e-01
2.460351931808804071e-01
-9.431771074818182665e-01
5.148640329619769140e-01
3.785459628839216162e-01
5.092321122441214598e-01
-5.952917016558378904e-02
-7.233673051284874589e-01
-5.166999677866732643e-01
-9.447016209695149325e-01
-3.477942321696803063e-02
-5.973569499010884520e-01
-5.913144620340518021e-01
1.928072317710767258e-01
1.698448030109429574e-01
9.361273452077987223e-01
3.368977727804154387e-01
5.326872344242705726e-01
9.443725595755325664e-02
2.588074681175662750e-01
-6.051460375084505294e-01
3.255517781033256952e-01
1.130903420569788764e-01
5.800908829879223294e-01
-1.969063377699999950e-01
9.792922317851977532e-01
-5.852846453645315083e-01
-6.554852967472306613e-01
-6.666799802962801724e-01
2.878333416728722227e-01
-4.330861750349428441e-01
5.927738519297176545e-01
8.016543658682082629e-01
-9.419439974166368135e-01
-4.383981955856866009e-01
4.996325632568452413e-01
1.893026853187973479e-02
-3.112276024029680954e-02
-1.810227613394579382e-01
-3.396601290336513923e-01
7.948110271522084158e-01
