
0 88.170846 22.658817 27.592672
1 88.170846 36.125003 24.610182
2 88.170846 49.433297 25.320444
3 88.170846 59.569288 19.336385
4 88.320846 59.726458 22.137359
5 88.320846 66.772175 21.776145
6 88.320846 64.411587 28.125986
7 88.320846 65.688971 28.316474
8 88.858262 70.601305 25.298611
9 88.858262 74.4736 22.34022
10 88.858262 75.582128 24.693609
11 89.01046 79.963378 16.88381
12 89.01046 74.201971 25.671247
13 89.01046 77.686393 19.438257
14 89.008262 79.700938 14.367433
15 89.008262 78.424116 19.91848
16 89.008262 80.057845 16.35557
17 89.008262 77.915984 23.366253
18 89.008262 79.064742 21.673179
19 89.008262 79.729826 20.385151