9.953054052281816722e-01
-6.730332232687525895e-01
-9.225114347127149061e-01
7.283492511773939082e-01
1.852970179656523997e-01
1.812799244081777505e+00
8.523153745854848973e-01
4.060663371178586667e-01
2.442243253282179172e-01
1.458172048079564020e-01
6.332842507884520744e-01
-9.001028885330777385e-01
-2.818277917034410218e-01
-4.193570617216212382e-01
5.664126542460847791e-01
-4.587229396147990967e-01
4.260858176336024261e-02
1.741635782993828374e-01
7.468536523395991056e-03
1.123102701023208638e+00
-3.584278389752492133e-01
7.778224780608159472e-01
3.432103759890912098e-01
-7.248177413564740323e-01
-4.846401212495431848e-02
-3.785865911932312922e-01
4.318880242673176495e-01
9.108043444294134927e-01
-5.439599711128954018e-01
-5.758654216117926605e-01
3.084549549718106354e-01
-6.693098953583508370e-01
-7.447034679814426017e-01
1.011539784051337376e+00
9.858450169143950781e-02
1.388418901161734276e+00
-1.347716794510867011e-01
-2.524896389113018280e-01
2.504119469823673505e+00
-1.027757350407598302e+00
1.253437520959830520e+00
2.353072171560068426e+00
-1.226538415045052677e+00
-5.075058065295903753e-02
1.139306823301850624e+00
8.148607760526706267e-03
2.982329047150587831e-02
1.937070602430357003e+00
-6.018746539087906910e-01
-5.554907288782240382e-01
9.869431927317089404e-01
8.871858739835869478e-01
-5.065556836545165309e-01
2.324712214259640586e+00
-3.899233302190669992e-01
4.453687985502030600e-01
-8.393431490723568533e-01
-4.742506053161858470e-01
-1.033495162704680670e+00
-3.633773122621287155e-01
5.462865990949292705e-01
1.008119095112037789e+00
-6.379332054865475277e-01
4.959059198573628757e-01
1.784566055739733370e+00
5.845375920855936380e-01
1.044231341065040786e+00
1.422543544692500550e-02
3.227684582987438988e-01
-1.002990934726414540e+00
9.311729423130354899e-02
-3.074578414059994103e-01
3.317523719251630476e-01
4.990659719800045746e-01
-2.087730276293190412e-01
-1.303953779611243480e+00
4.374040946084558623e-01
-7.315488682183973745e-01
4.927416123302142958e-01
-6.108180856096170341e-01
-1.002006937202616133e+00
-1.163589376748733195e-01
-4.019085397257775583e-01
3.351846609964300727e-01
-1.130886719022744069e+00
3.324303409792220831e-01
-1.656622833550092377e-01
2.742732590526883452e-01
-9.715100459127574695e-01
5.004746851434880295e-01
-3.161137121414792639e-01
-2.791856768033329494e-01
4.252996785536390933e-01
5.925170318728121277e-01
-5.636764479162310604e-01
-2.976721297150619616e-01
-1.914891947847116235e-02
3.661012334802683510e-01
-1.254598331646496479e-01
-8.902341603658087132e-01
-1.082415300685286352e+00
-1.883934557186867365e-01
5.584010995890628104e-01
-1.418454116605292192e+00
-1.255423518198875987e-01
1.604988346888624184e-01
2.948254205064390066e-01
-2.267362082388388878e-01
1.784985646267967796e-01
3.418745028963757759e-01
-1.843526260022272378e+00
-1.063227135243163257e+00
9.518968778347814963e-01
-2.749433319411763499e+00
-1.413732807453247808e+00
5.741634508661743741e-01
-3.935216794554751707e-01
8.107764059672771806e-01
4.259632489097176511e-01
2.404366236537096135e+00
-2.666017193598358981e-01
-1.600241305905439892e+00
1.076276900200806130e+00
3.899507651197967606e-01
-1.428420878506619363e-01
-9.944845809555598048e-01
-5.481539278346079236e-01
-9.283323281023840579e-02
4.595266272650710415e-01
4.623907443523282979e-01
-7.898772412989379932e-01
-3.687579257016267986e-01
4.761247881350284539e-01
-8.882217687248961102e-01
1.006363832325138707e+00
-3.468494758411458934e-01
-3.526671838696491257e-01
1.007797330974690375e+00
9.254590927587780236e-02
-1.110722870532810491e+00
-1.438687556895074382e-01
5.099786215626338215e-02
5.638097074574966588e-02
-7.749385879910607455e-01
7.634677833840802785e-02
-8.541962310468627084e-01
5.332211954530323705e-01
7.350392774380397343e-02
-2.163183555152070170e+00
-1.919640542037513997e-01
-3.950215992412318688e-01
-1.682980780869652582e-01
-2.334476167331762664e-01
-1.199171242934058190e+00
5.398439655191707987e-01
-1.236096612553506113e-01
-2.893156274363326563e-01
-8.469601046821081392e-01
-9.671656540018101766e-02
-3.263423980621436016e-01
5.477717871443464892e-01
-2.689573855345447351e-01
7.720006249688060596e-01
1.701299587425327609e+00
7.814766301686185690e-01
2.251530423161370587e-01
2.418361512989238848e-01
6.298503453833319554e-01
9.040073871189164834e-01
6.838627633750200552e-01
6.210715004774874926e-02
1.300880065992561008e+00
2.647080226873420039e-01
-2.353741067745639626e+00
1.671515966974079559e+00
-9.386575085930152218e-01
-4.722145570492001787e-01
5.983273004775906401e-01
-1.170452930882034670e-01
-4.764113371832878752e-01
-6.170051443492055032e-01
1.334580590348919682e-01
4.460263703338528396e-01
-8.188681799110471005e-01
-5.552219523447464722e-01
1.681647024042753236e+00
1.425099867392375652e-01
-2.092106565509095795e+00
-4.636576986969438985e-01
7.225287699627579163e-02
-5.279569642904115012e-01
-5.080959985571320559e-01
2.797747402197449107e-01
-4.914290323555499995e+00
-6.743224808584222241e-02
-4.317691292969472877e-02
-2.216225931995325360e-01
-2.360700069599957485e-01
-2.840606909274797642e-01
-9.774304101654193166e-01
-9.618545259265849356e-01
5.919831112739692980e-01
-2.409979079999176599e-01
-5.740830240948259222e-01
1.076189642583049166e-01
4.411586929410667990e-01
3.465385865449814862e+00
5.567224238826323779e-02
-2.655153536092159650e-01
9.818357668307855501e-01
1.348072545857192717e+00
-1.313789690083440265e+00
-3.650740978756217281e-02
9.456484322214481208e-01
-6.290504993808603285e-01
6.171546380008811061e-01
-3.680780004167248931e-01
5.394244918431354563e-01
4.802049659688321093e-01
1.856965949780725877e-01
-3.509695462272915956e-02
1.059882580807411101e-01
-7.516819182651571785e-01
5.647737787494928607e-01
1.033850208218580757e+00
-7.544561194080934285e-02
-9.638132942786550306e-01
-1.417242667385683497e+00
6.558293495225614445e-01
9.166956548615851075e-01
-6.621861674365598915e-01
-3.732072460166740296e-02
9.150649785823826710e-01
2.870056077739571720e-01
-4.218387227587766519e-01
-5.924743728571641999e-01
-6.782115497513758751e-01
3.277975244160831192e-01
-6.051527879849742941e-01
6.195502796613642227e-01
-1.327478188509251700e+00
2.335817902112871658e-02
1.036700107492908085e+00
-2.310814714531687908e-01
1.144698168048398745e+00
2.286521483364855056e-01
-1.016727500704703024e-01
-1.883834196690798990e-01
2.963982807118236140e-01
1.392571078566889220e+00
-9.744564785574337806e-01
4.366191557886100472e-01
4.847947783450777814e-01
2.386789296140980898e-01
-2.632539850504222456e-01
2.880995774483751104e-01
-9.717867313483478098e-01
7.692523537686156709e-01
2.027128359391958956e-01
-4.533402732614782438e-01
6.645148206823212611e-01
5.776612418872657528e-01
6.649884013795054338e-01
2.426031238811550139e+00
2.608466302175350027e+00
