5.441333816363911335e-01
-5.232889126259203660e-01
-2.523074495904428227e-01
4.763673558162037081e-01
1.885440373385106061e-01
-8.184677835276776836e-01
-2.414201109347366703e-01
9.010029653939364280e-01
6.721461446145879925e-01
-5.787158108512586718e-01
1.533601978007930466e-01
-1.166674795837660872e+00
-3.398191167619294371e-03
7.469029671476330456e-01
-9.326837964680256832e-01
-2.932271102459683143e-01
-5.970761711006876693e-01
-1.821181756361030191e+00
-6.610844529084394239e-01
-1.079265602013245451e-01
-5.308721101699186429e-01
2.006946706059968555e-01
-8.961177918579768531e-04
-2.408827981075845337e-01
-4.195867186313750885e-01
-1.041043506001758656e+00
3.514671796150507510e-01
1.411677509831508415e+00
5.604475056366848423e-02
-8.904884686398821803e-01
3.408729689232010696e-01
-1.346020749508979097e+00
-1.506890004595711208e+00
2.428654603281915070e-01
5.537170847007243379e-01
-8.160462342905432376e-01
2.272707768280054497e-01
-4.396245969960274058e-01
2.192286576337307280e-01
-4.150424899579955307e-01
1.413195253576071675e-01
1.060224936585339589e-01
-7.689836653707786684e-01
6.836935187593362606e-02
-2.790514636722962738e-01
-6.451757919018368259e-01
8.086701181394677640e-01
-2.795958537758331808e-01
-1.707517437197105137e+00
8.878338087943471457e-01
-3.829763945384113272e-02
9.491223899187060109e-01
-3.271169681671489138e-01
1.488534837354295037e-01
3.620139197534390507e-01
-8.573893067034445981e-01
2.124317657208859289e-01
-2.518377147007775929e-01
-6.312846934114852981e-01
-9.592623285966785929e-01
-5.233006372875171897e-01
3.065686879858133262e-01
-1.292667743280769277e-01
9.015286279030714223e-01
-1.584391982334612647e+00
1.371371368744099539e-01
9.293296058703116869e-02
-3.885031563352554507e-01
1.742601766837443278e-01
-1.901679683369925211e+00
2.196467771930851187e-01
-5.358176294943081119e-01
4.620022405165871704e-01
-3.228141423953720945e-01
-9.440054327843747095e-02
7.096147123086742337e-01
1.220295208995726188e+00
1.127774138376292479e+00
2.901238775271489656e-01
-1.923673195576717510e-01
4.379922838612415603e-01
-6.123383748998609821e-01
9.523452965261715031e-01
-5.714642743831008787e-01
-3.266396266841050111e-01
1.063816841496664445e+00
-1.366334677364025696e+00
1.097182661698324457e+00
-1.546142696353836499e+00
5.939822935926526437e-01
-1.572422785311475280e-01
-2.548211792672089304e-01
8.263309621190104703e-01
-3.501737311081958848e-01
-1.586706473076498591e+00
-3.875458570814087622e-01
4.607374814691619358e-01
-3.443082077713164879e-01
5.615538238146855488e-01
-7.111571943519923167e-02
-3.446825622623106988e-01
-2.965147741787819702e-01
-4.076674710235457799e-01
4.188572660273489623e-01
9.774078079087491489e-01
-4.761731369423446991e-01
2.413230974891002467e-01
-1.843441042406004926e-01
-6.755637467767729998e-01
1.046776448736078891e+00
-3.907161743979340462e-01
-1.263114481084716759e-02
1.672950308043029466e+00
9.152626873764444504e-01
-1.638262221914246419e+00
-4.554994291642270321e-01
-4.433620093230616899e-03
-7.063248687044899610e-01
1.063133629576329842e+00
6.042627361812736853e-01
6.214784786077828249e-01
9.479395575221807868e-02
-1.126466542802874449e-01
-7.529534675564008017e-01
-2.227360365204126003e-01
-3.769940051597449604e-01
-1.420249972642060321e+00
-1.431931451729567262e-01
1.044801163991038395e+00
2.247265076222216829e-01
-7.029403236120554399e-02
8.562731273129178255e-01
9.923277533483086943e-01
2.254978795814611470e+00
-2.766309452777152011e-01
1.491758908927611316e+00
-6.954081098242348435e-01
-1.201930840965148017e-01
-4.967242469090648038e-01
-3.677649585659408249e-01
1.656054057462247597e-01
5.539826950525981175e-01
1.206310195532488971e-01
5.329041281904745020e-01
4.319021053928900900e-01
-7.512322907042315867e-01
-2.123859295910872080e-01
7.688889483408083425e-01
-1.530782327385501240e+00
-6.689394633599556883e-01
5.682011644137670014e-01
-4.108216616962390155e-01
4.851597317029959777e-01
-6.648273788623085823e-01
1.068569788073629789e+00
4.337534851479792897e-01
9.419938443354995972e-01
-2.882117186807522935e-01
5.697432761567722270e-01
-5.490445872584210907e-01
-4.394092198858656206e-01
-3.715978554824402313e-01
2.052217014857777022e-01
1.281068979862915125e+00
1.945314383102103584e-01
4.418755479305268019e-01
-1.157904526386281316e-02
4.671180593039702122e-01
5.562596708440324944e-01
1.386870145914404162e+00
7.687990070007021115e-02
9.010910703637283747e-01
3.475029787620148580e-01
2.221158289069412817e+00
9.258874439865136252e-02
-7.125166532097749750e-01
-3.371469331366957478e-01
4.907772232939035528e-01
-2.785932877301957045e-01
-2.469060977658370959e+00
1.628770718527752903e+00
9.639927841575002265e-02
1.587129488843233571e-01
-7.015289703199498184e-02
1.413465191857124770e-01
-5.098505954720029543e-01
-1.602608752842026307e-01
-1.223896814433721669e+00
-5.159109216128254793e-01
1.619138327737806513e-02
5.492297603079578927e-01
-2.966890386316211603e-01
1.732938446404871158e+00
6.056478248024869115e-01
5.578279745375088750e-01
1.859925453956240149e-01
1.974594395930857893e-02
-3.863859845593043962e-01
1.889898261572218185e-01
-6.907237743663137142e-01
-8.515883251286490707e-02
-2.663816871319760748e-01
-2.873567630415064245e-01
9.471675811931845601e-01
1.713111567832865390e-01
-1.510196154676709535e-01
3.558177568753685960e-01
6.088366384455752393e-03
7.647815741249923693e-01
4.090146486464661668e-02
-1.153963550969534069e+00
7.231087739042555418e-01
1.618142484153061389e+00
4.080600915220057856e-01
4.865219704512746546e-02
6.774358146429011462e-01
-2.171833461643383756e-01
1.418515294356741840e+00
4.912852703444705593e-01
-5.233608911586787316e-02
-3.537224369473719321e-01
5.001047054828828414e-02
1.679317039556303404e-01
-1.285802708443359588e-01
4.866745177072128586e-02
3.784953739707364595e-01
1.346573829158066726e-01
-9.166062885262404869e-01
8.469989992617916741e-01
1.301465751284448080e+00
-2.221616504739634679e-01
-1.178849409405057780e-01
-3.420164319555372284e-02
4.866237360770794829e-01
-6.102872595300435909e-01
1.498666780829291112e-01
-1.500689063885899621e+00
-9.416619398837947075e-02
-3.563485665923137313e-01
3.732089885081653624e-01
-4.695833253122008166e-01
-7.488019889518676697e-01
8.262235177642573980e-01
-7.941787267263883399e-01
-1.234600531336511375e+00
4.555310205419982328e-01
-9.259526618054111924e-03
2.075120369728595260e-01
7.710266233832573091e-02
9.261175161765011765e-01
-9.066458284773283305e-01
8.236376818805013489e-03
3.661104944764770330e-01
8.448013935055884716e-01
-5.379978104837526143e-01
-7.218027159833595441e-02
-3.840814878820014711e-01
7.779143572320340594e-01
1.504908343146357796e-01
-2.570575612733313475e-01
1.532650703604219622e+00
-7.560096020468068945e-01
5.303744103960643663e-01
-9.600715333154792308e-01
4.486660797061177153e-01
