
0 64.735644 29.356595 14.455764
1 62.140891 33.471954 14.949661
2 62.441121 34.929075 18.137915
3 64.714746 39.365052 17.268757
4 69.533364 39.769208 16.9361
5 69.533364 39.690527 19.426164
6 82.558371 40.926797 23.20968
7 82.558371 46.085192 19.919999
8 82.558371 39.372473 25.848157
9 82.558371 41.023019 19.834645
10 82.558371 44.434554 19.187325
11 82.558371 44.707025 22.395297
12 82.558371 49.300392 20.843811
13 82.558371 47.740641 21.104565
14 82.558371 47.591002 21.097016
15 62.334196 49.373188 20.503881
16 62.858231 50.872857 18.418052
17 62.858231 52.679346 18.169272
18 62.858231 49.30453 18.477349
19 62.232757 54.715182 14.38448