-6.091849817972072589e-01
6.372238442484601251e-02
7.987945181678635098e-01
-1.447047093266584650e-01
7.447959002129254102e-01
1.461356979788035471e-01
-2.424197129908729487e-01
-6.506188456466805992e-01
-9.906483743884890725e-01
5.441371628588589360e-01
5.769294844336907424e-01
4.778358104192410583e-01
-5.327671085625007574e-01
5.871352718944453652e-01
2.564920190802653099e-01
5.968354694733848387e-01
-6.209555028552771194e-01
-1.781081889017266384e-02
4.395663095729243075e-01
-8.309220945654824941e-01
7.979928085943461813e-01
-4.902584950715438428e-01
1.631165477390768004e-01
5.549718459968395745e-01
4.746002915670919364e-01
-3.160492362287987689e-01
-3.197065706749353531e-01
-7.646379739430815281e-01
-2.674060379711866720e-01
6.137823594168130281e-01
2.216504115340578451e-03
