-5.743883351272549564e-01
-7.788328705228861892e-01
9.637566452883112866e-01
4.139404647344908095e-01
-3.155383139261990211e-01
7.900323510646659608e-01
7.121654286679369728e-01
1.965969796394009261e+00
-3.185458903707362177e-01
-7.109519550547230282e-02
-3.775166252773487496e-01
-3.370761613726096506e-01
6.419090951825474622e-01
-9.592241214325412102e-01
-4.023829893984415262e-01
-5.222255381559538501e-01
3.289598868783050190e-01
6.062890104662110868e-01
7.055762580856177468e-01
-3.717002064199027567e-01
1.779980800467576008e-01
-8.907968873769867013e-01
3.509933360065147223e-01
7.055379414549907136e-01
-3.613242385484912722e-01
7.142284037220915094e-01
-1.228016166922896169e-01
4.033904196440413203e-01
-1.212719079016709056e+00
-3.149809539593240171e-01
4.430800280717636652e-01
9.865089824260622198e-01
-9.230264717537988162e-01
-3.301228272869680125e-02
5.354904005815044332e-01
1.486731642039222367e-01
9.749591943937419014e-01
-4.876581323877804408e-01
9.235000337887593058e-02
-2.718841212337338442e-01
4.448500784987308720e-01
-6.143007609980757344e-01
7.907780378196866966e-01
6.037291234576815935e-01
-4.438983087811696482e-01
-4.504178706872875582e-01
8.033147017195556572e-01
-2.615476274305373883e-01
6.707390936391366409e-02
5.004286595187341646e-01
3.140593995869665755e-02
9.858680048422434616e-01
-1.349284518560375457e+00
-1.743452464502281418e-01
5.985796840085457760e-01
-4.110702210009788971e-01
3.237233245636982892e-01
-7.534351021052082542e-01
1.740443994017855378e-03
-2.508826192662383381e-02
-1.175914673254960796e+00
-2.933097435949781895e-01
2.836770611479507154e-01
9.984904122406796922e-01
-1.921609731179180214e-02
1.417222024095480815e-01
6.742912392025102175e-01
-5.460625968538932451e-01
2.861663059428892070e-02
2.241508174654910368e-01
7.167392053973036248e-01
1.460054131584537229e-01
-4.567119461414233528e-01
4.270672762919316967e-02
3.750187944692950914e-01
1.850521418513374206e-01
6.279676004769267905e-01
-7.680940865987763155e-01
1.362836184014507346e+00
2.234738789510378743e-01
3.536968466201156902e-01
-8.009377230502299216e-01
9.220965345405455205e-01
5.918401223715992199e-01
-1.269568848411700701e-02
3.459525875732591405e-01
-7.834767777631830299e-01
-9.294913204504903770e-02
-1.287237436582940209e+00
-5.903810923614245809e-02
-8.937686795093685577e-01
3.116196191959880180e-02
1.140749088226778118e+00
-7.330622040105341242e-01
4.307485617638097120e-01
-1.217113424625952511e+00
-5.983798758579088606e-01
-3.097213598794477107e-01
2.655387746895718215e-01
7.066847371001394595e-01
-7.935896398915445182e-01
4.402187271232849142e-01
6.428056053213038190e-01
3.754878728083136524e-02
5.094148113585593718e-01
9.343915142042440447e-01
3.691862371085888883e-01
-8.661656192645981189e-01
3.643874457175758641e-01
-2.768271593719023871e-02
-5.450700613737970990e-01
-8.359695453229580853e-01
-6.180693705375062130e-01
-3.589462856023413750e-01
-9.000518622394432233e-01
6.062987861756834462e-01
2.652107266862134827e-01
9.542909230386684705e-01
-1.276265453049051590e+00
9.382270414865503394e-01
-1.012133658233692390e+00
6.802475372088944150e-01
1.731463265660099504e-01
-2.444728183575199387e-01
1.332647268326183354e-01
1.237758528688410742e+00
9.319423079530306797e-01
-1.723489210947746209e-01
-7.651138195467117598e-01
-2.373101753401455627e-01
-6.444502040052793035e-01
9.218561778545366625e-01
-1.243296720861745808e+00
7.760002131100326439e-01
-3.107240866086106723e-01
-1.985612349890192307e-01
1.649217500481018339e-01
4.122369860641711958e-01
-5.469370991701392182e-01
1.291214305108089544e+00
-5.188394434247507458e-01
-1.070183298984551945e-01
2.635097708136681094e-01
3.100828475264524875e-02
1.854817446591961183e-01
3.448806365800443086e-01
6.239457962299446159e-01
-4.817221763763164244e-01
-4.927677900831352042e-01
-3.270823851132534932e-01
-6.954011862869331484e-01
-2.067344070857001781e-01
9.703302795218075039e-01
6.921391521097151056e-01
3.985539525503925540e-02
-5.073150524963800090e-02
-6.951360830260926438e-01
-6.626437750373304070e-01
8.459313030514927778e-01
-8.088800436592763488e-01
1.014154424627811135e+00
6.796389636410129498e-01
7.270280018966384095e-01
-6.035265671421700118e-01
1.024308249959542838e+00
4.755051036236019879e-01
6.624922376340613983e-01
-7.920665796763215472e-02
-1.766834495989894060e-01
5.092292188338839454e-01
-3.406473899522585724e-02
1.211103109333341310e-01
-1.232929413322235712e+00
-5.533372421096294236e-01
8.091709217002558407e-01
1.302726583300072571e-01
7.597690184559269255e-01
-7.641617065244760143e-01
-3.586919948786769785e-01
6.414043699953165811e-01
4.724153280869045624e-01
-4.025560151188772862e-01
-6.644450079282184785e-01
-9.310290691669378393e-01
-7.425703832247816383e-01
-3.185064577520802520e-01
-9.956788458251875085e-02
-4.476854214718642422e-01
-8.553428706558093841e-01
8.056566520431650558e-01
-4.505675526663961983e-01
-9.456577706678646056e-01
7.903954614756754093e-01
6.982738257453948716e-01
-9.515874014935058467e-01
2.051357164024980584e-01
5.517196939835047331e-01
-1.902214504713257703e-01
6.398569966457794411e-01
1.442383694905256530e-01
6.050029812081383906e-02
1.500922029200024155e-01
-1.119896592107519906e+00
5.724426557804901394e-01
-4.197880304099559368e-01
-8.444106233680017670e-01
-1.006064748690459032e+00
2.706114887577413253e-01
-4.282310929782621178e-01
-1.961968004938123011e-01
8.043262407142751091e-02
-5.120478206201117821e-01
-2.941426113814211707e-01
-3.479736191577382787e-01
-2.237711207546150827e-01
8.235793968520190023e-02
5.081843891132804825e-02
-4.511993706375994062e-01
7.996221639510777690e-01
1.649591628885624939e-01
-2.055387285059009361e-01
8.165026985675969406e-01
6.769012949912962540e-01
-4.084565853860380180e-01
5.848184838479232595e-02
-6.064026753276927639e-01
5.356952483722896563e-01
-8.223343631678033949e-01
-4.099869956266564142e-01
6.859390389911750319e-01
1.288287846237025080e-01
-5.046223258050662741e-01
-8.224756904605670105e-01
7.531434225281063988e-01
-9.849965471407500228e-01
-2.188366008078373726e-01
9.254045252009210909e-01
4.745142781703412527e-01
4.454376148401662516e-01
5.929209365791210384e-01
-1.083165875059061811e+00
3.362059737483814592e-01
8.883571027422758615e-01
4.291024093006357010e-01
-7.625231142456752043e-01
5.029908903770798911e-01
4.789233190178608934e-01
-1.037919045040205823e+00
-3.863329334724718844e-02
-1.200141594854023275e+00
1.132226815623828653e+00
-2.442332575839427367e-01
2.399103132793584392e-01
2.103913407448167738e-01
-5.056700264976072834e-01
4.803952451495516751e-01
2.096721868160459912e-01
-4.308255521135834210e-01
3.100078766075643477e-01
1.485438024728182871e-01
3.139350484647640549e-01
-4.529075830254567503e-01
-4.076969768536531369e-01
-3.666729838309917833e-01
-4.380253449736916105e-01
