
0 58.752819 7.310287 18.922782
1 56.528101 16.410343 21.12903
2 56.528101 24.548772 19.41844
3 56.528101 39.350444 14.034509
4 56.528101 43.788332 15.970894
5 56.528101 42.533099 17.798253
6 59.238282 46.151823 15.48468
7 62.48114 46.322617 17.395923
8 62.48114 51.600916 9.154568
9 62.48114 49.734014 14.590866
10 65.396213 45.351479 17.22583
11 65.631738 49.958652 15.273572
12 65.631738 54.333537 13.025477
13 66.896243 55.061 16.886361
14 68.075705 55.455004 17.191643
15 82.834799 52.455598 18.940721
16 66.896243 51.962616 19.068056
17 66.896243 53.277725 11.985941
18 80.13861 58.365495 10.458301
19 80.13861 59.506603 12.865131