5.342466696556420480e-01
5.321066315545224246e-01
2.034736084293271574e-01
-8.728724735069803842e-02
3.443694988130705514e-01
1.193066724726403738e-01
-7.693686691571399727e-02
-6.351195462344105813e-02
7.463007824739791296e-01
2.661583715596271826e-01
-1.298875515521682455e-01
-8.389475919196083264e-01
-5.586551858511428215e-01
-6.555163844833273856e-01
-2.849501085319294802e-02
-4.652734213615590253e-01
-9.945436705884047601e-01
8.891911391698752443e-01
6.176350850750944588e-02
4.476678037380175113e-01
-5.908543043004348405e-01
1.415604018647314000e-01
-3.053526470491749745e-01
-9.185375653623384373e-02
-5.574141627048680991e-01
2.637130199826718258e-01
2.409202896374875724e-01
7.896160808190366698e-01
-2.825140394965381940e-01
1.477382760508447745e-01
8.166751683033623976e-02
3.398488330616822317e-02
-5.239680714165859676e-01
4.206547735658139331e-02
-1.459308643848715725e-01
4.390164172978219259e-01
2.351843598797485058e-01
-3.442830429970769046e-01
6.352195732578074239e-01
9.006736828912633719e-01
-8.850023642237638821e-01
3.206441913897326579e-01
9.898134266769944567e-01
-9.844014247615318070e-01
-9.188712190802574842e-01
3.412245930794264304e-01
-1.262882697181628711e-01
1.547754112529762249e-01
-7.742571747746151978e-02
6.827015184004094905e-01
6.909998824347585167e-01
-9.792666691912177424e-01
-1.049454257899620213e-01
-8.252723134822637086e-02
-8.831366459080864928e-01
8.697148486415928748e-01
1.664442656449627300e-01
2.629721563552385177e-01
8.596535530975339956e-01
-4.679630892784751861e-01
1.629853109471834927e-01
-1.791955981042574475e-01
-5.209774357701526526e-01
-3.786029220172009158e-01
3.993054780005251825e-01
-7.366982112373137159e-01
-4.283470948223966346e-02
1.571299766169036438e-01
-9.204901605329876002e-01
-6.419576641672466444e-01
8.487193961776704487e-01
-5.561165336584212859e-01
-9.118155464794759357e-01
2.455876307520930002e-01
8.071508834146932099e-01
-5.599689672630552284e-01
6.970438198752557657e-01
-9.251986386983923616e-01
-4.663891238603419254e-01
-1.235273927607127842e-01
-6.886057197439259259e-01
8.607958626234519794e-01
-1.633900866376727379e-01
5.905756164567428357e-01
-7.910620639442007551e-01
-9.128765597563264222e-01
9.720906097842945126e-01
1.303423775441150401e-01
1.090562668691494874e-01
-1.502058876428358225e-01
-3.667850059443256150e-02
-8.448968584652465363e-01
9.508201861672138655e-01
9.787135164010281052e-01
5.624204690916301264e-01
-5.411919674545604408e-01
-4.492099755947522866e-01
-3.033933613586643485e-01
3.348052702011563575e-01
5.775301144647215779e-01
-8.988078541335147165e-01
5.789241829797815431e-01
-9.017515507182118917e-01
-5.994054318821051552e-01
-3.652070838752947690e-01
-9.210286083012515501e-01
7.794496840015956440e-01
-1.175016202979268787e-01
4.408496718470100717e-01
-4.839973382468321095e-01
6.326200633820129315e-01
-9.390507798703959796e-01
4.567395052927094579e-01
-3.665791429047602357e-01
-7.408858015114170303e-01
-7.966350053127480013e-01
-6.437283159884816808e-01
9.205484758157913561e-01
-8.298595228287251047e-01
7.207315786030870086e-01
-4.017056650219268388e-01
-7.519486509514172745e-01
9.635512882139467550e-01
3.271241639929760581e-01
8.264580805478258796e-01
1.744774653465730463e-01
-2.010611757456663984e-01
-3.851068095773308997e-01
-9.161779194902313073e-01
-9.014467020321410562e-01
8.893364178716705037e-01
8.725921985169908801e-01
4.050094134756960784e-01
-7.717478841242226828e-01
-6.155076690108376436e-01
2.911860429759265401e-01
5.274110455052998248e-01
-4.385969941797782656e-01
7.399260969787508913e-01
-8.260311716001880189e-01
9.799032449239959419e-01
9.632045783539724404e-01
5.508047157407525152e-01
-4.182893207250599765e-01
3.079200368347903005e-01
7.523330188220089809e-01
-9.853537844719102434e-01
-2.986613663608295166e-01
7.988226234108641854e-02
-3.210030242766610531e-01
7.325976580417448147e-02
-9.848703124259563513e-01
6.858937265657112370e-01
-8.012449850996783418e-02
7.290608170489751849e-01
2.216343223393331119e-01
-2.675918830655297231e-01
4.053351121080113195e-01
7.111395124773101095e-02
5.960220745925748353e-01
-7.820162020094330035e-01
-2.456741401283712989e-01
-3.732294000273528312e-03
-1.647548343554110506e-01
3.965020506761063324e-01
3.192184580916270775e-01
-1.439776271150994269e-02
2.830347394585197573e-01
3.242935865330029976e-01
9.970837320709549090e-01
5.906269695680654852e-01
1.134337838628545203e-01
8.485255204797976791e-01
-4.738946873535281323e-01
-1.848531802987696260e-01
-6.178853814330915739e-01
5.084081942257692166e-01
-7.828411740296183918e-01
1.788125999283769474e-01
1.921840437782968980e-01
4.890353419364450449e-01
-5.838480781210315662e-01
2.420396323028477514e-01
3.738448776748064528e-01
-8.108354803413317935e-01
3.647821967907356466e-01
1.396103204604102199e-01
-8.890966210782318413e-01
4.117390305971762032e-01
-4.413801523916418557e-01
9.588387253285832745e-01
-3.210713957790534145e-01
-4.167873619174087274e-01
7.162124548872292884e-01
8.457729675339407116e-01
-6.566172487024715121e-01
6.575870335765912067e-01
-5.789727533103132817e-01
5.914857084432523227e-01
-2.721282056158844664e-01
-9.106973898009560475e-01
-8.436481354703011526e-01
2.609026159447020987e-01
-4.321598137252782301e-01
-6.989111820099698225e-01
4.877576059890005311e-01
-4.115033092931781322e-01
2.669308962070964242e-01
-4.613222797832254862e-01
-6.503151745600668221e-01
-7.431399392867479303e-01
-8.855176298855194084e-02
5.937564696541022258e-01
7.459718175813900842e-01
8.520804811712867632e-01
7.268106979157586967e-01
-2.932115455859929387e-01
8.383366206540212584e-01
4.830961905051354144e-01
-8.879481083733902214e-01
-4.432332786884130016e-02
-1.364854103569070887e-01
5.932061848603884524e-01
-6.262405301119937651e-01
-9.108188831283587916e-01
-8.141764687207984075e-01
8.827363312300711140e-01
-6.107124104300420964e-01
7.675235710333536687e-01
3.374530974391385385e-01
-2.854198485036498756e-01
9.883417137842236411e-01
1.570407363951753510e-02
-4.802380991215458028e-01
4.399247510359052260e-01
5.725710178738363521e-01
-5.764353798747405833e-01
7.530520790589951829e-01
7.319187636283241982e-01
-8.418389909859187448e-01
8.378767360017878030e-01
-8.627497564766526406e-01
2.416507976907675825e-01
-4.538372881333943010e-01
5.477013695168131413e-01
9.143953526328381098e-01
5.474105040909302833e-01
-7.101440032098242927e-01
-9.345932936801171209e-02
8.068489521354011984e-01
7.891121173913944187e-01
4.015697546993710620e-01
-9.455269685746874320e-01
4.418082271773426939e-01
-1.476957060693038226e-01
-9.018102261226148553e-01
-6.328449305810417425e-01
2.810783011874216086e-01
9.128425479627333416e-02
-3.912342429477295713e-01
-4.482263009981257706e-01
-5.636711373727267826e-01
-4.644902538597375230e-01
-2.556380600207190934e-01
6.670632842723331901e-01
