7.958761545854513564e-01
-3.466373084904894597e-02
5.698380530033331226e-01
-3.440026579199302326e-01
5.282836471054785932e-02
4.410537501768789781e-01
5.098294273751602379e-01
7.355044124760792279e-01
-9.696783921085461166e-01
-1.547113468593070973e-01
-9.076869764157127207e-01
-6.837248210618911415e-01
7.541554707973316951e-01
8.724492034857260769e-01
-2.856919618193214383e-01
9.199496305541590147e-01
3.624198866150931675e-01
-6.574335917218736558e-01
-5.541474790338842826e-01
8.636607115847496630e-01
-3.633972390418964693e-01
1.048536892569724710e-01
-7.578856298563128036e-01
-4.891426408628507527e-01
-2.867600463426214219e-01
-2.276535933611565365e-01
9.348076974951273765e-01
3.570824307502777906e-01
1.042578894213856966e-01
-4.063463246346197266e-01
-1.322193523896395551e-01
3.249958910219861163e-01
1.819440014073336886e-01
1.561221125867722215e-01
8.280646985812867289e-01
-5.952764854828835883e-01
6.857029049564329348e-01
-9.534307399432973007e-02
6.703268350081641458e-01
5.643437094807273180e-01
-2.571326698753877427e-01
-3.625960506121990168e-01
-1.207898795227846378e-02
-6.297274739195701798e-02
-2.902087712368366379e-01
-1.391162495189290915e-01
-3.635202036512339419e-01
4.879986635924367100e-01
-4.006051031488526704e-01
-7.423086140700709823e-01
2.766079132220160552e-01
-9.534540504366439961e-02
-4.958197693207346823e-01
-3.780849540241471018e-02
1.177820935499969135e-01
-9.339915661012998527e-01
8.878809048089144618e-01
-7.253154373876584682e-01
-6.464037922553644844e-01
-4.039670917699689223e-01
9.563174298756644820e-01
-8.219016448112230755e-01
-2.863157317376658906e-01
-2.376411574732288923e-01
-1.979109415314772580e-01
2.096690659852602501e-01
-2.258555931240358028e-01
7.437807639089093481e-01
6.414286464419780565e-01
1.635520357824800097e-01
4.750283882463126606e-01
-8.158299085850180266e-01
3.215486847972746087e-01
-4.992952814215900759e-02
-4.048210661270974509e-01
4.584639095826581467e-01
5.378889474828285611e-01
-5.234654000598681911e-02
-6.355080669684143313e-01
-6.386983577718656768e-01
1.581122543800119740e-01
-7.942307596776436718e-01
-4.225101985962798068e-01
-9.068103737832844402e-01
3.012814076432364097e-01
8.046364155015806041e-01
-2.243250174396940189e-01
-2.785931579747631393e-01
3.470187532822202048e-01
7.285258693973042377e-01
-8.522772943543914792e-01
-8.125399907069394967e-01
-7.395259578302275649e-01
-6.331581219984188103e-01
-3.587820113962512103e-01
9.575620463846876707e-01
-9.425215452477846423e-01
-2.645979647865179807e-01
-9.386524722764579831e-01
3.097657534467035401e-01
1.885501891637058058e-01
1.112288774822434156e-02
-1.598385511476803078e-01
6.862591484543008047e-01
-6.881521019972973718e-01
4.160358210995038775e-01
8.222197597688503112e-01
-1.639747021735524779e-01
9.986252220945404101e-01
7.344586654998366271e-01
4.433332908068885470e-01
4.870218263381655976e-01
2.165606775141883933e-01
9.791989684364035273e-01
-9.741579886978941616e-01
-4.221150152882973128e-01
6.415464866928093368e-01
8.889295539775041721e-01
-5.417355495474929228e-01
-2.011239310008334780e-01
3.265464563530053876e-01
-9.089396826857436551e-01
5.430852886888917208e-01
5.988614925400714828e-01
-9.707388999941846119e-01
-8.815338759741091490e-01
8.812498052401140924e-01
-6.513139914531425045e-01
9.053156209809247734e-01
-7.840523332112672161e-01
5.331497772443969385e-01
7.114857954964204367e-01
5.686491856547593038e-02
-2.663541212851625595e-01
5.803463221584084231e-01
-3.795489798657292191e-01
-3.911108489267840493e-01
-5.758685891001880108e-01
2.156726915966826752e-01
4.432159258408148172e-01
-7.908089387078753862e-01
9.186454310331004791e-02
-7.307347024025854232e-01
8.057471142396834818e-01
8.165852053174089686e-01
9.310334669790814033e-01
3.256493058787117700e-01
-5.666972183014051812e-01
2.018393315698698842e-01
2.100065408575337855e-01
4.092058169884407182e-01
-2.352284154534056704e-02
8.277938497444556898e-01
-1.728456666757820503e-01
-6.164488481671126507e-02
-3.561092920320005906e-01
-1.249958167617464255e-01
-2.403197912061538766e-01
6.095818112387874077e-01
-1.286152408148204529e-01
2.283396490077957974e-01
5.034131334025848670e-01
-1.049439393468185600e-01
2.052365471417907372e-01
-4.011824664466403512e-01
4.977233941430934117e-01
9.352968757295447855e-01
-6.454339393433810024e-01
-3.165815632762509768e-01
7.174006751178167995e-01
-3.351971668904942803e-01
-5.835609372016061780e-01
-2.645741728954229544e-01
9.116640521082723936e-01
2.357181849035745458e-01
-1.934973200232130708e-01
7.239580843122850329e-01
4.325646155127396142e-01
-5.486966316048143000e-01
7.572969235734872129e-02
7.397631175538921244e-01
-6.819856778760677862e-01
-1.441043154466454812e-01
-6.948883337205400412e-01
-7.877307954393562017e-01
7.242010542773114068e-02
-3.695635196687174773e-01
3.611027767406804756e-01
-1.606333793486471873e-01
-1.798367443965034340e-01
9.697575806165503742e-01
5.678805372782309568e-01
4.730075544516676445e-02
-6.745771865244853949e-02
9.515403627686991328e-03
7.296466222531505785e-01
-8.955749665093239997e-01
2.015376389642478117e-01
7.372408392240274999e-01
3.196635090964821124e-01
-1.510488292365197438e-01
-8.167315818451803544e-01
-6.581161001394075782e-01
-4.517935829747683485e-01
8.923137723658574050e-01
3.646523090600206629e-01
4.824290564856044128e-01
-1.747534394546801373e-02
9.262456620321135592e-01
-6.336196974004244531e-01
-1.571114731777143447e-01
-4.095515088298062878e-01
-4.789233751941877060e-01
-4.123571630422799839e-01
8.799856131041090546e-01
-7.860157683890838243e-01
8.900331360999476082e-01
1.030943870562293085e-01
6.255663169517324818e-01
-5.617167854591107456e-01
2.084064439936479385e-01
-5.034931081118516616e-01
4.265218399297914242e-01
8.098219767356700238e-01
3.350155348125771759e-02
1.476921471573449107e-01
-9.039726440427338083e-01
8.777635862370936071e-01
-3.472963593310940400e-01
-6.388945176786222646e-01
2.272500638900099013e-01
-8.129580468759562972e-01
-9.856437642962649903e-01
9.646984441423887002e-01
7.254732068811982071e-01
-4.539134473741011089e-01
9.588480947656401465e-01
3.371989393780931987e-01
8.112599763043770729e-01
-2.197503858987397418e-01
-5.311802983314803939e-01
6.865800960508794404e-01
-3.969932027565894472e-01
6.697505184400927014e-01
3.407977534776769346e-01
-6.790852658755832660e-01
-4.061808250043699164e-01
-6.304868023604679461e-01
-5.167713825998041521e-01
-7.051671344219239135e-01
3.975000249312170553e-01
-6.742026726938163961e-01
-6.029269046374869934e-01
1.441324743099436922e-01
-5.795765916720900801e-01
-5.151354243532739741e-01
1.869259913820764396e-02
-4.481486354115602477e-01
1.541277499098503423e-01
1.472322103226078038e-01
-5.277714877068768740e-01
7.061463152075171390e-01
-1.990907803954256039e-02
2.290034477880307229e-01
2.713590589229777361e-01
